0.000 0.000 0.000 0.000 0.000 0.000 0.000 0.000 0.000 0.000 0.000 0.000 0.000 0.000 0.000 0.000 0.000 0.000 0.000 0.000 0.000 0.000 0.000 0.000 0.000 0.000 0.000 0.000 0.000 0.000 0.000 0.000 0.000 0.000 0.000
2151360.000 1984032.000 2067696.000 1840608.000 1840608.000 1840608.000 1840608.000 1840608.000 1840608.000 1840608.000 1840608.000 1840608.000 1840608.000 1840608.000 1840608.000 1840608.000 1840608.000 1840608.000 1840608.000 1840608.000 1840608.000 1840608.000 1840608.000 1840608.000 1840608.000 1840608.000 1840608.000 1840608.000 1840608.000 1840608.000 1840608.000 1840608.000 0.000 0.000 59580720.000
3585600.000 2390400.000 3466080.000 2151360.000 2151360.000 2151360.000 2151360.000 2151360.000 2151360.000 2151360.000 2151360.000 2151360.000 2151360.000 2151360.000 2151360.000 2151360.000 2151360.000 2151360.000 2151360.000 2151360.000 2151360.000 2151360.000 2151360.000 2151360.000 2151360.000 2151360.000 2151360.000 2151360.000 2151360.000 2151360.000 2151360.000 2151360.000 0.000 0.000 71831520.000
4864464.000 2390400.000 4792752.000 2151360.000 2151360.000 2151360.000 2151360.000 2151360.000 2151360.000 2151360.000 2151360.000 2151360.000 2151360.000 2151360.000 2151360.000 2151360.000 2151360.000 2151360.000 2151360.000 2151360.000 2151360.000 2151360.000 2151360.000 2151360.000 2151360.000 2151360.000 2151360.000 2151360.000 2151360.000 2151360.000 2151360.000 2151360.000 0.000 0.000 74437056.000
6095520.000 2390400.000 5976000.000 2151360.000 2151360.000 2151360.000 2151360.000 2151360.000 2151360.000 2151360.000 2151360.000 2151360.000 2151360.000 2151360.000 2151360.000 2151360.000 2151360.000 2151360.000 2151360.000 2151360.000 2151360.000 2151360.000 2151360.000 2151360.000 2151360.000 2151360.000 2151360.000 2151360.000 2151360.000 2151360.000 2151360.000 2151360.000 0.000 0.000 76851360.000
7278768.000 2390400.000 6776784.000 2151360.000 2151360.000 2151360.000 2151360.000 2151360.000 2151360.000 2151360.000 2127456.000 2127456.000 2127456.000 2127456.000 2127456.000 2127456.000 2127456.000 2127456.000 2127456.000 2127456.000 2127456.000 2127456.000 2127456.000 2127456.000 2127456.000 2127456.000 2127456.000 2127456.000 2127456.000 2127456.000 2127456.000 2151360.000 7852464.000 0.000 86185872.000
7649280.000 2390400.000 7900272.000 2103552.000 2103552.000 2103552.000 2103552.000 2103552.000 2103552.000 2103552.000 2127456.000 2127456.000 2127456.000 2103552.000 2103552.000 2103552.000 2103552.000 2103552.000 2103552.000 2103552.000 2103552.000 2103552.000 2103552.000 2103552.000 2103552.000 2103552.000 2103552.000 2103552.000 2103552.000 2103552.000 2103552.000 2103552.000 20987712.000 0.000 100002384.000
7649280.000 2390400.000 8928144.000 2103552.000 2103552.000 2103552.000 2103552.000 2103552.000 2103552.000 2103552.000 2103552.000 2103552.000 2103552.000 2127456.000 2127456.000 2127456.000 2127456.000 2103552.000 2103552.000 2103552.000 2103552.000 2103552.000 2103552.000 2103552.000 2103552.000 2103552.000 2103552.000 2103552.000 2103552.000 2103552.000 2103552.000 2103552.000 19923984.000 0.000 99990432.000
8127360.000 2390400.000 9836496.000 2151360.000 2151360.000 2151360.000 2151360.000 2151360.000 2151360.000 2127456.000 2127456.000 2127456.000 2127456.000 2127456.000 2127456.000 2127456.000 2127456.000 2151360.000 2151360.000 2151360.000 2151360.000 2151360.000 2151360.000 2151360.000 2151360.000 2151360.000 2151360.000 2151360.000 2151360.000 2151360.000 2151360.000 2151360.000 12179088.000 0.000 94731552.000
9406224.000 2366496.000 10948032.000 2127456.000 2127456.000 2127456.000 2127456.000 2127456.000 2127456.000 2151360.000 2151360.000 2151360.000 2151360.000 2151360.000 2151360.000 2151360.000 2151360.000 2151360.000 2151360.000 2151360.000 2151360.000 2151360.000 2151360.000 2151360.000 2151360.000 2151360.000 2151360.000 2151360.000 2151360.000 2151360.000 2139408.000 2127456.000 12406176.000 0.000 97337088.000
10589472.000 2366496.000 12107376.000 2127456.000 2127456.000 2127456.000 2127456.000 2127456.000 2127456.000 2127456.000 2127456.000 2127456.000 2127456.000 2127456.000 2127456.000 2127456.000 2127456.000 2127456.000 2127456.000 2127456.000 2127456.000 2127456.000 2127456.000 2127456.000 2127456.000 2127456.000 2127456.000 2127456.000 2127456.000 2115504.000 2115504.000 2127456.000 12967920.000 0.000 99703584.000
10661184.000 2366496.000 12621312.000 2103552.000 2103552.000 2103552.000 2103552.000 2103552.000 2103552.000 2103552.000 2103552.000 2103552.000 2103552.000 2103552.000 2103552.000 2103552.000 2103552.000 2103552.000 2103552.000 2103552.000 2103552.000 2103552.000 2103552.000 2103552.000 2103552.000 2103552.000 2103552.000 2103552.000 2103552.000 2115504.000 2127456.000 2115504.000 13302576.000 0.000 100002384.000
10720944.000 2342592.000 12430080.000 2127456.000 2127456.000 2127456.000 2127456.000 2127456.000 2127456.000 2127456.000 2127456.000 2127456.000 2127456.000 2127456.000 2127456.000 2127456.000 2127456.000 2127456.000 2127456.000 2127456.000 2127456.000 2127456.000 2127456.000 2127456.000 2127456.000 2127456.000 2127456.000 2127456.000 2127456.000 2127456.000 2127456.000 2115504.000 12824496.000 0.000 100002384.000
10541664.000 2270880.000 12214944.000 2151360.000 2151360.000 2151360.000 2151360.000 2151360.000 2151360.000 2151360.000 2151360.000 2151360.000 2151360.000 2151360.000 2151360.000 2151360.000 2151360.000 2151360.000 2151360.000 2151360.000 2151360.000 2151360.000 2151360.000 2151360.000 2151360.000 2151360.000 2151360.000 2151360.000 2151360.000 2151360.000 2151360.000 2151360.000 12573504.000 0.000 99990432.000
10744848.000 2390400.000 12238848.000 2127456.000 2127456.000 2127456.000 2127456.000 2127456.000 2127456.000 2127456.000 2127456.000 2127456.000 2127456.000 2127456.000 2139408.000 2151360.000 2151360.000 2151360.000 2151360.000 2151360.000 2151360.000 2151360.000 2151360.000 2151360.000 2151360.000 2151360.000 2151360.000 2151360.000 2127456.000 2127456.000 2127456.000 2151360.000 12585456.000 0.000 100002384.000
11270736.000 2390400.000 12884256.000 2127456.000 2151360.000 2151360.000 2151360.000 2151360.000 2151360.000 2151360.000 2151360.000 2151360.000 2151360.000 2151360.000 2139408.000 2127456.000 2127456.000 2127456.000 2127456.000 2127456.000 2127456.000 2127456.000 2127456.000 2127456.000 2127456.000 2127456.000 2127456.000 2127456.000 2127456.000 2127456.000 2127456.000 2127456.000 8856432.000 0.000 97349040.000
12430080.000 2390400.000 14067504.000 2151360.000 2151360.000 2151360.000 2151360.000 2151360.000 2151360.000 2151360.000 2151360.000 2151360.000 2127456.000 2127456.000 2127456.000 2127456.000 2127456.000 2127456.000 2127456.000 2127456.000 2127456.000 2127456.000 2127456.000 2127456.000 2127456.000 2127456.000 2127456.000 2127456.000 2151360.000 2151360.000 2151360.000 2151360.000 8139312.000 0.000 99034272.000
13039632.000 2390400.000 14689008.000 2127456.000 2091600.000 2103552.000 2103552.000 2103552.000 2103552.000 2103552.000 2103552.000 2103552.000 2127456.000 2127456.000 2127456.000 2127456.000 2127456.000 2127456.000 2115504.000 2103552.000 2103552.000 2103552.000 2103552.000 2103552.000 2103552.000 2103552.000 2103552.000 2103552.000 2103552.000 2103552.000 2103552.000 2103552.000 8713008.000 0.000 100002384.000
12991824.000 2366496.000 14210928.000 2103552.000 2115504.000 2103552.000 2103552.000 2103552.000 2103552.000 2103552.000 2103552.000 2103552.000 2103552.000 2103552.000 2103552.000 2103552.000 2103552.000 2103552.000 2115504.000 2127456.000 2127456.000 2127456.000 2127456.000 2127456.000 2103552.000 2103552.000 2103552.000 2103552.000 2103552.000 2103552.000 2103552.000 2103552.000 9274752.000 0.000 99990432.000
13099392.000 2342592.000 13577472.000 2103552.000 2103552.000 2103552.000 2103552.000 2103552.000 2103552.000 2103552.000 2103552.000 2103552.000 2103552.000 2103552.000 2103552.000 2103552.000 2103552.000 2103552.000 2103552.000 2103552.000 2103552.000 2103552.000 2103552.000 2103552.000 2127456.000 2127456.000 2127456.000 2127456.000 2127456.000 2103552.000 2103552.000 2103552.000 9860400.000 0.000 100002384.000
13039632.000 2366496.000 13111344.000 2127456.000 2127456.000 2127456.000 2127456.000 2127456.000 2127456.000 2103552.000 2103552.000 2103552.000 2103552.000 2103552.000 2103552.000 2103552.000 2103552.000 2103552.000 2103552.000 2103552.000 2103552.000 2103552.000 2103552.000 2103552.000 2103552.000 2103552.000 2103552.000 2103552.000 2103552.000 2127456.000 2127456.000 2127456.000 10266768.000 0.000 100002384.000
12430080.000 2366496.000 12442032.000 2127456.000 2127456.000 2127456.000 2127456.000 2127456.000 2127456.000 2151360.000 2151360.000 2151360.000 2151360.000 2151360.000 2151360.000 2151360.000 2151360.000 2151360.000 2151360.000 2151360.000 2151360.000 2151360.000 2151360.000 2151360.000 2151360.000 2151360.000 2151360.000 2151360.000 2151360.000 2151360.000 2151360.000 2127456.000 10541664.000 0.000 100002384.000
12131280.000 2270880.000 12119328.000 2151360.000 2151360.000 2151360.000 2151360.000 2151360.000 2151360.000 2151360.000 2151360.000 2151360.000 2151360.000 2151360.000 2151360.000 2151360.000 2151360.000 2151360.000 2151360.000 2151360.000 2151360.000 2151360.000 2151360.000 2151360.000 2151360.000 2151360.000 2151360.000 2151360.000 2151360.000 2151360.000 2151360.000 2151360.000 11091456.000 0.000 100002384.000
12023712.000 2390400.000 12035664.000 2127456.000 2127456.000 2127456.000 2127456.000 2127456.000 2127456.000 2127456.000 2127456.000 2127456.000 2127456.000 2127456.000 2127456.000 2127456.000 2127456.000 2127456.000 2127456.000 2127456.000 2127456.000 2127456.000 2127456.000 2127456.000 2127456.000 2127456.000 2127456.000 2127456.000 2127456.000 2127456.000 2127456.000 2151360.000 11820528.000 0.000 99990432.000
12155184.000 2390400.000 12155184.000 2103552.000 2103552.000 2103552.000 2103552.000 2127456.000 2127456.000 2127456.000 2127456.000 2103552.000 2103552.000 2103552.000 2103552.000 2103552.000 2103552.000 2103552.000 2103552.000 2103552.000 2103552.000 2103552.000 2103552.000 2103552.000 2103552.000 2103552.000 2103552.000 2103552.000 2103552.000 2103552.000 2103552.000 2103552.000 12202992.000 0.000 100002384.000
10410192.000 2390400.000 10625328.000 2127456.000 2127456.000 2127456.000 2103552.000 2103552.000 2103552.000 2103552.000 2103552.000 2127456.000 2127456.000 2127456.000 2127456.000 2115504.000 2103552.000 2103552.000 2103552.000 2103552.000 2103552.000 2103552.000 2103552.000 2103552.000 2103552.000 2103552.000 2103552.000 2103552.000 2103552.000 2103552.000 2103552.000 2103552.000 8701056.000 6693120.000 100002384.000
9776736.000 2342592.000 10015776.000 2103552.000 2103552.000 2103552.000 2127456.000 2103552.000 2103552.000 2103552.000 2103552.000 2103552.000 2103552.000 2103552.000 2103552.000 2115504.000 2127456.000 2127456.000 2127456.000 2127456.000 2115504.000 2103552.000 2103552.000 2103552.000 2103552.000 2103552.000 2103552.000 2103552.000 2103552.000 2103552.000 2103552.000 2103552.000 6776784.000 9944064.000 100002384.000
9752832.000 2366496.000 9872352.000 2103552.000 2103552.000 2103552.000 2103552.000 2103552.000 2103552.000 2103552.000 2103552.000 2103552.000 2103552.000 2103552.000 2103552.000 2103552.000 2103552.000 2103552.000 2103552.000 2103552.000 2115504.000 2127456.000 2127456.000 2127456.000 2127456.000 2127456.000 2127456.000 2127456.000 2127456.000 2127456.000 2127456.000 2127456.000 7338528.000 9394272.000 100002384.000
9597456.000 2366496.000 9884304.000 2127456.000 2127456.000 2127456.000 2127456.000 2127456.000 2127456.000 2127456.000 2127456.000 2127456.000 2127456.000 2127456.000 2127456.000 2127456.000 2127456.000 2127456.000 2127456.000 2127456.000 2127456.000 2127456.000 2127456.000 2127456.000 2127456.000 2127456.000 2127456.000 2127456.000 2127456.000 2127456.000 2127456.000 2103552.000 7852464.000 8617392.000 99990432.000
9059616.000 2246976.000 9071568.000 2151360.000 2151360.000 2151360.000 2151360.000 2151360.000 2151360.000 2151360.000 2151360.000 2151360.000 2151360.000 2151360.000 2151360.000 2151360.000 2151360.000 2151360.000 2151360.000 2151360.000 2151360.000 2151360.000 2151360.000 2151360.000 2151360.000 2151360.000 2151360.000 2151360.000 2151360.000 2151360.000 2151360.000 2151360.000 8163216.000 9071568.000 100002384.000
8916192.000 2390400.000 8916192.000 2127456.000 2115504.000 2127456.000 2127456.000 2127456.000 2127456.000 2127456.000 2127456.000 2151360.000 2127456.000 2151360.000 2151360.000 2151360.000 2151360.000 2151360.000 2151360.000 2151360.000 2151360.000 2151360.000 2151360.000 2151360.000 2151360.000 2151360.000 2151360.000 2151360.000 2151360.000 2151360.000 2151360.000 2139408.000 8713008.000 8916192.000 100002384.000
9095472.000 2390400.000 9095472.000 2115504.000 2115504.000 2127456.000 2127456.000 2127456.000 2127456.000 2127456.000 2127456.000 2103552.000 2127456.000 2103552.000 2103552.000 2103552.000 2103552.000 2103552.000 2103552.000 2103552.000 2103552.000 2103552.000 2103552.000 2103552.000 2103552.000 2103552.000 2103552.000 2103552.000 2103552.000 2103552.000 2103552.000 2115504.000 9107424.000 9107424.000 100002384.000
9131328.000 2390400.000 9131328.000 2115504.000 2139408.000 2115504.000 2103552.000 2103552.000 2103552.000 2103552.000 2103552.000 2103552.000 2103552.000 2103552.000 2103552.000 2103552.000 2103552.000 2103552.000 2103552.000 2103552.000 2103552.000 2103552.000 2103552.000 2103552.000 2103552.000 2103552.000 2103552.000 2103552.000 2103552.000 2103552.000 2103552.000 2127456.000 9131328.000 9131328.000 100002384.000
9442080.000 2366496.000 9597456.000 2127456.000 2115504.000 2115504.000 2103552.000 2127456.000 2127456.000 2127456.000 2127456.000 2127456.000 2127456.000 2127456.000 2127456.000 2127456.000 2127456.000 2127456.000 2127456.000 2127456.000 2127456.000 2127456.000 2127456.000 2127456.000 2127456.000 2127456.000 2127456.000 2127456.000 2127456.000 2127456.000 2127456.000 2103552.000 6860448.000 9908208.000 99799200.000
10015776.000 2366496.000 10398240.000 2127456.000 2127456.000 2127456.000 2151360.000 2127456.000 2127456.000 2127456.000 2115504.000 2103552.000 2103552.000 2103552.000 2103552.000 2103552.000 2103552.000 2103552.000 2103552.000 2103552.000 2103552.000 2103552.000 2103552.000 2103552.000 2103552.000 2103552.000 2103552.000 2103552.000 2103552.000 2103552.000 2103552.000 2127456.000 5653296.000 10242864.000 99906768.000
10386288.000 2378448.000 11067552.000 2127456.000 2127456.000 2127456.000 2127456.000 2127456.000 2127456.000 2127456.000 2139408.000 2151360.000 2151360.000 2151360.000 2151360.000 2151360.000 2151360.000 2151360.000 2151360.000 2151360.000 2151360.000 2151360.000 2151360.000 2151360.000 2151360.000 2151360.000 2151360.000 2151360.000 2151360.000 2151360.000 2151360.000 2127456.000 6226992.000 6489936.000 98735472.000
11163168.000 2354544.000 11509776.000 2127456.000 2127456.000 2127456.000 2127456.000 2127456.000 2127456.000 2127456.000 2127456.000 2127456.000 2127456.000 2115504.000 2103552.000 2103552.000 2103552.000 2103552.000 2103552.000 2103552.000 2103552.000 2103552.000 2103552.000 2103552.000 2103552.000 2103552.000 2103552.000 2103552.000 2103552.000 2103552.000 2103552.000 2127456.000 6800688.000 6896304.000 100002384.000
10756800.000 2366496.000 10744848.000 2127456.000 2127456.000 2127456.000 2127456.000 2127456.000 2127456.000 2127456.000 2127456.000 2127456.000 2127456.000 2139408.000 2151360.000 2151360.000 2151360.000 2151360.000 2151360.000 2151360.000 2151360.000 2151360.000 2151360.000 2151360.000 2151360.000 2151360.000 2151360.000 2151360.000 2151360.000 2151360.000 2151360.000 2127456.000 7135344.000 6884352.000 100002384.000
10410192.000 2270880.000 10386288.000 2151360.000 2151360.000 2151360.000 2151360.000 2151360.000 2151360.000 2151360.000 2151360.000 2151360.000 2151360.000 2151360.000 2151360.000 2151360.000 2151360.000 2151360.000 2151360.000 2151360.000 2151360.000 2151360.000 2151360.000 2151360.000 2151360.000 2151360.000 2151360.000 2151360.000 2151360.000 2151360.000 2151360.000 2151360.000 7470000.000 7075584.000 100002384.000
10350432.000 2390400.000 10374336.000 2103552.000 2103552.000 2103552.000 2103552.000 2103552.000 2103552.000 2103552.000 2103552.000 2127456.000 2127456.000 2127456.000 2103552.000 2127456.000 2127456.000 2127456.000 2127456.000 2127456.000 2127456.000 2127456.000 2127456.000 2127456.000 2127456.000 2127456.000 2127456.000 2127456.000 2127456.000 2127456.000 2103552.000 2127456.000 8354448.000 7075584.000 100002384.000
9944064.000 2390400.000 9920160.000 2103552.000 2115504.000 2127456.000 2103552.000 2127456.000 2127456.000 2127456.000 2127456.000 2103552.000 2103552.000 2103552.000 2127456.000 2103552.000 2103552.000 2103552.000 2103552.000 2103552.000 2103552.000 2103552.000 2103552.000 2103552.000 2103552.000 2103552.000 2091600.000 2079648.000 2079648.000 2079648.000 2103552.000 2103552.000 8999856.000 7661232.000 99990432.000
9107424.000 2390400.000 9107424.000 2127456.000 2115504.000 2103552.000 2103552.000 2103552.000 2103552.000 2103552.000 2103552.000 2103552.000 2103552.000 2103552.000 2103552.000 2103552.000 2103552.000 2103552.000 2103552.000 2103552.000 2103552.000 2103552.000 2103552.000 2103552.000 2103552.000 2103552.000 2115504.000 2127456.000 2127456.000 2127456.000 2127456.000 2115504.000 9549648.000 8689104.000 100002384.000
9250848.000 2366496.000 9250848.000 2127456.000 2127456.000 2127456.000 2151360.000 2127456.000 2127456.000 2127456.000 2127456.000 2127456.000 2127456.000 2127456.000 2127456.000 2127456.000 2127456.000 2127456.000 2127456.000 2127456.000 2127456.000 2127456.000 2127456.000 2127456.000 2127456.000 2127456.000 2127456.000 2127456.000 2127456.000 2127456.000 2127456.000 2115504.000 9956016.000 7087536.000 99619920.000
9920160.000 2342592.000 10063584.000 2127456.000 2127456.000 2127456.000 2127456.000 2127456.000 2127456.000 2127456.000 2127456.000 2127456.000 2127456.000 2127456.000 2127456.000 2127456.000 2127456.000 2127456.000 2127456.000 2127456.000 2115504.000 2103552.000 2103552.000 2103552.000 2103552.000 2103552.000 2103552.000 2103552.000 2103552.000 2103552.000 2103552.000 2127456.000 10230912.000 5999904.000 100002384.000
9991872.000 2366496.000 10230912.000 2103552.000 2103552.000 2103552.000 2103552.000 2103552.000 2103552.000 2103552.000 2103552.000 2103552.000 2103552.000 2103552.000 2103552.000 2103552.000 2103552.000 2103552.000 2103552.000 2103552.000 2115504.000 2127456.000 2127456.000 2127456.000 2127456.000 2127456.000 2127456.000 2127456.000 2127456.000 2127456.000 2127456.000 2103552.000 9991872.000 6167232.000 100002384.000
9776736.000 2366496.000 10063584.000 2151360.000 2151360.000 2151360.000 2151360.000 2151360.000 2151360.000 2151360.000 2151360.000 2151360.000 2151360.000 2151360.000 2151360.000 2151360.000 2151360.000 2151360.000 2151360.000 2151360.000 2151360.000 2151360.000 2151360.000 2151360.000 2151360.000 2151360.000 2151360.000 2151360.000 2151360.000 2151360.000 2151360.000 2151360.000 7995888.000 6226992.000 98819136.000
10529712.000 2342592.000 11115360.000 2151360.000 2151360.000 2151360.000 2151360.000 2151360.000 2151360.000 2151360.000 2151360.000 2151360.000 2151360.000 2151360.000 2151360.000 2151360.000 2151360.000 2151360.000 2151360.000 2151360.000 2151360.000 2151360.000 2151360.000 2151360.000 2151360.000 2151360.000 2151360.000 2151360.000 2151360.000 2151360.000 2151360.000 2151360.000 6023808.000 6334560.000 98735472.000
11055600.000 2318688.000 11258784.000 2151360.000 2151360.000 2151360.000 2151360.000 2151360.000 2151360.000 2151360.000 2151360.000 2151360.000 2151360.000 2151360.000 2151360.000 2151360.000 2151360.000 2151360.000 2151360.000 2151360.000 2151360.000 2151360.000 2151360.000 2151360.000 2151360.000 2151360.000 2151360.000 2151360.000 2151360.000 2151360.000 2151360.000 2151360.000 6298704.000 6669216.000 99990432.000
10649232.000 2390400.000 10613376.000 2103552.000 2079648.000 2103552.000 2103552.000 2103552.000 2127456.000 2127456.000 2103552.000 2115504.000 2127456.000 2127456.000 2127456.000 2127456.000 2127456.000 2127456.000 2127456.000 2127456.000 2127456.000 2127456.000 2127456.000 2127456.000 2127456.000 2127456.000 2127456.000 2127456.000 2127456.000 2127456.000 2127456.000 2127456.000 7183152.000 7649280.000 100002384.000
9705024.000 2390400.000 9716976.000 2103552.000 2127456.000 2127456.000 2127456.000 2115504.000 2091600.000 2103552.000 2127456.000 2115504.000 2103552.000 2103552.000 2103552.000 2103552.000 2103552.000 2103552.000 2103552.000 2103552.000 2103552.000 2103552.000 2103552.000 2103552.000 2103552.000 2103552.000 2103552.000 2103552.000 2103552.000 2103552.000 2103552.000 2115504.000 7828560.000 9238896.000 100002384.000
9764784.000 2390400.000 9716976.000 2139408.000 2127456.000 2127456.000 2103552.000 2115504.000 2115504.000 2103552.000 2103552.000 2103552.000 2103552.000 2103552.000 2103552.000 2103552.000 2103552.000 2103552.000 2103552.000 2103552.000 2103552.000 2103552.000 2103552.000 2103552.000 2103552.000 2103552.000 2103552.000 2103552.000 2103552.000 2103552.000 2103552.000 2115504.000 8282736.000 8724960.000 100002384.000
9179136.000 2342592.000 9179136.000 2115504.000 2127456.000 2103552.000 2127456.000 2127456.000 2127456.000 2127456.000 2127456.000 2127456.000 2127456.000 2127456.000 2115504.000 2103552.000 2103552.000 2103552.000 2103552.000 2103552.000 2103552.000 2103552.000 2103552.000 2103552.000 2103552.000 2103552.000 2103552.000 2103552.000 2103552.000 2103552.000 2103552.000 2103552.000 8868384.000 9191088.000 100002384.000
9513792.000 2342592.000 9477936.000 2103552.000 2103552.000 2103552.000 2103552.000 2103552.000 2103552.000 2103552.000 2103552.000 2103552.000 2103552.000 2103552.000 2115504.000 2127456.000 2127456.000 2127456.000 2127456.000 2127456.000 2127456.000 2127456.000 2127456.000 2127456.000 2127456.000 2127456.000 2127456.000 2127456.000 2127456.000 2115504.000 2103552.000 2103552.000 9358416.000 7936128.000 99990432.000
9071568.000 2366496.000 9083520.000 2127456.000 2127456.000 2127456.000 2127456.000 2127456.000 2127456.000 2127456.000 2127456.000 2127456.000 2127456.000 2127456.000 2127456.000 2127456.000 2127456.000 2127456.000 2127456.000 2127456.000 2127456.000 2127456.000 2127456.000 2127456.000 2127456.000 2127456.000 2127456.000 2127456.000 2127456.000 2139408.000 2151360.000 2127456.000 9071568.000 8677152.000 100002384.000
9226944.000 2330640.000 9107424.000 2151360.000 2151360.000 2151360.000 2151360.000 2151360.000 2151360.000 2151360.000 2151360.000 2151360.000 2151360.000 2151360.000 2151360.000 2151360.000 2151360.000 2151360.000 2151360.000 2151360.000 2151360.000 2151360.000 2151360.000 2151360.000 2151360.000 2151360.000 2151360.000 2151360.000 2151360.000 2151360.000 2151360.000 2151360.000 7517808.000 8880336.000 99452592.000
10410192.000 2330640.000 10075536.000 2151360.000 2151360.000 2151360.000 2151360.000 2151360.000 2151360.000 2151360.000 2151360.000 2151360.000 2151360.000 2151360.000 2151360.000 2151360.000 2151360.000 2151360.000 2151360.000 2151360.000 2151360.000 2151360.000 2151360.000 2151360.000 2151360.000 2151360.000 2151360.000 2151360.000 2151360.000 2151360.000 2151360.000 2151360.000 5497920.000 8892288.000 99596016.000
10458000.000 2390400.000 10565568.000 2103552.000 2103552.000 2127456.000 2127456.000 2103552.000 2127456.000 2127456.000 2127456.000 2127456.000 2127456.000 2115504.000 2127456.000 2127456.000 2127456.000 2127456.000 2127456.000 2151360.000 2151360.000 2151360.000 2127456.000 2127456.000 2127456.000 2127456.000 2127456.000 2127456.000 2127456.000 2127456.000 2127456.000 2127456.000 5928192.000 8975952.000 100002384.000
10171152.000 2390400.000 10242864.000 2127456.000 2127456.000 2103552.000 2103552.000 2127456.000 2103552.000 2103552.000 2103552.000 2103552.000 2103552.000 2139408.000 2127456.000 2127456.000 2127456.000 2103552.000 2103552.000 2079648.000 2079648.000 2079648.000 2103552.000 2103552.000 2103552.000 2103552.000 2103552.000 2103552.000 2103552.000 2103552.000 2103552.000 2115504.000 6621408.000 9454032.000 100002384.000
9764784.000 2390400.000 9752832.000 2127456.000 2127456.000 2127456.000 2103552.000 2127456.000 2127456.000 2127456.000 2127456.000 2127456.000 2127456.000 2091600.000 2079648.000 2079648.000 2079648.000 2103552.000 2103552.000 2103552.000 2103552.000 2103552.000 2103552.000 2103552.000 2103552.000 2103552.000 2103552.000 2103552.000 2103552.000 2103552.000 2103552.000 2115504.000 7159248.000 9776736.000 99990432.000
10218960.000 2366496.000 9991872.000 2127456.000 2127456.000 2127456.000 2127456.000 2127456.000 2127456.000 2127456.000 2127456.000 2127456.000 2127456.000 2139408.000 2151360.000 2151360.000 2151360.000 2139408.000 2127456.000 2127456.000 2127456.000 2127456.000 2127456.000 2127456.000 2127456.000 2127456.000 2127456.000 2127456.000 2127456.000 2127456.000 2127456.000 2127456.000 7756848.000 7470000.000 99596016.000
10732896.000 2366496.000 10661184.000 2103552.000 2103552.000 2103552.000 2127456.000 2103552.000 2103552.000 2103552.000 2103552.000 2103552.000 2103552.000 2103552.000 2103552.000 2103552.000 2103552.000 2115504.000 2127456.000 2127456.000 2127456.000 2127456.000 2127456.000 2127456.000 2127456.000 2127456.000 2127456.000 2127456.000 2127456.000 2127456.000 2127456.000 2103552.000 8222976.000 6669216.000 100002384.000
10350432.000 2342592.000 10350432.000 2127456.000 2127456.000 2127456.000 2127456.000 2127456.000 2115504.000 2103552.000 2103552.000 2103552.000 2103552.000 2103552.000 2103552.000 2103552.000 2103552.000 2103552.000 2103552.000 2103552.000 2103552.000 2103552.000 2103552.000 2103552.000 2103552.000 2103552.000 2103552.000 2103552.000 2103552.000 2103552.000 2103552.000 2127456.000 8880336.000 6920208.000 100002384.000
9788688.000 2318688.000 9776736.000 2127456.000 2127456.000 2127456.000 2127456.000 2127456.000 2139408.000 2151360.000 2151360.000 2151360.000 2151360.000 2151360.000 2151360.000 2151360.000 2151360.000 2151360.000 2151360.000 2151360.000 2151360.000 2151360.000 2151360.000 2151360.000 2151360.000 2151360.000 2151360.000 2151360.000 2151360.000 2151360.000 2151360.000 2127456.000 9238896.000 6645312.000 100002384.000
9477936.000 2318688.000 9501840.000 2151360.000 2151360.000 2151360.000 2151360.000 2151360.000 2151360.000 2151360.000 2151360.000 2151360.000 2151360.000 2151360.000 2151360.000 2151360.000 2151360.000 2151360.000 2151360.000 2151360.000 2151360.000 2151360.000 2151360.000 2151360.000 2151360.000 2151360.000 2151360.000 2151360.000 2151360.000 2151360.000 2151360.000 2151360.000 9537696.000 6776784.000 100002384.000
9621360.000 2390400.000 9597456.000 2103552.000 2079648.000 2103552.000 2103552.000 2103552.000 2103552.000 2103552.000 2103552.000 2103552.000 2103552.000 2127456.000 2127456.000 2127456.000 2127456.000 2127456.000 2127456.000 2127456.000 2127456.000 2127456.000 2127456.000 2127456.000 2127456.000 2127456.000 2127456.000 2127456.000 2127456.000 2127456.000 2115504.000 2127456.000 9597456.000 7362432.000 99990432.000
9728928.000 2390400.000 9716976.000 2127456.000 2151360.000 2127456.000 2127456.000 2127456.000 2127456.000 2127456.000 2127456.000 2127456.000 2127456.000 2127456.000 2127456.000 2127456.000 2127456.000 2127456.000 2127456.000 2127456.000 2127456.000 2127456.000 2127456.000 2127456.000 2103552.000 2103552.000 2103552.000 2103552.000 2103552.000 2103552.000 2115504.000 2127456.000 7625376.000 8426160.000 99452592.000
10290672.000 2390400.000 10242864.000 2127456.000 2127456.000 2127456.000 2103552.000 2127456.000 2127456.000 2127456.000 2127456.000 2127456.000 2127456.000 2103552.000 2103552.000 2103552.000 2103552.000 2103552.000 2103552.000 2103552.000 2103552.000 2103552.000 2103552.000 2103552.000 2127456.000 2127456.000 2127456.000 2127456.000 2127456.000 2115504.000 2103552.000 2103552.000 5832576.000 9872352.000 99978480.000
10266768.000 2366496.000 10362384.000 2127456.000 2127456.000 2127456.000 2127456.000 2127456.000 2127456.000 2127456.000 2115504.000 2103552.000 2103552.000 2103552.000 2103552.000 2103552.000 2103552.000 2103552.000 2103552.000 2103552.000 2103552.000 2103552.000 2103552.000 2103552.000 2103552.000 2103552.000 2103552.000 2103552.000 2103552.000 2115504.000 2127456.000 2127456.000 6394320.000 9370368.000 100002384.000
9824544.000 2342592.000 9824544.000 2103552.000 2103552.000 2103552.000 2127456.000 2103552.000 2103552.000 2103552.000 2115504.000 2127456.000 2127456.000 2127456.000 2127456.000 2127456.000 2127456.000 2127456.000 2127456.000 2127456.000 2127456.000 2127456.000 2103552.000 2103552.000 2103552.000 2103552.000 2103552.000 2103552.000 2103552.000 2103552.000 2103552.000 2103552.000 6896304.000 9812592.000 100002384.000
10195056.000 2366496.000 10051632.000 2103552.000 2103552.000 2103552.000 2103552.000 2103552.000 2103552.000 2103552.000 2103552.000 2103552.000 2103552.000 2103552.000 2103552.000 2103552.000 2103552.000 2103552.000 2103552.000 2103552.000 2103552.000 2103552.000 2127456.000 2127456.000 2127456.000 2127456.000 2127456.000 2127456.000 2127456.000 2127456.000 2127456.000 2103552.000 7458048.000 8713008.000 100002384.000
9226944.000 2318688.000 9238896.000 2151360.000 2151360.000 2151360.000 2151360.000 2151360.000 2151360.000 2151360.000 2151360.000 2151360.000 2151360.000 2151360.000 2151360.000 2151360.000 2151360.000 2151360.000 2151360.000 2151360.000 2151360.000 2151360.000 2151360.000 2151360.000 2151360.000 2151360.000 2151360.000 2151360.000 2151360.000 2151360.000 2151360.000 2151360.000 7709040.000 9119376.000 100002384.000
8975952.000 2318688.000 8975952.000 2151360.000 2151360.000 2151360.000 2151360.000 2151360.000 2151360.000 2151360.000 2151360.000 2151360.000 2151360.000 2151360.000 2151360.000 2151360.000 2151360.000 2151360.000 2151360.000 2151360.000 2151360.000 2151360.000 2151360.000 2151360.000 2151360.000 2151360.000 2151360.000 2151360.000 2151360.000 2151360.000 2151360.000 2151360.000 8342496.000 8987904.000 99990432.000
9035712.000 2390400.000 9035712.000 2103552.000 2079648.000 2103552.000 2127456.000 2103552.000 2103552.000 2103552.000 2103552.000 2103552.000 2103552.000 2127456.000 2127456.000 2127456.000 2127456.000 2127456.000 2127456.000 2127456.000 2127456.000 2127456.000 2127456.000 2127456.000 2127456.000 2127456.000 2127456.000 2127456.000 2127456.000 2127456.000 2127456.000 2127456.000 9047664.000 9035712.000 100002384.000
9107424.000 2390400.000 9107424.000 2103552.000 2127456.000 2115504.000 2103552.000 2127456.000 2127456.000 2127456.000 2127456.000 2127456.000 2127456.000 2103552.000 2103552.000 2103552.000 2103552.000 2103552.000 2103552.000 2103552.000 2103552.000 2103552.000 2103552.000 2103552.000 2103552.000 2103552.000 2103552.000 2103552.000 2103552.000 2103552.000 2103552.000 2103552.000 9107424.000 9107424.000 100002384.000
9155232.000 2390400.000 9167184.000 2151360.000 2151360.000 2115504.000 2103552.000 2103552.000 2103552.000 2103552.000 2103552.000 2103552.000 2103552.000 2103552.000 2103552.000 2103552.000 2103552.000 2103552.000 2103552.000 2103552.000 2103552.000 2103552.000 2103552.000 2103552.000 2103552.000 2103552.000 2103552.000 2103552.000 2103552.000 2103552.000 2103552.000 2127456.000 9155232.000 8999856.000 100002384.000
10159200.000 2366496.000 9908208.000 2127456.000 2127456.000 2151360.000 2127456.000 2151360.000 2151360.000 2151360.000 2151360.000 2151360.000 2151360.000 2151360.000 2151360.000 2151360.000 2151360.000 2151360.000 2151360.000 2151360.000 2151360.000 2151360.000 2151360.000 2151360.000 2151360.000 2151360.000 2139408.000 2127456.000 2127456.000 2127456.000 2127456.000 2127456.000 5234976.000 8521776.000 98376912.000
10541664.000 2366496.000 10398240.000 2103552.000 2103552.000 2103552.000 2127456.000 2103552.000 2103552.000 2103552.000 2103552.000 2103552.000 2103552.000 2103552.000 2103552.000 2103552.000 2103552.000 2103552.000 2103552.000 2103552.000 2103552.000 2103552.000 2103552.000 2103552.000 2103552.000 2103552.000 2115504.000 2127456.000 2127456.000 2127456.000 2127456.000 2127456.000 5760864.000 9776736.000 100002384.000
9991872.000 2342592.000 9979920.000 2127456.000 2127456.000 2127456.000 2127456.000 2127456.000 2127456.000 2127456.000 2127456.000 2127456.000 2115504.000 2103552.000 2103552.000 2103552.000 2103552.000 2103552.000 2103552.000 2103552.000 2103552.000 2103552.000 2103552.000 2103552.000 2103552.000 2103552.000 2103552.000 2103552.000 2103552.000 2103552.000 2103552.000 2103552.000 6346512.000 10099440.000 99990432.000
9549648.000 2318688.000 9561600.000 2127456.000 2127456.000 2127456.000 2127456.000 2127456.000 2127456.000 2127456.000 2127456.000 2127456.000 2139408.000 2151360.000 2151360.000 2151360.000 2151360.000 2151360.000 2151360.000 2151360.000 2151360.000 2151360.000 2151360.000 2151360.000 2151360.000 2151360.000 2151360.000 2151360.000 2151360.000 2151360.000 2151360.000 2127456.000 6872400.000 9561600.000 100002384.000
9370368.000 2318688.000 9370368.000 2151360.000 2151360.000 2151360.000 2151360.000 2151360.000 2151360.000 2151360.000 2151360.000 2151360.000 2151360.000 2151360.000 2151360.000 2151360.000 2151360.000 2151360.000 2151360.000 2151360.000 2151360.000 2151360.000 2151360.000 2151360.000 2151360.000 2151360.000 2151360.000 2151360.000 2151360.000 2151360.000 2151360.000 2151360.000 7171200.000 9382320.000 100002384.000
9370368.000 2390400.000 9382320.000 2103552.000 2103552.000 2103552.000 2127456.000 2103552.000 2103552.000 2127456.000 2127456.000 2127456.000 2127456.000 2127456.000 2127456.000 2127456.000 2127456.000 2127456.000 2127456.000 2127456.000 2127456.000 2127456.000 2127456.000 2127456.000 2127456.000 2127456.000 2127456.000 2127456.000 2127456.000 2127456.000 2127456.000 2127456.000 7912224.000 9370368.000 100002384.000
9645264.000 2390400.000 9549648.000 2127456.000 2127456.000 2127456.000 2103552.000 2127456.000 2127456.000 2103552.000 2103552.000 2103552.000 2103552.000 2127456.000 2127456.000 2103552.000 2103552.000 2103552.000 2103552.000 2103552.000 2103552.000 2103552.000 2103552.000 2103552.000 2103552.000 2103552.000 2103552.000 2103552.000 2103552.000 2103552.000 2103552.000 2103552.000 8605440.000 8641296.000 100002384.000
9107424.000 2390400.000 9107424.000 2103552.000 2127456.000 2127456.000 2103552.000 2127456.000 2127456.000 2127456.000 2127456.000 2127456.000 2127456.000 2103552.000 2091600.000 2103552.000 2103552.000 2103552.000 2103552.000 2103552.000 2103552.000 2103552.000 2103552.000 2103552.000 2103552.000 2103552.000 2103552.000 2103552.000 2103552.000 2103552.000 2103552.000 2115504.000 9119376.000 9071568.000 99990432.000
9406224.000 2342592.000 9370368.000 2127456.000 2103552.000 2103552.000 2127456.000 2103552.000 2103552.000 2103552.000 2103552.000 2103552.000 2103552.000 2103552.000 2115504.000 2127456.000 2127456.000 2127456.000 2127456.000 2127456.000 2127456.000 2115504.000 2103552.000 2103552.000 2103552.000 2103552.000 2103552.000 2103552.000 2103552.000 2103552.000 2103552.000 2115504.000 9465984.000 8187120.000 100002384.000
9477936.000 2366496.000 9203040.000 2103552.000 2103552.000 2103552.000 2103552.000 2103552.000 2103552.000 2103552.000 2103552.000 2103552.000 2103552.000 2103552.000 2103552.000 2103552.000 2103552.000 2103552.000 2103552.000 2103552.000 2103552.000 2115504.000 2127456.000 2127456.000 2127456.000 2127456.000 2127456.000 2127456.000 2127456.000 2127456.000 2127456.000 2103552.000 9203040.000 8521776.000 100002384.000
9705024.000 2366496.000 9693072.000 2151360.000 2127456.000 2127456.000 2127456.000 2127456.000 2127456.000 2127456.000 2127456.000 2127456.000 2127456.000 2127456.000 2127456.000 2127456.000 2127456.000 2127456.000 2127456.000 2127456.000 2127456.000 2127456.000 2127456.000 2127456.000 2127456.000 2127456.000 2127456.000 2127456.000 2127456.000 2127456.000 2127456.000 2151360.000 6477984.000 8856432.000 98843040.000
10422144.000 2366496.000 10541664.000 2127456.000 2151360.000 2151360.000 2151360.000 2151360.000 2151360.000 2151360.000 2151360.000 2151360.000 2151360.000 2151360.000 2151360.000 2151360.000 2151360.000 2151360.000 2151360.000 2151360.000 2151360.000 2151360.000 2151360.000 2151360.000 2151360.000 2151360.000 2151360.000 2151360.000 2151360.000 2151360.000 2151360.000 2127456.000 5617440.000 8629344.000 99918720.000
10207008.000 2270880.000 10505808.000 2151360.000 2151360.000 2151360.000 2151360.000 2151360.000 2151360.000 2151360.000 2151360.000 2151360.000 2151360.000 2151360.000 2151360.000 2151360.000 2151360.000 2151360.000 2151360.000 2151360.000 2151360.000 2151360.000 2151360.000 2151360.000 2151360.000 2151360.000 2151360.000 2151360.000 2151360.000 2151360.000 2151360.000 2151360.000 6035760.000 8593488.000 100002384.000
9979920.000 2390400.000 9979920.000 2103552.000 2103552.000 2127456.000 2127456.000 2103552.000 2127456.000 2127456.000 2127456.000 2127456.000 2127456.000 2127456.000 2127456.000 2127456.000 2127456.000 2127456.000 2127456.000 2127456.000 2139408.000 2139408.000 2139408.000 2139408.000 2139408.000 2127456.000 2127456.000 2127456.000 2127456.000 2127456.000 2127456.000 2127456.000 6920208.000 9035712.000 99990432.000
9669168.000 2390400.000 9669168.000 2127456.000 2127456.000 2103552.000 2103552.000 2127456.000 2103552.000 2103552.000 2103552.000 2103552.000 2103552.000 2127456.000 2127456.000 2127456.000 2127456.000 2127456.000 2127456.000 2127456.000 2115504.000 2103552.000 2091600.000 2091600.000 2091600.000 2103552.000 2103552.000 2103552.000 2103552.000 2103552.000 2103552.000 2103552.000 7386336.000 9669168.000 100002384.000
9776736.000 2390400.000 9716976.000 2103552.000 2103552.000 2115504.000 2103552.000 2115504.000 2115504.000 2127456.000 2127456.000 2127456.000 2127456.000 2103552.000 2103552.000 2103552.000 2103552.000 2103552.000 2103552.000 2103552.000 2103552.000 2115504.000 2127456.000 2127456.000 2127456.000 2127456.000 2127456.000 2127456.000 2103552.000 2103552.000 2103552.000 2103552.000 7960032.000 8868384.000 100002384.000
9310608.000 2342592.000 9298656.000 2127456.000 2127456.000 2115504.000 2127456.000 2115504.000 2115504.000 2103552.000 2103552.000 2103552.000 2103552.000 2103552.000 2103552.000 2103552.000 2103552.000 2103552.000 2103552.000 2103552.000 2103552.000 2103552.000 2103552.000 2103552.000 2103552.000 2103552.000 2103552.000 2103552.000 2127456.000 2127456.000 2127456.000 2127456.000 8533728.000 9310608.000 100002384.000
9573552.000 2366496.000 9621360.000 2127456.000 2127456.000 2127456.000 2127456.000 2127456.000 2103552.000 2103552.000 2103552.000 2103552.000 2103552.000 2103552.000 2103552.000 2103552.000 2103552.000 2103552.000 2103552.000 2103552.000 2103552.000 2103552.000 2103552.000 2103552.000 2103552.000 2103552.000 2103552.000 2103552.000 2103552.000 2103552.000 2103552.000 2127456.000 9167184.000 8127360.000 100002384.000
9059616.000 2342592.000 9071568.000 2103552.000 2103552.000 2103552.000 2103552.000 2103552.000 2127456.000 2127456.000 2127456.000 2127456.000 2127456.000 2127456.000 2127456.000 2127456.000 2127456.000 2127456.000 2127456.000 2127456.000 2127456.000 2127456.000 2127456.000 2127456.000 2127456.000 2127456.000 2127456.000 2127456.000 2127456.000 2127456.000 2127456.000 2103552.000 9334512.000 8629344.000 99990432.000
8844480.000 2306736.000 8844480.000 2151360.000 2151360.000 2151360.000 2151360.000 2151360.000 2151360.000 2151360.000 2151360.000 2151360.000 2151360.000 2151360.000 2151360.000 2151360.000 2151360.000 2151360.000 2151360.000 2151360.000 2151360.000 2151360.000 2151360.000 2151360.000 2151360.000 2151360.000 2151360.000 2151360.000 2151360.000 2151360.000 2151360.000 2151360.000 8844480.000 8772768.000 100002384.000
9537696.000 2354544.000 9477936.000 2151360.000 2151360.000 2151360.000 2151360.000 2151360.000 2151360.000 2151360.000 2151360.000 2151360.000 2151360.000 2151360.000 2151360.000 2151360.000 2151360.000 2151360.000 2151360.000 2151360.000 2151360.000 2151360.000 2151360.000 2151360.000 2151360.000 2151360.000 2151360.000 2151360.000 2151360.000 2151360.000 2151360.000 2151360.000 6167232.000 8916192.000 98843040.000
10386288.000 2390400.000 10434096.000 2127456.000 2103552.000 2127456.000 2127456.000 2127456.000 2127456.000 2127456.000 2127456.000 2151360.000 2127456.000 2151360.000 2127456.000 2151360.000 2151360.000 2151360.000 2151360.000 2151360.000 2151360.000 2151360.000 2151360.000 2151360.000 2151360.000 2151360.000 2151360.000 2151360.000 2151360.000 2151360.000 2151360.000 2127456.000 5653296.000 8952048.000 99918720.000
10326528.000 2390400.000 10410192.000 2103552.000 2127456.000 2103552.000 2127456.000 2127456.000 2127456.000 2103552.000 2127456.000 2103552.000 2127456.000 2103552.000 2127456.000 2103552.000 2103552.000 2103552.000 2103552.000 2103552.000 2103552.000 2103552.000 2103552.000 2103552.000 2103552.000 2103552.000 2103552.000 2103552.000 2103552.000 2103552.000 2103552.000 2103552.000 6274800.000 9418176.000 99990432.000
9872352.000 2390400.000 9872352.000 2127456.000 2127456.000 2127456.000 2103552.000 2103552.000 2103552.000 2127456.000 2103552.000 2103552.000 2103552.000 2103552.000 2103552.000 2103552.000 2103552.000 2103552.000 2103552.000 2103552.000 2103552.000 2103552.000 2103552.000 2103552.000 2103552.000 2103552.000 2103552.000 2103552.000 2103552.000 2103552.000 2103552.000 2127456.000 6812640.000 9932112.000 100002384.000
