25101256295,14400
25202613572,15840
25214087492,18720
25218031652,21600
25218987812,24480
25219585412,27360
25303966532,30240
25315440452,33120
25318787012,36000
25319862692,38880
25320818852,41760
25321775012,44640
25322731172,47520
25323687332,50400
25324643492,53280
25405319492,56160
25412490692,59040
25420379012,61920
25421454692,64800
25422410852,67680
25423367012,70560
25424323172,73440
25425279332,76320
25426235492,79200
25427191652,82080
25428147812,84960
25429103972,87840
25430060132,90720
25431016292,93600
25431972452,96480
25432928612,99360
25433884772,102240
25435079972,105120
25506672452,108000
25513843652,110880
25521731972,113760
25522688132,116640
25523644292,119520
25524600452,122400
25525556612,125280
25526512772,128160
25527468932,131040
25528425092,133920
25529381252,136800
25530337412,139680
25531293572,142560
25532249732,145440
25533205892,148320
25534162052,151200
25535118212,154080
25536313412,156960
25537269572,159840
25538703812,162720
25539899012,165600
25540855172,168480
25542050372,171360
25543006532,174240
25543962692,177120
25544918852,180000
25545875012,182880
25546831172,185760
25548026372,188640
25548982532,191520
25549938692,194400
25550894852,197280
25551851012,200160
25552807172,203040
25561173572,205920
25569300932,208800
25608025412,211680
25615196612,214560
25623084932,217440
25624160612,220320
25625116772,223200
25626192452,226080
25627148612,228960
25628104772,231840
25629060932,234720
25630017092,237600
25630973252,240480
25631929412,243360
25633005092,246240
25633961252,249120
25634917412,252000
25635873572,254880
25636829732,257760
25638024932,260640
25639100612,263520
25640056772,266400
25641012932,269280
25641730052,272160
25642686212,275040
25643403332,277920
25644120452,280800
25644837572,283680
25645554692,286560
25646271812,289440
25646988932,292320
25647706052,295200
25648423172,298080
25649379332,300960
25650096452,303840
25650813572,306720
25651530692,309600
25652247812,312480
25653203972,315360
25654040612,318240
25661809412,321120
25662765572,324000
25670534372,326880
25678661732,329760
25686789092,332640
25701609572,335520
25709497892,338400
25724079332,341280
25725035492,344160
25725991652,347040
25726947812,349920
25727903972,352800
25728860132,355680
25729816292,358560
25731251184,357120
25731729264,356237
25732207344,355795
25732685424,355353
25733163504,354912
25733641584,354470
25734119664,354028
25734597744,353586
25735075824,353145
25735553904,352703
25736031984,352261
25736510064,349920
25736988144,348480
25737466224,347040
25737944304,345600
25738422384,344160
25739139504,342720
25739617584,341280
25740334704,339840
25740812784,338400
25741529904,336960
25742247024,335520
25742605584,335077
25742964144,332640
25743322704,331200
25743920304,329760
25744278864,328320
25744637424,326880
25744995984,325440
25745354544,324000
25745713104,322560
25746071664,321120
25746430224,319680
25746788784,318335
25747147344,317893
25747505904,315360
25747864464,313920
25748223024,312480
25748581584,311040
25748940144,309600
25749298704,308160
25749657264,306720
25750015824,305280
25750613424,303840
25750971984,302400
25751330544,301151
25751689104,300709
25752047664,298080
25752406224,296640
25752764784,295200
25753123344,293760
25753481904,292320
25753959984,290880
25754438064,289440
25754916144,288000
25755394224,286560
25763043504,285120
25763521584,283967
25764238704,283525
25771768464,280800
25772007504,279360
25779656784,277920
25787545104,276480
25788023184,275040
25795433424,273600
25802843664,272160
25803321744,270720
25810731984,269280
25818142224,267840
25825313424,266783
25825791504,266341
25826269584,263520
25826747664,262080
25826986704,260640
25827345264,259200
25827942864,257760
25828301424,256320
25828899024,254880
25829257584,253440
25829855184,252000
25830213744,250560
25831648638,249120
25889257930,247680
25938022090,246240
25998499210,244800
26029813450,250560
26031128170,249120
26033996650,250560
26084195050,249120
26129373610,247680
26139174250,250560
26143476970,249120
26177420650,250560
26185548010,249120
26216145130,247680
26232877930,250560
26232877930,252000
26234790250,250560
26235507370,249604
26235746410,248805
26236463530,248006
26236822090,247208
26237419690,246409
26237778250,245610
26238375850,243371
26238734410,242572
26239332010,241773
26239690570,240975
26240288170,240176
26240646730,239377
26241244330,238578
26241602890,237779
26242200490,236160
26242559050,234720
26243156650,233280
26243515210,231840
26244112810,230400
26244471370,228960
26244829930,227520
26245666570,226080
26246383690,224640
26246622730,223200
26247100810,221760
26247817930,220320
26248296010,218880
26249132650,217440
26249730250,216000
26249969290,214560
26250686410,213314
26250925450,211680
26251403530,210240
26251642570,208800
26252120650,207360
26252359690,205920
26252837770,204480
26253076810,203040
26253554890,201600
26253674410,200160
26253913450,198720
26254391530,197280
26254989130,195840
26255228170,194400
26255706250,192960
26255945290,191520
26256423370,190080
26256662410,188848
26257379530,187200
26257618570,185760
26258096650,184320
26258335690,182880
26258813770,181440
26259052810,180000
26259530890,178560
26259769930,177120
26260248010,175680
26271243850,174240
26278534570,175680
26309968330,174240
26332438090,172800
26345107210,175680
26347856170,174240
26379887530,175680
26380246090,174240
26396261770,175680
26411201770,174240
26433073930,172800
26437615690,175680
26443591690,174240
26447057770,175680
26465463850,174240
26504666410,172800
26520682090,171360
26536100170,169920
26545303210,175680
26552474410,174240
26553191530,173068
26553908650,172198
26554147690,171327
26554864810,170456
26555103850,169586
26555581930,168715
26555820970,167844
26556299050,166974
26556538090,166103
26557016170,165232
26557255210,164361
26557733290,163491
26557972330,162620
26558450410,161749
26558689450,160879
26559167530,160008
26559406570,159137
26559884650,158267
26560123690,157396
26560601770,156525
26560840810,155654
26561557930,154784
26561796970,152640
26562275050,151200
26562514090,149760
26562992170,148320
26563231210,146880
26563709290,145440
26563948330,144000
26564426410,142560
26564665450,141120
26564904490,139680
26565621610,138240
26565860650,136800
26566577770,135360
26566816810,133920
26574824650,132480
26575183210,131040
26582712970,128160
26583071530,126720
26583310570,125280
26591198890,123840
26599087210,122400
26606019370,120960
26622035050,119520
26636257930,118080
26644026730,122400
26645939050,120960
26647612330,122400
26664225610,120960
26665181770,122400
26767130372,123840
26767608452,125280
26870754212,126720
26955135332,128160
27034855172,129600
27127841732,131040
27165849092,132480
27271146212,133920
27376801892,135360
27511261892,136800
27571499972,138240
27677633732,139680
27799664304,138240
27800381424,137310
27807791664,136844
27808508784,136379
27815919678,135913
27823568958,135448
27823807998,133542
27831457930,133077
27837194890,132611
27844844170,130706
27845441770,130240
27852971530,129775
27853210570,127870
27854883850,127404
27855242410,126939
27855840010,126473
27856198570,126008
27856796170,125542
27857154730,125077
27857752330,124611
27858110890,124146
27858708490,123680
27859186570,123215
27859664650,122750
27860142730,122284
27860620810,121819
27861098890,121353
27861576970,120888
27862055050,120422
27862533130,119957
27863011210,118080
27863489290,116640
27863967370,113760
27864445450,112320
27864923530,110880
27865401610,109440
27865879690,108000
27866357770,106560
27866835850,105120
27867552970,103680
27868031050,102240
27868509130,100800
27869226250,99360
27869704330,97920
27870540970,96480
27971294372,97920
27972728612,99360
28039659812,100800
28110654692,102240
28203880292,103680
28296747332,105120
28398219812,106560
28508417252,108000
28625546852,109440
28757018852,110880
28896976772,112320
29066456132,113760
29269281572,115200
29513460932,116640
29863774052,118080
32579866052,119520
32927788772,120960
33179975972,122400
33373837412,123840
33538535972,125280
33685514128,126720
33821137884,128160
33932857640,129600
34041381800,131040
34142376200,132480
34236797000,133920
34325719880,135360
34420977320,136800
34493167400,138240
34565357480,139680
34640296520,141120
34718462600,142560
34780015400,144000
34841090120,145440
34882205652,144000
34882325172,143078
34890093972,142616
34890213492,142155
34891050132,141694
34891169652,141232
34898938452,140771
34899057972,140310
34899416532,139848
34899536052,139387
34908141492,138926
34914595572,138464
34921169172,138003
34922244852,137541
34929057492,137080
34934077332,136619
34940770452,136157
34941846132,135696
34942563252,135235
34944953652,134773
34945312212,134312
34945909812,133851
34946029332,133389
34946865972,132928
34946985492,132467
34947822132,132005
34947941652,131544
34948778292,131082
34948897812,130621
34949734452,128160
34949853972,126720
34950690612,125280
34950810132,123840
34951646772,122400
34951766292,120960
34952602932,119520
34952722452,118080
34953559092,116640
34953678612,115200
34954037172,113760
34954634772,112320
34955232372,110880
34955590932,109440
34956427572,108000
34956547092,106560
34957383732,105120
34957503252,103680
34958339892,102240
34958459412,100800
34983559266,99360
35016307092,100800
35043199746,99360
35083686234,100800
35083686234,102240
35092530714,100800
35092889274,99614
35100419034,98738
35100777594,97863
35100897114,96987
35101255674,96112
35108785434,95236
35115598074,94361
35116434714,93485
35116554234,92610
35123844954,91734
35124203514,90859
35131255194,89983
35136155514,89108
35142729114,88232
35143804142,87357
35147867822,85606
35148823982,83855
35149780142,82104
35150736302,80640
35151692462,79200
35160026112,77760
35161221312,76320
35162416512,74880
35163611712,73440
35164567872,72000
35165524032,70560
35192176992,72000
35201023430,73440
35292422828,74880
35402110744,76320
35517774660,77760
35644075856,79200
35793891048,80640
35963220750,82080
36153105280,83520
36400392160,84960
36753693280,86400
39467753440,87840
39821174080,89280
40068819520,90720
40271644960,92160
40431682240,93600
40582875040,95040
40710163840,96480
40824783520,97920
40934502880,99360
41035975360,100800
41129440000,102240
41220633760,103680
41306568640,105120
41387125120,106560
41461705600,108000
41531385760,109440
41603695360,110880
41672658400,112320
41731940320,113760
41806401280,115200
41855284960,116640
41914088800,118080
41976478240,119520
42030142720,120960
42079624000,122400
42131495680,123840
42188984800,125280
42234282880,126720
42280776160,128160
42335635840,129600
42359779532,128160
42360496652,127221
42360974732,126752
42361452812,126282
42361930892,125813
42362408972,125343
42362887052,124874
42363365132,124404
42363843212,123934
42364321292,123465
42364799372,122995
42365277452,122526
42365755532,122056
42373404812,121587
42373882892,121117
42381532172,120647
42382010252,120178
42382488332,119708
42383205452,119239
42383683532,118769
42384161612,118300
42391810892,117830
42399460172,117360
42400296812,116891
42407348492,116421
42414639212,115952
42420615212,115482
42426710732,115013
42428981612,114543
42433045292,114074
42437108972,113604
42438065132,113134
42438782252,112665
42439260332,110880
42439738412,109440
42440216492,108000
42440694572,106560
42441172652,105120
42441650732,103680
42442128812,102240
42442606892,100800
42443084972,99360
42443563052,97920
42444041132,96480
42444519212,95040
42444997292,93600
42445714412,92160
42446192492,90720
42446670572,89280
42467227360,90720
42483004652,89280
42483482732,88350
42483960812,87885
42484677932,87420
42485156012,86954
42485634092,86489
42493283372,86024
42500932652,85559
42501769292,85093
42508820972,84628
42515992172,84163
42522207212,83698
42528183212,83232
42530334572,82767
42534398252,82302
42538461932,81837
42539418092,81372
42540135212,80906
42548023532,80441
42548860172,79976
42549218732,79511
42550055372,79045
42550413932,78580
42551011532,78115
42551370092,77650
42551967692,77184
42552326252,76719
42552445772,76254
42553043372,75789
42553401932,75324
42553999532,74858
42554597132,74393
42555433772,73928
42555792332,73463
42556389932,72997
42556748492,72532
42557346092,72067
42557704652,71602
42558302252,71136
42558660812,70671
42559258412,70206
42559616972,69741
42560214572,69276
42560573132,68810
42561170732,68345
42561529292,67880
42562126892,67415
42562724492,64800
42563322092,63360
42584117920,64800
42601567840,66240
42716993368,67680
42849629124,69120
42987014236,70560
43152668956,72000
43352864956,73440
43608398716,74880
43951301596,76320
45185226076,77760
47024349624,79200
47274265944,80640
47467051704,82080
47631033144,83520
47778281784,84960
47903777784,86400
48028795704,87840
48138036984,89280
48231621144,90720
48333093624,92160
48415084344,93600
48498867864,95040
48587551704,96480
48661773624,97920
48728346264,99360
48798384984,100800
48864120984,102240
48929259384,103680
48992963544,105120
49052006424,106560
49110810264,108000
49168538424,109440
49222322424,110880
49277540664,112320
49328695224,113760
49385945304,115200
49429211544,116640
49487298264,118080
49524588504,119520
49574069784,120960
49616140824,122400
49667773464,123840
49710083544,125280
49751676504,126720
49798050264,128160
49830440184,129600
49878367704,131040
49912789464,132480
49954501944,133920
50025616344,135360
50063862744,136800
50106172824,138240
50125774756,136800
50126372356,135889
50126969956,135434
50127328516,134978
50127926116,134523
50128523716,134067
50129121316,133612
50129718916,133156
50130436036,132701
50130794596,132245
50131631236,131790
50132228836,131334
50133065476,130879
50133424036,130423
50134021636,129968
50134380196,129512
50134977796,129057
50135336356,128601
50135933956,128146
50136292516,127690
50136890116,127235
50137248676,126779
50138085316,126324
50138443876,125868
50139041476,125413
50139400036,124957
50139758596,124502
50140595236,124046
50140953796,123591
50141551396,123135
50141909956,120960
50142507556,119520
50142866116,118080
50143463716,116640
50143822276,115200
50144419876,113760
50144778436,112320
50145376036,110880
50145734596,109440
50146571236,108000
50146929796,106560
50147527396,105120
50147885956,103680
50148483556,102240
50148842116,100800
50149439716,99360
50149798276,97920
50157567076,96480
50226889330,95040
50235733156,96480
50327762904,97920
50328719064,99360
50345929944,100800
50430908664,102240
50485409784,103680
50538357144,105120
50601941784,106560
50671860984,108000
50717159064,109440
50789468664,110880
50841101304,112320
50892016824,113760
50992413624,115200
51047392824,116640
51129144504,118080
51209820504,119520
51254401464,120960
51358981464,122400
51463920024,123840
51583679064,125280
51654076344,126720
51761046744,128160
51869092824,129600
52006182264,131040
52051361476,129600
52051720036,128671
52052317636,128207
52052676196,127742
52053273796,127278
52053632356,126813
52054468996,126349
52054827556,125884
52055425156,125420
52055783716,124955
52056381316,124491
52056739876,124026
52057576516,123562
52057935076,123097
52058771716,122633
52059130276,122168
52059727876,121704
52060086436,121239
52060684036,120775
52061042596,120310
52061640196,119846
52061998756,119381
52062596356,118917
52062954916,118452
52063791556,117988
52064389156,117523
52064747716,117059
52065345316,116594
52065942916,116130
52066540516,115665
52066899076,115200
52067496676,114736
52067616196,112320
52067974756,110880
52068572356,109440
52068930916,108000
52069528516,106560
52070126116,105120
52070484676,103680
52071082276,102240
52071440836,100800
52072277476,99360
52072636036,97920
52073233636,96480
52073592196,95040
52074189796,93600
52074548356,92160
52075145956,90720
52151519890,89280
52159048996,90720
52252512984,92160
52257293784,93600
52360080984,95040
52461672984,96480
52563982104,97920
52665813144,99360
52768958904,100800
52870909464,102240
52972381944,103680
53103973464,105120
53269508664,106560
53466119064,108000
53721652824,109440
54068738904,110880
56782667032,112320
57140987992,113760
57388991992,115200
57579148312,116640
57749464312,118080
57890378392,119520
58020057592,120960
58138262872,122400
58247145592,123840
58347661912,125280
58442560792,126720
58531244632,128160
58620406552,129600
58702038712,131040
58771599352,132480
58844387032,133920
58921716472,135360
58982671672,136800
59045300152,138240
59107689592,139680
59168644792,141120
59228643832,142560
59253265604,141120
59253624164,140208
59254221764,139752
59254580324,139296
59255177924,138839
59255536484,138383
59256134084,137927
59256492644,137471
59257090244,137014
59257687844,136558
59258046404,136102
59258644004,135646
59259241604,135189
59259839204,134733
59260197764,134277
59260795364,133821
59261273444,133364
59261751524,132908
59269400804,132452
59269878884,131996
59277528164,131540
59278006244,131083
59278723364,130627
59279201444,130171
59286850724,129715
59294500004,129258
59294978084,128802
59302388324,128346
59302866404,127890
59310276644,127433
59316969764,125280
59317447844,123840
59322467684,122400
59329638884,120960
59330356004,119520
59333463524,118080
59333941604,116640
59334658724,115200
59335136804,113760
59335614884,112320
59336092964,110880
59336571044,109440
59337049124,108000
59337527204,106560
59338005284,105120
59338483364,103680
59338961444,102240
59339439524,100800
59339917604,99360
59353424018,97920
59362387364,99360
59411988818,97920
59454298244,99360
59454298244,100800
59455732484,99360
59456091044,98440
59456688644,97654
59457047204,96867
59457644804,96080
59458242404,95294
59458600964,94507
59459198564,93720
59459557124,92934
59460154724,92147
59460513284,91360
59461349924,90574
59461708484,89787
59462306084,89000
59462664644,88214
59463262244,87427
59463381764,86640
59463740324,85854
59471509124,85067
59471867684,84280
59479636484,83494
59480234084,82707
59480831684,81920
59481429284,81134
59488959044,80347
59489556644,79560
59497086404,78774
59497684004,77987
59504974724,77200
59505572324,76414
59512862392,75627
59524575352,74054
59532463672,72480
59542503352,70560
59556128632,72000
59557801912,73440
59680725104,74880
59790652060,76320
59925558696,77760
60060106772,79200
60227195732,80640
60430021172,82080
60671929652,83520
61038617012,84960
63741203252,86400
64092353012,87840
64340476532,89280
64534577012,90720
64707761492,92160
64847480372,93600
64981103732,95040
65100743252,96480
65207116052,97920
65308588532,99360
65404802132,100800
65488107572,102240
65573803412,103680
65658543092,105120
65728072288,106560
65808150688,108000
65875528524,109440
65937408440,110880
66009120440,112320
66068490436,113760
66124664836,115200
66184871472,116640
66239970192,118080
66302598672,119520
66354231312,120960
66403951632,122400
66455584272,123840
66502436112,125280
66556937232,126720
66603669552,128160
66644545392,129600
66690441072,131040
66733826832,132480
66784503312,133920
66819642192,135360
66869242992,136800
66912867792,138240
66944062512,139680
66987089712,141120
67022228592,142560
67063582512,144000
67103741232,145440
67135533552,146880
67172704272,148320
67211906832,149760
67235094364,148320
67235572444,147397
67236050524,146935
67236528604,146473
67237006684,146011
67237484764,145549
67237962844,145087
67238440924,144625
67239158044,144164
67239636124,143702
67240114204,143240
67240592284,142778
67241309404,142316
67241787484,141854
67242504604,141392
67242982684,140930
67243460764,140468
67243938844,140007
67244416924,139545
67244895004,139083
67245373084,138621
67245851164,138159
67246329244,137697
67247046364,137235
67247524444,136773
67248241564,136311
67248719644,135850
67249197724,135388
67249675804,133920
67250153884,132480
67250631964,131040
67251110044,129600
67251588124,128160
67252066204,126720
67252544284,125280
67253022364,123840
67253500444,122400
67253978524,120960
67254456604,119520
67255173724,118080
67255532284,116640
67255890844,115200
67256488444,113760
67257086044,112320
67257444604,110880
67257803164,109440
67258161724,108000
67265930524,106560
67266289084,105120
67273818844,103680
67335013738,102240
67345172284,103680
67435887312,105120
67437082512,106560
67438038672,108000
67476524112,109440
67526005392,110880
67577757552,112320
67627477872,113760
67679230032,115200
67730862672,116640
67789188432,118080
67841777232,119520
67906078992,120960
67960819152,122400
68029423632,123840
68093366832,125280
68155756272,126720
68224838832,128160
68303124432,129600
68387864112,131040
68453600112,132480
68539893552,133920
68632880112,135360
68724551952,136800
68825546352,138240
68934070512,139680
69051917232,141120
69058132924,139680
69058730524,138759
69059328124,138298
69059686684,137837
69060284284,137376
69060642844,136916
69061240444,136455
69061599004,135994
69062196604,135533
69062555164,135072
69063391804,134612
69063750364,134151
69064347964,133690
69064706524,133229
69065543164,132768
69065901724,132308
69066738364,131847
69067096924,131386
69067694524,130925
69068053084,130464
69068650684,130004
69069248284,129543
69069606844,129082
69070204444,128621
69070563004,128160
69071399644,127700
69071758204,127239
69072594844,126778
69073192444,126317
69073551004,125856
69074148604,123840
69074507164,122400
69075104764,120960
69075463324,119520
69076060924,118080
69076419484,116640
69077017084,115200
69077375644,113760
69077973244,112320
69078331804,110880
69078929404,109440
69079766044,108000
69080124604,106560
69080722204,105120
69081080764,103680
69081678364,102240
69082036924,100800
69089805724,99360
69090164284,97920
69167254032,99360
69168449232,100800
69230360592,102240
69307809552,103680
69400676592,105120
69502149072,106560
69603502032,108000
69704974512,109440
69822940752,110880
69954532272,112320
70110625392,113760
70263730512,115200
70466675472,116640
70718623632,118080
71063797392,119520
73775825712,120960
74124585072,122400
74376772272,123840
74570514192,125280
74735212752,126720
74883298032,128160
74942939164,126720
74943417244,125803
74943895324,125344
74944373404,124885
74945090524,124426
74945568604,123967
74946285724,123508
74946763804,123049
74947241884,122590
74947719964,122131
74948198044,121673
74948676124,121214
74949154204,120755
74949632284,120296
74950349404,119837
74950827484,119378
74951544604,118919
74952022684,118460
74952500764,118001
74952978844,117542
74953456924,117084
74953935004,116625
74954413084,116166
74954891164,115707
74955369244,115248
74955847324,114789
74956325404,114330
74956803484,113871
74956923004,113412
74957640124,112953
74958118204,112495
74958596284,112036
74959074364,111577
74959552444,109440
74960030524,108000
74967679804,106560
74975329084,105120
74975807164,103680
74976524284,102240
74977002364,100800
74984651644,99360
74992061884,97920
74992539964,96480
74999950204,95040
75000428284,93600
75007838524,92160
75014531644,90720
75015009724,89280
75050028432,90720
75050984592,92160
75053374992,93600
75123174672,95040
75223540028,96480
75223779068,97920
75323905384,99360
75338247784,100800
75424270740,102240
75524516576,103680
75532404896,105120
75624642892,106560
75724888728,108000
75750944088,109440
75833620484,110880
75925499920,112320
76025896720,113760
76126652080,115200
76227766000,116640
76329238480,118080
76430591440,119520
76555728880,120960
76705846000,122400
76867676080,123840
77064645040,125280
77313724720,126720
77664874480,128160
80384910640,129600
80735821360,131040
80985857200,132480
81181511440,133920
81334975772,132480
81335334332,131571
81335931932,131116
81336290492,130662
81344059292,130207
81344417852,129752
81352186652,129297
81352545212,128843
81360314012,128388
81368082812,127933
81368441372,127478
81375971132,127024
81376329692,126569
81376688252,126114
81384218012,125659
81384576572,125205
81392345372,124750
81398440892,124295
81398799452,123840
81404655932,123386
81405014492,122931
81408241532,122476
81408719612,122022
81409436732,121567
81409795292,121112
81410392892,120657
81410751452,120203
81411349052,119748
81411707612,119293
81412305212,118838
81412663772,118384
81413261372,116640
81413619932,115200
81414217532,113760
81414815132,112320
81415173692,110880
81415771292,109440
81416129852,108000
81416727452,106560
81417086012,105120
81417683612,103680
81418042172,102240
81418639772,100800
81418998332,99360
81419595932,97920
81419954492,96480
81420552092,95040
81420910652,93600
81434895146,92160
81478160732,93600
81535888240,95040
81537442000,96480
81538398160,97920
81546525520,99360
81656005840,100800
81702857680,102240
81757478320,103680
81814728400,105120
81875564080,106560
81935682640,108000
82001179600,109440
82070381680,110880
82137432400,112320
82215837520,113760
82288864240,115200
82366432720,116640
82449977200,118080
82539617200,119520
82633320880,120960
82734793360,122400
82842958960,123840
82966303600,125280
83092158160,126720
83236777360,128160
83260442972,126720
83261160092,125803
83261638172,125344
83262116252,124885
83262594332,124426
83263072412,123967
83270721692,123508
83271199772,123049
83278849052,122590
83279327132,122131
83286976412,121673
83294267132,121214
83295103772,120755
83302394492,120296
83302992092,119837
83303470172,119378
83310880412,118919
83317812572,118460
83319366332,118001
83324983772,117542
83330720732,117084
83331198812,116625
83334306332,116166
83334903932,115707
83335501532,115248
83335979612,114789
83336457692,114330
83336935772,113871
83337413852,113412
83337891932,112953
83338370012,112495
83338848092,112036
83339326172,111577
83339804252,109440
83340282332,108000
83340760412,106560
83341238492,105120
83341716572,103680
83342194652,102240
83342672732,100800
83343150812,99360
83343628892,97920
83344106972,96480
83344585052,95040
83345063132,93600
83345541212,92160
83346019292,90720
83346497372,89280
83396097520,90720
83403985840,92160
83473905040,93600
83563784080,95040
83665137040,96480
83777844400,97920
83894974000,99360
84027880240,100800
84167240560,102240
84339110320,103680
84534884080,105120
84777509680,106560
85135352560,108000
87845783164,109440
88197411004,110880
88445893084,112320
88648718524,113760
88809233884,115200
88961263324,116640
89085683644,118080
89203888924,119520
89310500764,120960
89411375644,122400
89508186844,123840
89606073724,125280
89679459004,126720
89765035324,128160
89834954524,129600
89912762044,131040
89982083644,132480
90051883324,133920
90116304604,135360
90184670044,136800
90232478044,138240
90295345564,139680
90329170376,138240
90329528936,137310
90330126536,136844
90330485096,136379
90331321736,135913
90331680296,135448
90332516936,134982
90332875496,134517
90333712136,134051
90334070696,133586
90334668296,133120
90335026856,132655
90335863496,132190
90336700136,131724
90337058696,131259
90337656296,130793
90338014856,130328
90338612456,129862
90338971016,129397
90339568616,128931
90339927176,128466
90340524776,128000
90340883336,127535
90341480936,127070
90341839496,126604
90342437096,126139
90342915176,125673
90343393256,125208
90343871336,124742
90344349416,124277
90344827496,122400
90345305576,120960
90346022696,119520
90346500776,118080
90346978856,116640
90347456936,115200
90347935016,113760
90348413096,112320
90356062376,110880
90356540456,109440
90357018536,108000
90357496616,106560
90365145896,105120
90372675656,103680
90373273256,102240
90380803016,100800
90387615656,99360
90388691336,97920
90389288936,96480
90429089750,95040
90438650696,96480
90529843804,97920
90530799964,99360
90531756124,100800
90605260924,102240
90626655004,103680
90706494364,105120
90733027804,106560
90807966844,108000
90844539964,109440
90909439324,110880
90964299004,112320
91028242204,113760
91097324764,115200
91157443324,116640
91231187164,118080
91300269724,119520
91377957724,120960
91455884764,122400
91539907324,123840
91636240444,125280
91728509884,126720
91835480284,128160
91939701724,129600
92050735804,131040
92154599336,129600
92154957896,128671
92155794536,128207
92156153096,127742
92156989736,127278
92157348296,126813
92158184936,126349
92158543496,125884
92159141096,125420
92159499656,124955
92160336296,124491
92160694856,124026
92161531496,123562
92161890056,123097
92162487656,122633
92162846216,122168
92163443816,121704
92163802376,121239
92164399976,120775
92164758536,120310
92165356136,119846
92165714696,119381
92166312296,118917
92166670856,118452
92167268456,117988
92167627016,117523
92168224616,117059
92168583176,116594
92169180776,116130
92169539336,115665
92170375976,115200
92170734536,114736
92171332136,112320
92171810216,110880
92172407816,109440
92172766376,108000
92180535176,106560
92180893736,105120
92181491336,103680
92189021096,102240
92196789896,100800
92197148456,99360
92204917256,97920
92211251816,96480
92212805576,95040
92213164136,93600
92220693896,92160
92226669896,90720
92256072470,89280
92262764936,90720
92356946044,92160
92358141244,93600
92429853244,95040
92531086684,96480
92632559164,97920
92733912124,99360
92835384604,100800
92936737564,102240
93062711644,103680
93241035484,105120
93373583164,106560
93571149724,108000
93818078044,109440
94171140124,110880
96887635456,112320
97238426656,113760
97485952576,115200
97688778016,116640
97862082016,118080
97995346816,119520
98124308896,120960
98243111776,122400
98352592096,123840
98453945056,125280
98546573056,126720
98635734976,128160
98721191776,129600
98804855776,131040
98875731136,132480
98948518816,133920
99023457856,135360
99093735616,136800
99150388096,138240
99218394976,139680
99273852256,141120
99331460896,142560
99347357708,141120
99347716268,140208
99348313868,139752
99348672428,139296
99349270028,138839
99349628588,138383
99350226188,137927
99350704268,137471
99351182348,137014
99351660428,136558
99352138508,136102
99352616588,135646
99353094668,135189
99353572748,134733
99354050828,134277
99354528908,133821
99355246028,133364
99355724108,132908
99356202188,132452
99356680268,131996
99357158348,131540
99357636428,131083
99358114508,130627
99365763788,130171
99366241868,129715
99366719948,129258
99367198028,128802
99367676108,128346
99375325388,127890
99382616108,127433
99383452748,125280
99390743468,123840
99397795148,122400
99398631788,120960
99405444428,119520
99406878668,118080
99413332748,116640
99414169388,115200
99420982028,113760
99421818668,112320
99428870348,110880
99430424108,109440
99431021708,108000
99431499788,106560
99431977868,105120
99432455948,103680
99432934028,102240
99433412108,100800
99433890188,99360
99447874682,97920
99456479468,99360
99506678522,97920
99548629388,99360
99548629388,100800
99550063628,99360
99550661228,98496
99551019788,97728
99551617388,96960
99551975948,96192
99552573548,95424
99553171148,94656
99553529708,93888
99554246828,93120
99554605388,92352
99555202988,91584
99555561548,90816
99556159148,90048
99556517708,89280
99557354348,88512
99557473868,87744
99557832428,86976
99558430028,86208
99558788588,85440
99559386188,84672
99559744748,83904
99560342348,83136
99560700908,82368
99568469708,81600
99568828268,80832
99569425868,80064
99569784428,79296
99577553228,78528
99585082988,77760
99585680588,76992
99593210348,76224
99600022988,75456
99601098668,74688
99607671616,73920
99636595456,70560
99650937856,72000
99653447776,73440
99655121056,74880
99900759844,76320
