0.000 0.000 0.000 0.000 0.000 0.000 0.000 0.000 0.000 0.000 0.000 0.000 0.000 0.000 0.000 0.000 0.000 0.000 0.000 0.000 0.000 0.000 0.000 0.000 0.000 0.000 0.000 0.000 0.000 0.000 0.000 0.000 0.000 0.000 0.000
2187216.000 2151360.000 2187216.000 2187216.000 2187216.000 2187216.000 2187216.000 2187216.000 2187216.000 2187216.000 2127456.000 2127456.000 2127456.000 2127456.000 2127456.000 2127456.000 2127456.000 2127456.000 2127456.000 2127456.000 2127456.000 2127456.000 2127456.000 2127456.000 2043792.000 2043792.000 2043792.000 2043792.000 2043792.000 2043792.000 2043792.000 1972080.000 0.000 0.000 67899312.000
3501936.000 3298752.000 3501936.000 3501936.000 3501936.000 3501936.000 3501936.000 3406320.000 3238992.000 3167280.000 2964096.000 2964096.000 2964096.000 2964096.000 2964096.000 2964096.000 2964096.000 2964096.000 2964096.000 2964096.000 2964096.000 2964096.000 2964096.000 2964096.000 2928240.000 2928240.000 2928240.000 2928240.000 2928240.000 2928240.000 2928240.000 2999952.000 0.000 0.000 99117936.000
3227040.000 3011904.000 3227040.000 3227040.000 3227040.000 3227040.000 3227040.000 3322656.000 3489984.000 3561696.000 3346560.000 3346560.000 3238992.000 3107520.000 3011904.000 3011904.000 3011904.000 3011904.000 3011904.000 3011904.000 3011904.000 3011904.000 3011904.000 3011904.000 3011904.000 3011904.000 3011904.000 3011904.000 3011904.000 3011904.000 3011904.000 3011904.000 0.000 0.000 100002384.000
3227040.000 3011904.000 3227040.000 3227040.000 3227040.000 3227040.000 3227040.000 3227040.000 3227040.000 3227040.000 3011904.000 3011904.000 3119472.000 3250944.000 3346560.000 3346560.000 3346560.000 3250944.000 3107520.000 3011904.000 3011904.000 3011904.000 3011904.000 3011904.000 3011904.000 3011904.000 3011904.000 3011904.000 3011904.000 3011904.000 3011904.000 3011904.000 0.000 0.000 100002384.000
3167280.000 2952144.000 3167280.000 3167280.000 3167280.000 3167280.000 3167280.000 3203136.000 2964096.000 2904336.000 2665296.000 2665296.000 2665296.000 2665296.000 2665296.000 2665296.000 2677248.000 2760912.000 2916288.000 3011904.000 3011904.000 2999952.000 2999952.000 2999952.000 2999952.000 2999952.000 2999952.000 2999952.000 2999952.000 2999952.000 2999952.000 2999952.000 5593536.000 0.000 99990432.000
1721088.000 1577664.000 1721088.000 1721088.000 1721088.000 1721088.000 1721088.000 1792800.000 2031840.000 2091600.000 1960128.000 1960128.000 1960128.000 1960128.000 1960128.000 1960128.000 2043792.000 1960128.000 2043792.000 2043792.000 2043792.000 1924272.000 1756944.000 1733040.000 1721088.000 1721088.000 1721088.000 1721088.000 1721088.000 1721088.000 1721088.000 1721088.000 41102928.000 0.000 100002384.000
1231056.000 1087632.000 1231056.000 1231056.000 1231056.000 1231056.000 1231056.000 1302768.000 1302768.000 1302768.000 1147392.000 1147392.000 1147392.000 1147392.000 1147392.000 1147392.000 1231056.000 1147392.000 1231056.000 1231056.000 1231056.000 1183248.000 1350576.000 1374480.000 1386432.000 1386432.000 1386432.000 1386432.000 1386432.000 1338624.000 1231056.000 1231056.000 60022944.000 0.000 100002384.000
1159344.000 980064.000 1159344.000 1159344.000 1159344.000 1159344.000 1159344.000 1195200.000 1195200.000 1195200.000 1147392.000 1147392.000 1147392.000 1147392.000 1147392.000 1147392.000 1171296.000 1147392.000 1171296.000 1171296.000 1171296.000 1147392.000 1027872.000 1003968.000 1015920.000 1015920.000 1015920.000 1015920.000 1015920.000 1063728.000 1171296.000 1171296.000 64098576.000 0.000 100002384.000
1147392.000 956160.000 1147392.000 1147392.000 1147392.000 1147392.000 1147392.000 1147392.000 1147392.000 1147392.000 1123488.000 1003968.000 1003968.000 1003968.000 1003968.000 1003968.000 992016.000 1003968.000 992016.000 992016.000 992016.000 1003968.000 1123488.000 1147392.000 1147392.000 1147392.000 1147392.000 1147392.000 1147392.000 1147392.000 1147392.000 1147392.000 65150352.000 0.000 100002384.000
1003968.000 836640.000 1003968.000 1003968.000 1003968.000 1003968.000 1003968.000 1003968.000 1003968.000 1003968.000 1027872.000 1147392.000 1147392.000 1147392.000 1147392.000 1147392.000 1147392.000 1147392.000 1147392.000 1147392.000 1147392.000 1147392.000 1027872.000 1003968.000 1003968.000 1003968.000 1003968.000 1003968.000 1003968.000 1003968.000 1003968.000 1003968.000 66405312.000 0.000 99990432.000
1147392.000 956160.000 1147392.000 1147392.000 1147392.000 1147392.000 1147392.000 1147392.000 1147392.000 1147392.000 1147392.000 1147392.000 1147392.000 1147392.000 1147392.000 1147392.000 1147392.000 1147392.000 1147392.000 1147392.000 1147392.000 1135440.000 1123488.000 1147392.000 1147392.000 1147392.000 1147392.000 1147392.000 1147392.000 1147392.000 1147392.000 1147392.000 63512928.000 0.000 100002384.000
1003968.000 836640.000 1003968.000 1003968.000 1003968.000 1003968.000 1003968.000 1003968.000 1003968.000 1003968.000 1003968.000 1003968.000 1003968.000 1003968.000 1003968.000 1003968.000 1003968.000 1003968.000 1003968.000 1003968.000 1003968.000 1015920.000 1027872.000 1003968.000 1003968.000 1003968.000 1003968.000 1003968.000 1003968.000 1003968.000 1003968.000 1003968.000 68006880.000 0.000 100002384.000
1147392.000 956160.000 1147392.000 1147392.000 1147392.000 1147392.000 1147392.000 1147392.000 1147392.000 1147392.000 1147392.000 1147392.000 1147392.000 1147392.000 1147392.000 1147392.000 1147392.000 1147392.000 1147392.000 1147392.000 1147392.000 1147392.000 1147392.000 1147392.000 1147392.000 1147392.000 1147392.000 1147392.000 1147392.000 1147392.000 1147392.000 1147392.000 63477072.000 0.000 100002384.000
1003968.000 836640.000 1003968.000 1003968.000 1003968.000 1003968.000 1003968.000 1003968.000 1003968.000 1003968.000 1003968.000 1003968.000 1003968.000 1003968.000 1003968.000 1003968.000 1003968.000 1003968.000 1003968.000 1003968.000 1003968.000 1003968.000 1123488.000 1003968.000 1003968.000 1003968.000 1003968.000 1003968.000 1003968.000 1003968.000 1003968.000 1003968.000 67923216.000 0.000 100002384.000
1147392.000 956160.000 1147392.000 1147392.000 1147392.000 1147392.000 1147392.000 1147392.000 1147392.000 1147392.000 1147392.000 1147392.000 1147392.000 1147392.000 1147392.000 1147392.000 1147392.000 1147392.000 1147392.000 1147392.000 1147392.000 1147392.000 1027872.000 1147392.000 1135440.000 1135440.000 1135440.000 1147392.000 1135440.000 1147392.000 1147392.000 1147392.000 63632448.000 0.000 99990432.000
1003968.000 836640.000 1003968.000 1003968.000 1003968.000 1003968.000 1003968.000 1003968.000 1003968.000 1003968.000 1003968.000 1003968.000 1003968.000 1003968.000 1003968.000 1003968.000 1003968.000 1003968.000 1003968.000 1003968.000 1003968.000 1003968.000 1123488.000 1003968.000 1003968.000 1003968.000 1003968.000 992016.000 1003968.000 992016.000 1003968.000 1003968.000 67947120.000 0.000 100002384.000
1147392.000 956160.000 1147392.000 1147392.000 1147392.000 1147392.000 1147392.000 1147392.000 1147392.000 1147392.000 1147392.000 1147392.000 1147392.000 1147392.000 1147392.000 1147392.000 1147392.000 1147392.000 1147392.000 1147392.000 1147392.000 1147392.000 1027872.000 1147392.000 1147392.000 1147392.000 1147392.000 1147392.000 1147392.000 1147392.000 1135440.000 1135440.000 63620496.000 0.000 100002384.000
1003968.000 836640.000 1003968.000 1003968.000 1003968.000 1003968.000 1003968.000 1003968.000 1003968.000 1003968.000 1003968.000 1003968.000 1003968.000 1003968.000 1003968.000 1003968.000 1003968.000 1003968.000 1003968.000 1003968.000 1003968.000 1003968.000 1003968.000 1003968.000 1003968.000 1003968.000 1003968.000 1003968.000 1003968.000 1003968.000 1003968.000 1003968.000 68042736.000 0.000 100002384.000
1147392.000 956160.000 1147392.000 1147392.000 1147392.000 1147392.000 1147392.000 1147392.000 1147392.000 1147392.000 1147392.000 1147392.000 1147392.000 1147392.000 1147392.000 1147392.000 1147392.000 1147392.000 1147392.000 1147392.000 1015920.000 1003968.000 1123488.000 1147392.000 1147392.000 1147392.000 1147392.000 1147392.000 1147392.000 1147392.000 1147392.000 1147392.000 63775872.000 0.000 100002384.000
1003968.000 836640.000 1003968.000 1003968.000 1003968.000 1003968.000 1003968.000 1003968.000 1003968.000 1003968.000 1003968.000 1003968.000 1003968.000 1003968.000 1003968.000 1003968.000 1003968.000 1003968.000 1003968.000 1003968.000 1135440.000 1147392.000 1027872.000 1003968.000 1003968.000 1003968.000 1003968.000 1003968.000 1003968.000 1003968.000 1003968.000 1003968.000 67731984.000 0.000 99990432.000
1147392.000 956160.000 1147392.000 1147392.000 1147392.000 1147392.000 1147392.000 1051776.000 1003968.000 1003968.000 1003968.000 1003968.000 1003968.000 1003968.000 1003968.000 1003968.000 1003968.000 1003968.000 1003968.000 1003968.000 1003968.000 1003968.000 1123488.000 1147392.000 1147392.000 1147392.000 1147392.000 1147392.000 1147392.000 1147392.000 1147392.000 1147392.000 65604528.000 0.000 100002384.000
1003968.000 836640.000 1003968.000 1003968.000 1003968.000 1003968.000 1003968.000 1099584.000 1147392.000 1147392.000 1147392.000 1147392.000 1147392.000 1147392.000 1147392.000 1147392.000 1147392.000 1147392.000 1147392.000 1147392.000 1147392.000 1147392.000 1027872.000 1003968.000 1003968.000 1003968.000 1003968.000 1003968.000 1003968.000 1003968.000 1003968.000 1003968.000 65915280.000 0.000 100002384.000
1003968.000 836640.000 1003968.000 1003968.000 1003968.000 1003968.000 1003968.000 1003968.000 1003968.000 1003968.000 1003968.000 1003968.000 1003968.000 1003968.000 1003968.000 1003968.000 1003968.000 1003968.000 1003968.000 1003968.000 1003968.000 1003968.000 1123488.000 1147392.000 1027872.000 1003968.000 1003968.000 1003968.000 1003968.000 1003968.000 1003968.000 1003968.000 67755888.000 0.000 100002384.000
1147392.000 956160.000 1147392.000 1147392.000 1147392.000 1147392.000 1147392.000 1147392.000 1147392.000 1147392.000 1147392.000 1147392.000 1147392.000 1147392.000 1147392.000 1147392.000 1147392.000 1147392.000 1147392.000 1147392.000 1147392.000 1147392.000 1027872.000 1003968.000 1123488.000 1147392.000 1147392.000 1147392.000 1147392.000 1147392.000 1147392.000 1147392.000 63763920.000 0.000 100002384.000
1003968.000 824688.000 1003968.000 1003968.000 1003968.000 1003968.000 1003968.000 1003968.000 1003968.000 1003968.000 1003968.000 1003968.000 1003968.000 1003968.000 980064.000 860544.000 860544.000 860544.000 860544.000 860544.000 860544.000 860544.000 980064.000 1003968.000 1003968.000 1003968.000 1003968.000 1003968.000 1003968.000 1003968.000 1003968.000 1003968.000 62305776.000 6788736.000 99990432.000
513936.000 466128.000 513936.000 513936.000 513936.000 573696.000 573696.000 573696.000 573696.000 573696.000 573696.000 573696.000 573696.000 573696.000 597600.000 717120.000 717120.000 717120.000 717120.000 717120.000 717120.000 717120.000 597600.000 573696.000 573696.000 573696.000 573696.000 573696.000 573696.000 573696.000 573696.000 573696.000 46098864.000 34840080.000 100002384.000
358560.000 346608.000 358560.000 358560.000 358560.000 394416.000 394416.000 478080.000 478080.000 478080.000 370512.000 370512.000 370512.000 370512.000 370512.000 370512.000 394416.000 370512.000 370512.000 394416.000 394416.000 370512.000 370512.000 394416.000 394416.000 382464.000 382464.000 382464.000 382464.000 478080.000 394416.000 394416.000 48800016.000 38724480.000 100002384.000
346608.000 370512.000 346608.000 346608.000 346608.000 346608.000 346608.000 478080.000 478080.000 478080.000 346608.000 346608.000 346608.000 346608.000 346608.000 346608.000 346608.000 346608.000 346608.000 346608.000 358560.000 346608.000 346608.000 346608.000 358560.000 358560.000 358560.000 358560.000 358560.000 478080.000 358560.000 358560.000 46959408.000 41306112.000 100002384.000
442224.000 418320.000 442224.000 442224.000 442224.000 442224.000 442224.000 501984.000 478080.000 478080.000 370512.000 370512.000 370512.000 370512.000 370512.000 370512.000 358560.000 370512.000 370512.000 358560.000 346608.000 370512.000 442224.000 442224.000 418320.000 418320.000 418320.000 418320.000 418320.000 573696.000 418320.000 418320.000 47903616.000 38784240.000 100002384.000
346608.000 370512.000 346608.000 346608.000 346608.000 346608.000 346608.000 549792.000 573696.000 573696.000 418320.000 418320.000 418320.000 418320.000 418320.000 418320.000 442224.000 418320.000 418320.000 442224.000 442224.000 418320.000 358560.000 358560.000 370512.000 370512.000 370512.000 370512.000 370512.000 478080.000 370512.000 370512.000 46983312.000 39979440.000 99990432.000
370512.000 346608.000 370512.000 370512.000 370512.000 370512.000 370512.000 478080.000 478080.000 478080.000 370512.000 370512.000 370512.000 370512.000 370512.000 370512.000 346608.000 370512.000 370512.000 346608.000 346608.000 370512.000 346608.000 346608.000 346608.000 346608.000 346608.000 346608.000 346608.000 478080.000 346608.000 346608.000 47306016.000 40720464.000 100002384.000
346608.000 370512.000 346608.000 346608.000 346608.000 346608.000 346608.000 478080.000 478080.000 478080.000 346608.000 346608.000 346608.000 346608.000 346608.000 346608.000 370512.000 346608.000 346608.000 370512.000 370512.000 346608.000 370512.000 370512.000 370512.000 370512.000 370512.000 370512.000 370512.000 478080.000 370512.000 370512.000 46815984.000 41258304.000 100002384.000
370512.000 346608.000 370512.000 370512.000 370512.000 358560.000 358560.000 478080.000 478080.000 478080.000 370512.000 370512.000 358560.000 370512.000 358560.000 358560.000 346608.000 358560.000 358560.000 346608.000 346608.000 358560.000 346608.000 346608.000 346608.000 346608.000 346608.000 346608.000 346608.000 478080.000 346608.000 346608.000 45632736.000 42489360.000 100002384.000
346608.000 370512.000 346608.000 346608.000 346608.000 358560.000 358560.000 478080.000 478080.000 478080.000 346608.000 346608.000 358560.000 346608.000 358560.000 358560.000 370512.000 358560.000 358560.000 370512.000 370512.000 358560.000 370512.000 370512.000 370512.000 370512.000 370512.000 370512.000 370512.000 478080.000 370512.000 358560.000 45692496.000 42298128.000 100002384.000
370512.000 346608.000 370512.000 370512.000 370512.000 358560.000 358560.000 478080.000 478080.000 478080.000 370512.000 370512.000 358560.000 370512.000 358560.000 358560.000 346608.000 358560.000 358560.000 346608.000 346608.000 358560.000 346608.000 346608.000 346608.000 358560.000 346608.000 346608.000 358560.000 478080.000 358560.000 370512.000 45788112.000 42262272.000 99990432.000
346608.000 370512.000 346608.000 346608.000 346608.000 370512.000 370512.000 478080.000 478080.000 478080.000 346608.000 346608.000 370512.000 346608.000 370512.000 370512.000 370512.000 370512.000 370512.000 370512.000 370512.000 370512.000 370512.000 370512.000 358560.000 346608.000 370512.000 358560.000 346608.000 478080.000 346608.000 346608.000 45859824.000 42142752.000 100002384.000
370512.000 346608.000 370512.000 370512.000 370512.000 346608.000 346608.000 478080.000 478080.000 478080.000 370512.000 370512.000 346608.000 370512.000 346608.000 346608.000 346608.000 346608.000 346608.000 346608.000 346608.000 346608.000 346608.000 346608.000 370512.000 370512.000 358560.000 382464.000 382464.000 478080.000 382464.000 382464.000 45943488.000 42071040.000 100002384.000
513936.000 466128.000 442224.000 454176.000 454176.000 454176.000 454176.000 573696.000 573696.000 573696.000 442224.000 442224.000 454176.000 442224.000 454176.000 454176.000 442224.000 454176.000 454176.000 442224.000 442224.000 454176.000 430272.000 430272.000 370512.000 382464.000 513936.000 513936.000 513936.000 549792.000 406368.000 513936.000 41114880.000 43923600.000 100002384.000
513936.000 549792.000 585648.000 573696.000 573696.000 573696.000 573696.000 764928.000 764928.000 764928.000 573696.000 573696.000 573696.000 573696.000 573696.000 573696.000 573696.000 573696.000 573696.000 573696.000 573696.000 573696.000 418320.000 418320.000 454176.000 418320.000 501984.000 501984.000 501984.000 501984.000 501984.000 501984.000 32521392.000 49636656.000 100002384.000
501984.000 501984.000 501984.000 501984.000 501984.000 501984.000 501984.000 669312.000 669312.000 669312.000 501984.000 501984.000 501984.000 501984.000 501984.000 501984.000 501984.000 501984.000 501984.000 501984.000 501984.000 501984.000 513936.000 513936.000 501984.000 513936.000 501984.000 501984.000 501984.000 501984.000 501984.000 501984.000 32533344.000 50855760.000 99990432.000
430272.000 430272.000 430272.000 430272.000 430272.000 430272.000 430272.000 573696.000 573696.000 573696.000 430272.000 430272.000 430272.000 430272.000 430272.000 430272.000 430272.000 430272.000 430272.000 430272.000 430272.000 430272.000 430272.000 430272.000 430272.000 430272.000 430272.000 430272.000 430272.000 430272.000 430272.000 430272.000 30597120.000 55206288.000 100002384.000
501984.000 501984.000 501984.000 501984.000 501984.000 501984.000 501984.000 669312.000 669312.000 669312.000 501984.000 501984.000 501984.000 501984.000 501984.000 501984.000 501984.000 501984.000 501984.000 501984.000 501984.000 501984.000 501984.000 501984.000 501984.000 501984.000 501984.000 501984.000 501984.000 501984.000 501984.000 501984.000 30429792.000 53007120.000 100002384.000
430272.000 430272.000 430272.000 430272.000 430272.000 430272.000 430272.000 573696.000 573696.000 573696.000 430272.000 430272.000 430272.000 430272.000 430272.000 430272.000 430272.000 430272.000 430272.000 430272.000 430272.000 430272.000 430272.000 430272.000 430272.000 430272.000 430272.000 430272.000 430272.000 430272.000 430272.000 430272.000 30035376.000 55768032.000 100002384.000
501984.000 501984.000 501984.000 501984.000 501984.000 501984.000 501984.000 669312.000 669312.000 669312.000 501984.000 501984.000 501984.000 501984.000 501984.000 501984.000 501984.000 501984.000 501984.000 501984.000 501984.000 501984.000 501984.000 501984.000 501984.000 501984.000 501984.000 501984.000 501984.000 501984.000 501984.000 501984.000 31816224.000 51620688.000 100002384.000
430272.000 430272.000 430272.000 430272.000 430272.000 430272.000 430272.000 573696.000 573696.000 573696.000 430272.000 430272.000 430272.000 430272.000 430272.000 430272.000 430272.000 430272.000 430272.000 430272.000 430272.000 430272.000 430272.000 430272.000 430272.000 430272.000 430272.000 430272.000 430272.000 430272.000 430272.000 430272.000 28816272.000 56975184.000 99990432.000
430272.000 430272.000 430272.000 430272.000 430272.000 430272.000 430272.000 573696.000 573696.000 573696.000 430272.000 430272.000 430272.000 430272.000 430272.000 430272.000 430272.000 430272.000 430272.000 430272.000 430272.000 430272.000 430272.000 430272.000 430272.000 430272.000 430272.000 430272.000 430272.000 430272.000 430272.000 430272.000 31099104.000 54704304.000 100002384.000
501984.000 501984.000 501984.000 501984.000 501984.000 501984.000 501984.000 669312.000 669312.000 669312.000 501984.000 501984.000 501984.000 501984.000 501984.000 501984.000 501984.000 501984.000 501984.000 501984.000 501984.000 501984.000 501984.000 501984.000 501984.000 501984.000 501984.000 501984.000 501984.000 501984.000 501984.000 501984.000 31804272.000 51632640.000 100002384.000
430272.000 430272.000 430272.000 430272.000 430272.000 430272.000 430272.000 573696.000 573696.000 573696.000 430272.000 430272.000 430272.000 430272.000 430272.000 430272.000 430272.000 430272.000 430272.000 430272.000 430272.000 430272.000 430272.000 430272.000 430272.000 430272.000 430272.000 430272.000 430272.000 430272.000 430272.000 430272.000 29581200.000 56222208.000 100002384.000
430272.000 430272.000 430272.000 430272.000 430272.000 430272.000 430272.000 573696.000 573696.000 573696.000 430272.000 430272.000 430272.000 430272.000 430272.000 430272.000 430272.000 430272.000 430272.000 430272.000 430272.000 430272.000 430272.000 430272.000 430272.000 430272.000 430272.000 430272.000 430272.000 430272.000 430272.000 430272.000 29593152.000 56210256.000 100002384.000
430272.000 430272.000 430272.000 430272.000 430272.000 430272.000 430272.000 573696.000 573696.000 573696.000 430272.000 430272.000 430272.000 430272.000 430272.000 430272.000 430272.000 430272.000 430272.000 430272.000 430272.000 430272.000 430272.000 430272.000 430272.000 430272.000 430272.000 430272.000 430272.000 430272.000 430272.000 430272.000 31840128.000 53951328.000 99990432.000
430272.000 430272.000 430272.000 430272.000 430272.000 430272.000 430272.000 573696.000 573696.000 573696.000 430272.000 430272.000 430272.000 430272.000 430272.000 430272.000 430272.000 430272.000 430272.000 430272.000 430272.000 430272.000 430272.000 430272.000 430272.000 430272.000 430272.000 430272.000 430272.000 430272.000 430272.000 430272.000 30824208.000 54979200.000 100002384.000
430272.000 430272.000 430272.000 430272.000 430272.000 430272.000 430272.000 573696.000 573696.000 573696.000 430272.000 430272.000 430272.000 430272.000 430272.000 430272.000 430272.000 430272.000 430272.000 430272.000 430272.000 430272.000 430272.000 430272.000 430272.000 430272.000 430272.000 430272.000 430272.000 430272.000 430272.000 430272.000 28433808.000 57369600.000 100002384.000
430272.000 430272.000 430272.000 430272.000 430272.000 430272.000 430272.000 573696.000 573696.000 573696.000 430272.000 430272.000 430272.000 430272.000 430272.000 430272.000 430272.000 430272.000 430272.000 430272.000 430272.000 430272.000 430272.000 430272.000 430272.000 430272.000 430272.000 430272.000 430272.000 430272.000 430272.000 430272.000 29127024.000 56676384.000 100002384.000
358560.000 358560.000 358560.000 358560.000 358560.000 358560.000 358560.000 478080.000 478080.000 478080.000 358560.000 358560.000 358560.000 358560.000 358560.000 358560.000 358560.000 358560.000 358560.000 358560.000 358560.000 358560.000 430272.000 406368.000 358560.000 358560.000 358560.000 358560.000 358560.000 358560.000 358560.000 358560.000 29318256.000 58732128.000 100002384.000
418320.000 418320.000 418320.000 418320.000 418320.000 418320.000 418320.000 573696.000 573696.000 573696.000 418320.000 418320.000 418320.000 418320.000 418320.000 418320.000 418320.000 418320.000 418320.000 418320.000 418320.000 418320.000 346608.000 370512.000 418320.000 418320.000 418320.000 418320.000 418320.000 418320.000 418320.000 418320.000 26796384.000 59461200.000 99990432.000
382464.000 382464.000 382464.000 382464.000 382464.000 382464.000 382464.000 478080.000 478080.000 478080.000 334656.000 334656.000 370512.000 370512.000 370512.000 370512.000 370512.000 346608.000 346608.000 370512.000 346608.000 346608.000 346608.000 346608.000 370512.000 370512.000 370512.000 370512.000 370512.000 322704.000 322704.000 310752.000 25720704.000 62389440.000 100002384.000
430272.000 430272.000 430272.000 430272.000 430272.000 430272.000 430272.000 573696.000 573696.000 573696.000 298800.000 298800.000 430272.000 430272.000 430272.000 430272.000 430272.000 298800.000 298800.000 430272.000 310752.000 298800.000 298800.000 298800.000 430272.000 430272.000 430272.000 430272.000 430272.000 310752.000 310752.000 286848.000 31051296.000 56174400.000 100002384.000
358560.000 358560.000 358560.000 358560.000 358560.000 358560.000 358560.000 478080.000 478080.000 478080.000 370512.000 370512.000 358560.000 358560.000 358560.000 358560.000 358560.000 358560.000 358560.000 358560.000 370512.000 358560.000 358560.000 358560.000 358560.000 358560.000 358560.000 358560.000 358560.000 370512.000 370512.000 358560.000 29282400.000 58827744.000 100002384.000
418320.000 418320.000 418320.000 418320.000 418320.000 418320.000 418320.000 573696.000 573696.000 573696.000 418320.000 418320.000 418320.000 418320.000 418320.000 418320.000 418320.000 430272.000 430272.000 418320.000 430272.000 430272.000 430272.000 430272.000 418320.000 418320.000 418320.000 418320.000 418320.000 430272.000 430272.000 430272.000 28123056.000 57919392.000 100002384.000
370512.000 370512.000 370512.000 370512.000 370512.000 370512.000 370512.000 478080.000 478080.000 478080.000 370512.000 370512.000 370512.000 370512.000 370512.000 370512.000 370512.000 346608.000 346608.000 370512.000 346608.000 346608.000 346608.000 346608.000 370512.000 358560.000 358560.000 370512.000 370512.000 346608.000 346608.000 346608.000 26306352.000 61744032.000 99990432.000
346608.000 346608.000 346608.000 310752.000 310752.000 346608.000 346608.000 478080.000 478080.000 478080.000 370512.000 370512.000 322704.000 322704.000 322704.000 322704.000 322704.000 382464.000 382464.000 322704.000 382464.000 382464.000 370512.000 370512.000 382464.000 358560.000 382464.000 370512.000 370512.000 382464.000 382464.000 382464.000 26461728.000 61791840.000 100002384.000
454176.000 358560.000 454176.000 430272.000 394416.000 442224.000 442224.000 490032.000 490032.000 454176.000 454176.000 454176.000 322704.000 406368.000 406368.000 406368.000 322704.000 454176.000 454176.000 406368.000 442224.000 442224.000 286848.000 322704.000 442224.000 394416.000 454176.000 454176.000 454176.000 442224.000 442224.000 442224.000 23390064.000 63094608.000 100002384.000
501984.000 418320.000 501984.000 501984.000 513936.000 501984.000 501984.000 501984.000 501984.000 501984.000 501984.000 501984.000 454176.000 513936.000 513936.000 513936.000 454176.000 501984.000 501984.000 513936.000 501984.000 501984.000 394416.000 418320.000 501984.000 513936.000 501984.000 501984.000 501984.000 501984.000 501984.000 501984.000 18680976.000 65556720.000 100002384.000
430272.000 442224.000 430272.000 430272.000 430272.000 430272.000 430272.000 430272.000 430272.000 430272.000 430272.000 430272.000 430272.000 430272.000 430272.000 430272.000 430272.000 430272.000 430272.000 430272.000 430272.000 430272.000 513936.000 442224.000 430272.000 430272.000 430272.000 430272.000 430272.000 430272.000 430272.000 430272.000 17904096.000 68222016.000 100002384.000
501984.000 501984.000 501984.000 501984.000 501984.000 501984.000 501984.000 501984.000 501984.000 501984.000 501984.000 501984.000 501984.000 501984.000 501984.000 501984.000 501984.000 501984.000 501984.000 501984.000 501984.000 501984.000 430272.000 501984.000 501984.000 501984.000 501984.000 501984.000 501984.000 501984.000 501984.000 501984.000 17521632.000 66477024.000 99990432.000
430272.000 430272.000 430272.000 430272.000 430272.000 430272.000 430272.000 430272.000 430272.000 430272.000 430272.000 430272.000 430272.000 430272.000 430272.000 430272.000 430272.000 430272.000 430272.000 430272.000 430272.000 430272.000 430272.000 430272.000 430272.000 430272.000 430272.000 430272.000 430272.000 430272.000 430272.000 430272.000 16673040.000 69560640.000 100002384.000
501984.000 501984.000 501984.000 501984.000 501984.000 501984.000 501984.000 501984.000 501984.000 501984.000 501984.000 501984.000 501984.000 501984.000 501984.000 501984.000 430272.000 430272.000 430272.000 454176.000 430272.000 430272.000 501984.000 501984.000 501984.000 501984.000 501984.000 501984.000 501984.000 501984.000 501984.000 501984.000 19720800.000 64624464.000 100002384.000
430272.000 430272.000 430272.000 430272.000 430272.000 430272.000 430272.000 430272.000 430272.000 430272.000 430272.000 430272.000 430272.000 430272.000 430272.000 430272.000 501984.000 501984.000 501984.000 478080.000 501984.000 501984.000 430272.000 430272.000 430272.000 430272.000 430272.000 430272.000 430272.000 430272.000 430272.000 430272.000 17139168.000 68688144.000 100002384.000
430272.000 430272.000 430272.000 430272.000 430272.000 430272.000 430272.000 430272.000 430272.000 430272.000 430272.000 430272.000 430272.000 430272.000 430272.000 430272.000 430272.000 430272.000 430272.000 430272.000 430272.000 430272.000 430272.000 430272.000 430272.000 430272.000 430272.000 430272.000 430272.000 430272.000 430272.000 430272.000 17318448.000 68915232.000 100002384.000
430272.000 430272.000 430272.000 430272.000 430272.000 430272.000 430272.000 430272.000 430272.000 430272.000 430272.000 430272.000 430272.000 430272.000 430272.000 430272.000 430272.000 430272.000 430272.000 430272.000 430272.000 430272.000 430272.000 430272.000 430272.000 430272.000 430272.000 430272.000 430272.000 430272.000 430272.000 430272.000 18573408.000 67648320.000 99990432.000
501984.000 501984.000 501984.000 501984.000 501984.000 501984.000 501984.000 501984.000 501984.000 501984.000 501984.000 501984.000 501984.000 466128.000 454176.000 454176.000 430272.000 430272.000 430272.000 430272.000 430272.000 430272.000 501984.000 501984.000 501984.000 501984.000 501984.000 501984.000 501984.000 501984.000 501984.000 501984.000 19577376.000 64923264.000 100002384.000
430272.000 430272.000 430272.000 430272.000 430272.000 430272.000 430272.000 430272.000 430272.000 430272.000 430272.000 430272.000 430272.000 466128.000 478080.000 478080.000 501984.000 501984.000 501984.000 501984.000 501984.000 501984.000 430272.000 430272.000 430272.000 430272.000 430272.000 430272.000 430272.000 430272.000 430272.000 430272.000 17880192.000 67791744.000 100002384.000
430272.000 430272.000 430272.000 430272.000 430272.000 430272.000 430272.000 430272.000 430272.000 430272.000 430272.000 430272.000 430272.000 430272.000 430272.000 430272.000 430272.000 430272.000 430272.000 430272.000 430272.000 430272.000 430272.000 430272.000 430272.000 430272.000 430272.000 430272.000 430272.000 430272.000 430272.000 430272.000 18083376.000 68150304.000 100002384.000
430272.000 430272.000 430272.000 430272.000 430272.000 430272.000 430272.000 430272.000 430272.000 430272.000 430272.000 430272.000 430272.000 430272.000 430272.000 430272.000 430272.000 430272.000 430272.000 430272.000 430272.000 430272.000 430272.000 430272.000 430272.000 430272.000 430272.000 430272.000 430272.000 430272.000 430272.000 430272.000 18262656.000 67971024.000 100002384.000
430272.000 430272.000 430272.000 430272.000 430272.000 430272.000 430272.000 430272.000 430272.000 430272.000 430272.000 430272.000 430272.000 430272.000 430272.000 430272.000 430272.000 430272.000 430272.000 430272.000 430272.000 430272.000 430272.000 430272.000 430272.000 430272.000 430272.000 430272.000 430272.000 430272.000 430272.000 430272.000 18465840.000 67755888.000 99990432.000
430272.000 430272.000 430272.000 430272.000 430272.000 430272.000 430272.000 430272.000 430272.000 394416.000 358560.000 358560.000 358560.000 358560.000 358560.000 358560.000 358560.000 358560.000 358560.000 358560.000 358560.000 358560.000 430272.000 430272.000 430272.000 430272.000 430272.000 430272.000 430272.000 430272.000 430272.000 430272.000 18633168.000 68496912.000 100002384.000
358560.000 358560.000 358560.000 358560.000 358560.000 358560.000 358560.000 358560.000 358560.000 394416.000 430272.000 430272.000 430272.000 430272.000 430272.000 430272.000 430272.000 430272.000 430272.000 430272.000 430272.000 430272.000 358560.000 358560.000 358560.000 358560.000 358560.000 358560.000 358560.000 358560.000 358560.000 358560.000 15704928.000 71927136.000 100002384.000
346608.000 346608.000 346608.000 346608.000 346608.000 346608.000 346608.000 346608.000 346608.000 346608.000 346608.000 346608.000 346608.000 346608.000 346608.000 346608.000 346608.000 346608.000 346608.000 346608.000 346608.000 346608.000 346608.000 346608.000 358560.000 358560.000 346608.000 358560.000 358560.000 358560.000 358560.000 358560.000 15860304.000 72966960.000 100002384.000
406368.000 454176.000 454176.000 442224.000 442224.000 454176.000 454176.000 442224.000 442224.000 442224.000 442224.000 442224.000 442224.000 442224.000 442224.000 442224.000 442224.000 442224.000 442224.000 442224.000 442224.000 442224.000 442224.000 442224.000 430272.000 430272.000 442224.000 430272.000 418320.000 430272.000 430272.000 418320.000 15884208.000 70062624.000 100002384.000
346608.000 430272.000 430272.000 430272.000 430272.000 430272.000 430272.000 430272.000 430272.000 430272.000 430272.000 430272.000 430272.000 430272.000 430272.000 430272.000 430272.000 430272.000 430272.000 430272.000 430272.000 430272.000 501984.000 501984.000 430272.000 430272.000 430272.000 430272.000 442224.000 430272.000 430272.000 442224.000 10900224.000 75237840.000 99990432.000
513936.000 501984.000 501984.000 501984.000 501984.000 501984.000 501984.000 501984.000 501984.000 501984.000 501984.000 501984.000 501984.000 501984.000 501984.000 501984.000 501984.000 501984.000 501984.000 501984.000 501984.000 501984.000 430272.000 430272.000 501984.000 501984.000 501984.000 501984.000 501984.000 501984.000 501984.000 501984.000 10183104.000 73887264.000 100002384.000
430272.000 418320.000 358560.000 382464.000 382464.000 358560.000 358560.000 358560.000 358560.000 358560.000 358560.000 358560.000 358560.000 358560.000 358560.000 358560.000 358560.000 358560.000 358560.000 358560.000 358560.000 358560.000 430272.000 430272.000 430272.000 430272.000 430272.000 430272.000 430272.000 430272.000 430272.000 430272.000 10051632.000 77580432.000 100002384.000
358560.000 370512.000 430272.000 406368.000 406368.000 430272.000 430272.000 430272.000 430272.000 430272.000 430272.000 430272.000 430272.000 430272.000 430272.000 430272.000 430272.000 430272.000 430272.000 430272.000 430272.000 430272.000 358560.000 358560.000 358560.000 358560.000 358560.000 358560.000 358560.000 358560.000 358560.000 358560.000 8533728.000 78596352.000 100002384.000
430272.000 430272.000 430272.000 430272.000 430272.000 430272.000 430272.000 430272.000 430272.000 430272.000 430272.000 430272.000 430272.000 430272.000 430272.000 430272.000 430272.000 430272.000 430272.000 430272.000 430272.000 430272.000 430272.000 430272.000 430272.000 430272.000 430272.000 430272.000 430272.000 430272.000 430272.000 430272.000 10434096.000 75799584.000 100002384.000
346608.000 346608.000 346608.000 346608.000 346608.000 346608.000 346608.000 346608.000 346608.000 346608.000 346608.000 346608.000 346608.000 346608.000 346608.000 346608.000 346608.000 346608.000 346608.000 346608.000 346608.000 346608.000 358560.000 346608.000 358560.000 358560.000 358560.000 358560.000 358560.000 358560.000 358560.000 358560.000 8844480.000 79946928.000 99990432.000
370512.000 370512.000 370512.000 370512.000 370512.000 370512.000 370512.000 370512.000 370512.000 370512.000 370512.000 370512.000 370512.000 370512.000 370512.000 370512.000 370512.000 370512.000 370512.000 370512.000 358560.000 370512.000 346608.000 370512.000 346608.000 346608.000 346608.000 346608.000 346608.000 346608.000 346608.000 346608.000 8975952.000 79397136.000 100002384.000
418320.000 418320.000 418320.000 418320.000 418320.000 418320.000 358560.000 346608.000 346608.000 346608.000 358560.000 346608.000 358560.000 358560.000 358560.000 358560.000 358560.000 358560.000 358560.000 358560.000 370512.000 358560.000 442224.000 430272.000 442224.000 442224.000 442224.000 442224.000 442224.000 442224.000 442224.000 442224.000 10983888.000 76397184.000 100002384.000
370512.000 370512.000 370512.000 370512.000 370512.000 370512.000 430272.000 442224.000 442224.000 442224.000 430272.000 442224.000 430272.000 418320.000 418320.000 418320.000 418320.000 430272.000 418320.000 418320.000 418320.000 418320.000 346608.000 346608.000 358560.000 358560.000 358560.000 358560.000 358560.000 358560.000 358560.000 358560.000 9298656.000 78082416.000 100002384.000
346608.000 346608.000 346608.000 346608.000 346608.000 346608.000 346608.000 346608.000 346608.000 358560.000 358560.000 346608.000 358560.000 370512.000 370512.000 370512.000 370512.000 358560.000 370512.000 370512.000 370512.000 370512.000 370512.000 370512.000 346608.000 346608.000 346608.000 346608.000 346608.000 346608.000 346608.000 346608.000 9418176.000 79205904.000 100002384.000
370512.000 370512.000 370512.000 370512.000 370512.000 370512.000 370512.000 370512.000 358560.000 346608.000 346608.000 358560.000 346608.000 346608.000 346608.000 346608.000 346608.000 346608.000 346608.000 346608.000 346608.000 346608.000 346608.000 346608.000 370512.000 370512.000 370512.000 370512.000 370512.000 370512.000 370512.000 370512.000 9573552.000 78919056.000 99990432.000
346608.000 346608.000 346608.000 346608.000 346608.000 346608.000 346608.000 358560.000 370512.000 370512.000 370512.000 370512.000 370512.000 370512.000 370512.000 370512.000 370512.000 370512.000 370512.000 370512.000 370512.000 370512.000 370512.000 370512.000 346608.000 346608.000 346608.000 346608.000 346608.000 346608.000 346608.000 346608.000 9824544.000 78691968.000 100002384.000
442224.000 442224.000 442224.000 442224.000 442224.000 442224.000 442224.000 430272.000 418320.000 358560.000 346608.000 346608.000 346608.000 346608.000 346608.000 346608.000 346608.000 346608.000 346608.000 346608.000 346608.000 346608.000 418320.000 418320.000 442224.000 442224.000 442224.000 442224.000 442224.000 442224.000 442224.000 442224.000 11724912.000 75441024.000 100002384.000
346608.000 346608.000 346608.000 346608.000 346608.000 346608.000 346608.000 346608.000 370512.000 430272.000 442224.000 442224.000 442224.000 442224.000 442224.000 442224.000 442224.000 442224.000 442224.000 442224.000 442224.000 442224.000 358560.000 370512.000 346608.000 346608.000 346608.000 346608.000 346608.000 346608.000 346608.000 358560.000 10015776.000 77592384.000 100002384.000
370512.000 370512.000 370512.000 370512.000 370512.000 370512.000 370512.000 358560.000 346608.000 346608.000 346608.000 346608.000 346608.000 346608.000 346608.000 346608.000 346608.000 346608.000 346608.000 346608.000 346608.000 346608.000 358560.000 346608.000 370512.000 370512.000 370512.000 370512.000 370512.000 370512.000 358560.000 346608.000 10135296.000 78429024.000 100002384.000
358560.000 358560.000 358560.000 310752.000 358560.000 382464.000 346608.000 394416.000 382464.000 382464.000 382464.000 382464.000 382464.000 370512.000 370512.000 370512.000 370512.000 382464.000 370512.000 370512.000 358560.000 370512.000 358560.000 370512.000 382464.000 358560.000 382464.000 382464.000 346608.000 346608.000 394416.000 382464.000 10290672.000 77879232.000 99990432.000
442224.000 442224.000 442224.000 298800.000 442224.000 430272.000 334656.000 430272.000 430272.000 430272.000 430272.000 430272.000 430272.000 430272.000 430272.000 430272.000 430272.000 430272.000 430272.000 430272.000 442224.000 430272.000 442224.000 430272.000 430272.000 442224.000 430272.000 430272.000 334656.000 334656.000 430272.000 430272.000 12561552.000 74006784.000 100002384.000
430272.000 430272.000 430272.000 442224.000 430272.000 430272.000 442224.000 430272.000 430272.000 430272.000 430272.000 430272.000 430272.000 430272.000 430272.000 430272.000 430272.000 430272.000 430272.000 430272.000 430272.000 430272.000 430272.000 430272.000 430272.000 430272.000 430272.000 430272.000 442224.000 442224.000 430272.000 430272.000 12752784.000 73433088.000 100002384.000
358560.000 358560.000 358560.000 358560.000 358560.000 358560.000 358560.000 358560.000 358560.000 358560.000 358560.000 358560.000 358560.000 358560.000 358560.000 358560.000 358560.000 358560.000 358560.000 358560.000 358560.000 358560.000 358560.000 358560.000 358560.000 358560.000 358560.000 358560.000 358560.000 358560.000 358560.000 358560.000 10852416.000 77676048.000 100002384.000
