1100055864,100000000
1211177988,101375000
1211895108,102578125
1212497028,103755859
1213214148,104911376
1213816068,105922454
1315563824,119557147
1316519984,117737503
1316759024,116145315
1317595664,114752150
1318551824,113658131
1318790864,112575864
1319627504,111753881
1423697980,124034645
1423937020,122030314
1424893180,120276524
1425132220,118866958
1425371260,117633588
1426685980,116554389
1428000700,115860090
1428239740,115127578
1428478780,114486630
1429434940,114050801
1429673980,113544450
1524182856,111976393
1525139016,110604343
1525378056,109278800
1525617096,108118950
1526931816,107104081
1528366056,106216070
1528605096,105439061
1528844136,104759178
1529680776,104164280
1529919816,103643745
1624428692,103188276
1625504372,102789741
1625743412,102441023
1625982452,102135895
1627177652,101993908
1628731412,101744669
1628970452,101526585
1629209492,101460761
1629926612,101278165
1630165652,101243394
1726108768,113212969
1727423488,111936347
1727662528,110694303
1727901568,109607515
1729096768,108906575
1730889568,108168253
1731128608,107522221
1731367648,106956943
1731606688,106337325
1732323808,105920159
1732562848,105430139
1826593644,104751371
1827908364,104157449
1828147404,103762767
1828386444,103417421
1829581644,102990243
1831374444,102741462
1831613484,102398779
1831852524,102098931
1832091564,101961564
1832808684,101841368
1833047724,101736197
1928393240,113519172
1929947000,112204275
1930186040,111053740
1930425080,109922022
1931620280,109056769
1933652120,108424672
1933891160,107621588
1934130200,107043889
1934369240,106538402
1934608280,105971101
1935325400,105599713
1935564440,105149748
2029117156,104631029
2030551396,104177150
2030790436,103655006
2031029476,103323130
2032344196,103032738
2034256516,102778645
2034495556,102556314
2034734596,102361774
2034973636,102066552
2035212676,101933233
2035929796,101816578
2036168836,101714505
2130916752,113375191
2132350992,112078292
2132590032,110818505
2132829072,109716191
2134382832,108876667
2136295152,108267083
2136534192,107483697
2136773232,106798234
2137012272,106323454
2137251312,105908022
2137490352,105419519
2138207472,105117079
2138446512,104727444
2231521148,104261513
2232955388,103728823
2233194428,103387720
2233433468,103089255
2234987228,102703098
2236899548,102365210
2237138588,102194558
2237377628,102045238
2237616668,101914583
2237855708,101675260
2238094748,101590852
2238811868,101516995
2239050908,101452370
2334666908,113270823
2336101148,112236970
2336340188,111207348
2336579228,110181429
2338372028,109533750
2338611068,108842031
2340523388,108236777
2340762428,107582179
2341001468,107134406
2341240508,106742605
2341479548,106399779
2341718588,105974806
2342555228,105727955
2342794268,105386960
2440442108,105463590
2441876348,105405641
2442115388,105479935
2442354428,105544943
2444147228,105601825
2444386268,105651596
2446298588,105945146
2446537628,105952002
2446776668,105958001
2447015708,105963250
2447254748,105967843
2447493788,105971862
2448569468,106100379
2448808508,106087831
2551117628,118951852
2552551868,118082870
2552790908,117197511
2553029948,116422822
2555061788,115994969
2555300828,115370597
2557213148,115074272
2557452188,114564988
2557691228,114119364
2557930268,113729443
2558169308,113388262
2558408348,113089729
2559364508,112953512
2559603548,112709323
2661434588,125245657
2662868828,123464949
2663107868,121906830
2663346908,120543476
2665259228,119475541
2665498268,118291098
2667410588,117504710
2667649628,116566621
2667888668,115745793
2668127708,115152568
2668366748,114633497
2668605788,114054309
2669561948,113672520
2669800988,113213455
2770675868,125436773
2772110108,123632176
2772349148,121928154
2772588188,120312134
2774500508,119148117
2774739548,117879602
2776651868,117019651
2776890908,116017194
2777129948,115265044
2777368988,114606913
2777608028,113906048
2777847068,113292792
2778803228,112881193
2779042268,112521043
2879917148,124705912
2881351388,122992673
2881590428,121243588
2881829468,119713139
2883741788,118623996
2883980828,117420996
2885893148,116618371
2886132188,115791074
2886371228,115067189
2886610268,114308790
2886849308,113645191
2887088348,113189542
2888044508,112915849
2888283548,112551367
2989158428,124732446
2990592668,123015890
2990831708,121263903
2991070748,119855915
2992983068,118748925
2993222108,117655309
2995134428,116948395
2995373468,116079845
2995612508,115194864
2995851548,114420506
2996090588,113867942
2996329628,113384449
2997285788,112961392
2997524828,112466218
3098399708,124657940
3099833948,122825697
3100072988,121222484
3100312028,119819673
3102224348,118717213
3102463388,117627561
3104375708,116799115
3104614748,115824225
3104853788,114971196
3105092828,114349796
3105331868,113806071
3105570908,113205312
3106527068,112804648
3106766108,112329067
3207640988,124537933
3209075228,122845691
3209314268,121239979
3209553308,119709981
3211465628,118621233
3211704668,117418578
3213616988,116616255
3213856028,115664223
3214095068,114956195
3214334108,114336670
3214573148,113669586
3214812188,113085887
3215768348,112700151
3216007388,112362632
3316882268,124567303
3318316508,122871390
3318555548,121137466
3318794588,119620282
3320706908,118542746
3320945948,117349902
3322858268,116556164
3323097308,115736643
3323336348,115019562
3323575388,114267116
3323814428,113608726
3324053468,113157635
3325009628,112887930
3325248668,112526938
3426123548,124711070
3427557788,122997186
3427796828,121247537
3428035868,119841594
3429948188,118736394
3430187228,117644344
3432099548,116938801
3432338588,116071450
3432577628,115187518
3432816668,114414078
3433055708,113862318
3433294748,113379528
3434250908,112957087
3434489948,112462451
3535364828,124654644
3536799068,122822813
3537038108,121219961
3537277148,119817465
3539189468,118715281
3539428508,117625870
3541340828,116797636
3541579868,115822931
3541818908,114970064
3542057948,114348806
3542296988,113805205
3542536028,113204554
3543492188,112803984
3543731228,112328486
3644606108,124537425
3646040348,122845246
3646279388,121239590
3646518428,119709641
3648430748,118620935
3648669788,117418318
3650582108,116616028
3650821148,115664024
3651060188,114956021
3651299228,114336518
3651538268,113669453
3651777308,113085771
3652733468,112700049
3652972508,112237542
3753847388,124457849
3755281628,122775617
3755520668,121053664
3755759708,119546956
3757672028,118478586
3757911068,117293762
3759823388,116507041
3760062428,115693660
3760301468,114981952
3760540508,114234208
3760779548,113579932
3761018588,113132440
3761974748,112740885
3762213788,112398274
3863088668,124723489
3864522908,123008052
3864761948,121257045
3865000988,119849914
3866913308,118743674
3867152348,117650714
3869064668,116944374
3869303708,116076327
3869542748,115191786
3869781788,114417812
3870020828,113865585
3870259868,113382386
3871216028,112959587
3871455068,112589638
3972329948,124765933
3973764188,122920191
3974003228,121305167
3974242268,119892021
3976154588,118780518
3976393628,117682953
3978305948,116847583
3978544988,115866635
3978784028,115008305
3979023068,114382266
3979262108,113834482
3979501148,113230171
3980457308,112826399
3980696348,112348099
4081571228,124554586
4083005468,122860262
4083244508,121252729
4083483548,119721137
4085395868,118630994
4085634908,117427119
4087547228,116623729
4087786268,115670762
4088025308,114961916
4088264348,114341676
4088503388,113673966
4088742428,113089720
4089698588,112703505
4089937628,112240566
4190812508,124460495
4192246748,122777933
4192485788,121055691
4192724828,119548729
4194637148,118480137
4194876188,117295119
4196788508,116508229
4197027548,115694700
4197266588,114982862
4197505628,114235004
4197744668,113580628
4197983708,113008049
4198939868,112632042
4199178908,112303036
4300053788,124640156
4301488028,122935136
4301727068,121193244
4301966108,119669088
4303878428,118585452
4304117468,117512270
4306029788,116823236
4306268828,115970331
4306507868,115099039
4306746908,114336659
4306985948,113669576
4307224988,113210879
4308181148,112934519
4308420188,112567704
4409295068,124746741
4410729308,122903398
4410968348,121165473
4411207388,119769788
4413119708,118798564
4413358748,117698743
4415271068,116861400
4415510108,115878725
4415749148,115018884
4415988188,114266523
4416227228,113733207
4416466268,113266556
4417422428,112858236
4417661468,112375956
4518536348,124578961
4519970588,122756590
4520209628,121162016
4520448668,119766764
4522360988,118670918
4522600028,117462053
4524512348,116654296
4524751388,115697509
4524990428,114860320
4525229468,114252780
4525468508,113721182
4525707548,113131034
4526663708,112739654
4526902748,112272197
4627777628,124488172
4629211868,122802150
4629450908,121201881
4629689948,119676645
4631602268,118592064
4631841308,117393056
4633753628,116593924
4633992668,115644683
4634231708,114939097
4634470748,114321709
4634709788,113656495
4634948828,113074433
4635904988,112690128
4636144028,112353862
4737018908,124684629
4738453148,122974050
4738692188,121227293
4738931228,119698881
4740843548,118611520
4741082588,117535080
4742994908,116718195
4743233948,115878420
4743472988,115143617
4743712028,114375664
4743951068,113703706
4744190108,113240742
4745146268,112960649
4745385308,112590567
4846260188,124766746
4847694428,122920902
4847933468,121180789
4848172508,119783190
4850084828,118810291
4850323868,117709004
4852236188,116870378
4852475228,116011580
4852714268,115135132
4852953308,114368240
4853192348,113822210
4853431388,113344433
4854387548,112926378
4854626588,112435580
4955501468,124631132
4956935708,122802240
4957174748,121201960
4957413788,119801715
4959326108,118701500
4959565148,117488812
4961477468,116677710
4961716508,115717996
4961955548,114878246
4962194588,114268465
4962433628,113734906
4962672668,113143042
4963628828,112750161
4963867868,112281390
5064742748,124496216
5066176988,122809189
5066416028,121208040
5066655068,119682035
5068567388,118596780
5068806428,117397182
5070718748,116597534
5070957788,115647842
5071196828,114941861
5071435868,114324128
5071674908,113658612
5071913948,113076285
5072870108,112691749
5073109148,112355280
5173988668,124560870
5175422908,122865761
5175661948,121132540
5175900988,119615972
5177813308,118538975
5178052348,117471603
5179964668,116662652
5180203708,115829820
5180442748,115101092
5180681788,114338455
5180920828,113671148
5181159868,113212254
5182116028,112935722
5182355068,112568756
5284429468,124872661
5285863708,123263578
5286102748,121730630
5286341788,120389301
5288254108,119465638
5288493148,118407433
5290405468,117606503
5290644508,116780690
5290883548,115933103
5291122588,115316465
5291361628,114776906
5291600668,114304792
5292556828,113891693
5292795868,113405231
5395344028,125854577
5396778268,124122754
5397017308,122607409
5397256348,121156482
5399168668,120136921
5399407708,118994805
5401320028,118245454
5401559068,117339772
5401798108,116547300
5402037148,115978887
5402276188,115356526
5402515228,114811960
5403471388,114460465
5403710428,114027906
5507095228,126649417
5508529468,124943239
5508768508,123325334
5509007548,121909667
5510919868,120795958
5511158908,119696463
5513071228,118984405
5513310268,118111354
5513549308,117347434
5513788348,116679004
5514027388,116094128
5514266428,115582362
5515222588,115259566
5515461628,114852120
5620280668,127620605
5621714908,125918029
5621953948,124303275
5622192988,123015365
5624105308,122013444
5624344348,121011763
5626256668,120260292
5626495708,119352755
5626734748,118558660
5626973788,117863827
5627212828,117380848
5627451868,116833242
5628408028,116479086
5628647068,116044200
5735258908,129038675
5736693148,127408840
5736932188,125857735
5737171228,124625518
5739083548,123672328
5739322588,122588287
5741234908,121889751
5741473948,121028532
5741712988,120274965
5741952028,119615594
5742191068,119163644
5742430108,118643188
5743386268,118312789
5743625308,117898690
5852268988,131161353
5853703228,129516183
5853942268,127951660
5854181308,126707702
5856093628,125744239
5856332668,124651209
5858244988,123944807
5858484028,123076706
5858723068,122317117
5858962108,121652477
5859201148,121195917
5859440188,120671427
5860396348,120337498
5860635388,119920310
5973342748,133680271
5974657468,132220237
5974896508,130817707
5975135548,129715493
5977047868,128626056
5977286908,127672799
5979079708,126838699
5979318748,126108861
5979557788,125470253
5979796828,124911471
5980035868,124422537
5980274908,123994719
5981231068,123620379
5981470108,123292831
6097045948,123381227
6098360668,123458573
6098599708,123526251
6100512028,123710469
6100751068,123621660
6102543868,123793952
6102782908,123694708
6103021948,123732869
6103260988,123766260
6103500028,123795477
6103739068,123696042
6104695228,123734036
6104934268,123642281
6229115548,139186995
6230310748,138413620
6230549788,137611917
6232462108,136910427
6232701148,136296623
6234254908,135759545
6234493948,135289601
6234732988,134753400
6234972028,134284225
6235211068,133998696
6235450108,133748859
6236406268,133530251
6236645308,133338969
6370029628,134296597
6371224828,135134522
6373137148,136117706
6373376188,136727992
6374929948,137386993
6375168988,137838618
6375408028,138233790
6375647068,138579566
6375886108,138882120
6376125148,139146855
6377081308,139503498
6377320348,139690560
6530903548,158979240
6532098748,159356835
6534011068,159562230
6534250108,159741951
6535564828,159899207
6535803868,159911806
6536042908,160047830
6536281948,160166851
6536520988,160270994
6536760028,160237119
6537716188,160207479
6537955228,160181544
6718669468,163658851
6721537948,166826494
6721776988,169348182
6723091708,171804659
6723330748,173829076
6723569788,175600441
6723808828,177025385
6724047868,178397211
6724286908,179597559
6725243068,180772864
6725482108,181676256
6920538748,206841724
6923287708,206236508
6923526748,205706944
6924721948,205118576
6924960988,204603754
6925200028,204278284
6925439068,203993498
6925678108,203619310
6925917148,203291896
6926753788,203005409
6926992828,202754732
7065038428,195535390
7065277468,188843466
7066472668,183113032
7066711708,177973903
7066950748,173477165
7067189788,169542519
7067428828,166099704
7067667868,163087241
7068504508,160576335
7068743548,158254293
7227705148,158722506
7227944188,159132192
7229139388,159615668
7229378428,160038709
7229617468,160408870
7229856508,160607761
7230095548,160906790
7230334588,161168441
7231051708,161397385
7386666748,180972711
7386905788,178226122
7387981468,175947856
7388220508,173829374
7388459548,171975702
7388698588,170353739
7388937628,168934521
7389176668,167692705
7389893788,166606116
7538815708,164780351
7539054748,163307807
7540130428,162019331
7540369468,160766914
7540608508,159671049
7540847548,158712167
7541086588,157998146
7541325628,157248377
7689410908,175092329
7689649948,172080787
7690486588,169445688
7690725628,167014977
7690964668,164888104
7691203708,163152091
7691442748,161633079
7691681788,160178944
7834149628,158281576
7834388668,156621379
7835225308,155168706
7835464348,153897617
7835703388,152785414
7835942428,151687237
7836181468,150851332
7977334588,167744915
7977573628,164651800
7978171228,162070325
7978410268,159686534
7978649308,157600717
7978888348,155775627
7979127388,154303673
8114424028,152140713
8114663068,150248123
8115260668,148592107
8115499708,147143093
8115738748,145875206
8115977788,144765805
8249959708,160420079
8250198748,157367569
8250557308,154696622
8250796348,152234544
8251035388,150205226
8251274428,148429572
8382507388,163250875
8382746428,159469515
8383104988,156160825
8383344028,153265721
8383583068,150732505
8383822108,148390941
8512545148,146092073
8512784188,144080563
8513023228,142320492
8513262268,140780430
8513501308,139432876
8513740348,138253766
8644256188,137472045
8644495228,136788039
8644734268,136064534
8644973308,135431467
8645212348,135002533
8645451388,134627216
8776086748,134298814
8776325788,134011462
8776564828,133760029
8776803868,133540025
8777042908,133347521
8777281948,133179080
8907439228,132906695
8907678268,132668358
8907917308,132459813
8908156348,132402336
8908395388,132227044
8908634428,132073663
9039150268,132064455
9039389308,132056398
9039628348,132049348
9039867388,131918179
9040106428,131928406
9040345468,131937355
9170861308,131820185
9171100348,131842661
9171339388,131862328
9171578428,131879537
9171817468,131769594
9172056508,131798394
9302452828,131823594
9302691868,131720644
9302930908,131630563
9303169948,131676742
9303408988,131717149
9303648028,131627505
9434402908,131674066
9434641948,131714807
9434880988,131750456
9435120028,131781649
9435359068,131808942
9435598108,131832824
9566352988,131853721
9566592028,131872005
9566831068,131888004
9567070108,131902003
9567309148,131914252
9567548188,131924970
9698303068,131934348
9698542108,131942554
9698781148,131949734
9699020188,131956017
9699259228,131961514
9699498268,131966324
9830253148,131970533
9830492188,131974216
9830731228,131977439
9830970268,131855259
9831209308,131873351
9831448348,131889182
9962203228,131903034
9962442268,131915154
9962681308,131925759
9962920348,131935039
9963159388,131943159
9963398428,131950264
10094033788,131956481
10094272828,131961920
10094511868,131966680
10094750908,131970845
10094989948,131849489
10095228988,131868302
10225983868,131759764
10226222908,131789793
10226461948,131816068
10226700988,131839059
10226940028,131859176
10227179068,131876779
10358053468,132017181
10358292508,132015033
10358531548,132013153
10358770588,132011508
10359009628,132135069
10359248668,132118185
10490242588,132103411
10490481628,132090484
10490720668,132079173
10490959708,132069276
10491198748,132060616
10491437788,132053039
10622431708,132046409
10622670748,132040607
10622909788,132035531
10623148828,132156089
10623387868,132136577
10623626908,132119504
10754620828,132104566
10754859868,132091495
10755098908,132205058
10755337948,132179425
10755576988,132156996
10755816028,132137371
10886929468,132120199
10887168508,132230174
10887407548,132201402
10887646588,132176226
10887885628,132154197
10888124668,132259922
11019118588,132352431
11019357628,132308377
11019596668,132269829
11019835708,132236100
11020074748,132331587
11020313788,132290138
11151307708,132253870
11151546748,132222136
11151785788,132194369
11152024828,132295072
11152263868,132258188
11152502908,132225914
11283496828,132197674
11283735868,132172964
11283974908,132151343
11284213948,132132425
11284452988,132115871
11284692028,132101387
11415805468,132088713
11416044508,132202623
11416283548,132302295
11416522588,132264508
11416761628,132231444
11417000668,132327513
11548233628,132411573
11548472668,132360126
11548711708,132315110
11548950748,132275721
11549189788,132366255
11549428828,132320473
11680661788,132280413
11680900828,132245361
11681139868,132339690
11681378908,132422228
11681617948,132369449
11681856988,132323267
11813089948,132407858
11813328988,132481875
11813568028,132421640
11813807068,132368935
11814046108,132447818
11814285148,132516840
11945637628,132452235
11945876668,132395705
11946115708,132471241
11946354748,132537335
11946593788,132470168
11946832828,132411397
12078065788,132484972
12078304828,132549350
12078543868,132480681
12078782908,132420595
12079021948,132493020
12079260988,132556392
12210493948,132486843
12210732988,132425987
12210972028,132372738
12211211068,132451145
12211450108,132394751
12211689148,132345407
12342922108,132302231
12343161148,132389452
12343400188,132465770
12343639228,132407548
12343878268,132356604
12344117308,132437028
12475469788,132507399
12475708828,132443974
12475947868,132388477
12476186908,132464917
12476425948,132531802
12476664988,132465326
12608136988,132532160
12608376028,132590640
12608615068,132641810
12608854108,132561583
12609093148,132616385
12609332188,132664336
12740804188,132581294
12741043228,132633632
12741282268,132679428
12741521308,132719499
12741760348,132629561
12741999388,132550865
12873471388,132607006
12873710428,132531130
12873949468,132464738
12874188508,132531645
12874427548,132590189
12874666588,132641415
13006258108,132686238
13006497148,132725458
13006736188,132759775
13006975228,132664803
13007214268,132706702
13007453308,132743364
13138925308,132650443
13139164348,132694137
13139403388,132732369
13139642428,132765822
13139881468,132670094
13140120508,132711332
13271592508,132747415
13271831548,132653988
13272070588,132697239
13272309628,132735084
13272548668,132768198
13272787708,132672173
13404259708,132713151
13404498748,132749007
13404737788,132655381
13404976828,132573458
13405215868,132626775
13405454908,132673428
13537046428,132714249
13537285468,132749967
13537524508,132781221
13537763548,132808568
13538002588,132832497
13538241628,132853434
13669952668,132746754
13670191708,132778409
13670430748,132806107
13670669788,132830343
13670908828,132726550
13671147868,132760731
13802858908,132790639
13803097948,132816809
13803336988,132839707
13803576028,132859743
13803815068,132877275
13804054108,132892615
13935765148,132906038
13936004188,132917783
13936243228,132928060
13936482268,132937052
13936721308,132944920
13936960348,132826805
14068790908,132848454
14069029948,132867397
14069268988,132883972
14069508028,132898475
14069747068,132911165
14069986108,132922269
14201697148,132931985
14201936188,132815486
14202175228,132838550
14202414268,132858731
14202653308,132876389
14202892348,132891840
14334603388,132905360
14334842428,132917190
14335081468,132927541
14335320508,132936598
14335559548,132944523
14335798588,132951457
14467509628,132957524
14467748668,132962833
14467987708,132842478
14468226748,132862168
14468465788,132879397
14468704828,132894472
14600535388,132907663
14600774428,132919205
14601013468,133054304
14601252508,133047516
14601491548,133041576
14601730588,133036379
14733680668,133031831
14733919708,133027852
14734158748,133024370
14734397788,133021323
14734636828,133018657
14734875868,133016324
14866825948,133014283
14867064988,133137497
14867304028,133120309
14867543068,133105270
14867782108,133092111
14868021148,133205597
14999971228,133179897
15000210268,133157409
15000449308,133137732
15000688348,133120515
15000927388,133105450
15001166428,133092268
15132996988,133080734
15133236028,133070642
15133475068,133061811
15133714108,133054084
15133953148,133047323
15134192188,133041407
15266142268,133161231
15266381308,133141077
15266620348,133123442
15266859388,133108011
15267098428,133219509
15267337468,133192070
15399287548,133168061
15399526588,133147053
15399765628,133128671
15400004668,133237587
15400243708,133207888
15400482748,133181902
15532432828,133159164
15532671868,133139268
15532910908,133121859
15533149948,133106626
15533388988,133093297
15533628028,133081634
15665697628,133071429
15665936668,133062500
15666175708,133179687
15666414748,133157226
15666653788,133137572
15666892828,133120375
15799081948,133230328
15799320988,133326537
15799560028,133285719
15799799068,133250004
15800038108,133343753
15800277148,133425783
15932227228,133372560
15932466268,133325990
15932705308,133285241
15932944348,133249585
15933183388,133218386
15933422428,133191087
16065611548,133167201
16065850588,133146300
16066089628,133253012
16066328668,133346385
16066567708,133303086
16066806748,133265200
16199115388,133357050
16199354428,133437418
16199593468,133382740
16199832508,133334897
16200071548,133418034
16200310588,133490779
16332499708,133429431
16332738748,133375752
16332977788,133328783
16333216828,133412685
16333455868,133361099
16333694908,133315961
16465764508,133276465
16466003548,133366906
16466242588,133446042
16466481628,133390286
16466720668,133341500
16466959708,133298812
16599148828,133386460
16599387868,133338152
16599626908,133295883
16599865948,133258897
16600104988,133351534
16600344028,133432592
16732652668,133378518
16732891708,133331203
16733130748,133414802
16733369788,133487951
16733608828,133426957
16733847868,133373587
16866156508,133451888
16866395548,133520402
16866634588,133455351
16866873628,133398432
16867112668,133473628
16867351708,133539424
16999779868,133471996
17000018908,133537996
17000257948,133595746
17000496988,133646277
17000736028,133565492
17000975068,133494805
17133522748,133557954
17133761788,133488209
17134000828,133552182
17134239868,133608159
17134478908,133657139
17134717948,133699996
17267026588,133737496
17267265628,133770309
17267504668,133674020
17267743708,133589767
17267982748,133516046
17268221788,133576540
17400649948,133504472
17400888988,133441413
17401128028,133511236
17401367068,133572331
17401606108,133625789
17401845148,133547565
17534273308,133604119
17534512348,133653604
17534751388,133571903
17534990428,133500415
17535229468,133562863
17535468508,133617505
17668016188,133665316
17668255228,133707151
17668494268,133743757
17668733308,133775787
17668972348,133678813
17669211388,133718961
17801878588,133629090
17802117628,133675453
17802356668,133716021
17802595708,133751518
17802834748,133782578
17803073788,133809755
17935621468,133833535
17935860508,133729343
17936099548,133763175
17936338588,133792778
17936577628,133818680
17936816668,133716345
18069483868,133751801
18069722908,133782825
18069961948,133684971
18070200988,133724349
18070440028,133758805
18070679068,133788954
18203465788,133815334
18203704828,133838417
18203943868,133858614
18204182908,133876287
18204421948,133891751
18204660988,133905282
18337328188,133917121
18337567228,133927480
18337806268,133936545
18338045308,133944476
18338284348,133951416
18338523388,133957489
18471190588,133962802
18471429628,133967451
18471668668,133971519
18471907708,133850079
18472146748,133868819
18472385788,133885216
18605052988,133899564
18605292028,133912118
18605531068,133923103
18605770108,133932715
18606009148,133941125
18606248188,133948484
18739034908,133954923
18739273948,133960557
18739512988,133965487
18739752028,133969801
18739991068,133848575
18740230108,133867503
18873136348,133884065
18873375388,133898556
18873614428,133911236
18873853468,133922331
18874092508,134057039
18874331548,134049909
19007237788,134043670
19007476828,134038211
19007715868,134033434
19007954908,134029254
19008193948,134025597
19008432988,134022397
19141339228,134019597
19141578268,134017147
19141817308,134015003
19142056348,134138127
19142295388,134120861
19142534428,134105753
19275560188,134092533
19275799228,134080966
19276038268,134195845
19276277308,134171364
19276516348,134149943
19276755388,134131200
19409661628,134114800
19409900668,134100450
19410139708,134087893
19410378748,134076906
19410617788,134067292
19410856828,134058880
19543763068,134051520
19544002108,134170080
19544241148,134148820
19544480188,134130217
19544719228,134113939
19544958268,134099696
19677864508,134087234
19678103548,134076329
19678342588,134066787
19678581628,134058438
19678820668,134051133
19679059708,134169741
19812085468,134273523
19812324508,134239332
19812563548,134209415
19812802588,134183238
19813041628,134285333
19813280668,134249666
19946425948,134218457
19946664988,134191149
19946904028,134167255
19947143068,134271348
19947382108,134237429
19947621148,134207750
20080766428,134181781
20081005468,134284058
20081244508,134373550
20081483548,134326856
20081722588,134285999
20081961628,134250249
20215106908,134343967
20215345948,134300971
20215584988,134263349
20215824028,134230430
20216063068,134326626
20216302108,134410797
20349566908,134359447
20349805948,134314516
20350044988,134400201
20350284028,134475175
20350523068,134415778
20350762108,134363805
20483907388,134318329
20484146428,134403537
20484385468,134353094
20484624508,134308957
20484863548,134270337
20485102588,134361544
20618247868,134441351
20618486908,134386182
20618725948,134337909
20618964988,134295670
20619204028,134383711
20619443068,134335747
20752588348,134293778
20752827388,134257055
20753066428,134349923
20753305468,134431182
20753544508,134377284
20753783548,134330123
20887048348,134413857
20887287388,134487124
20887526428,134426233
20887765468,134372953
20888004508,134451333
20888243548,134519916
21021627868,134454926
21021866908,134398060
21022105948,134473302
21022344988,134539139
21022584028,134471746
21022823068,134412777
21156207388,134486179
21156446428,134550406
21156685468,134481605
21156924508,134421404
21157163548,134493728
21157402588,134557012
21290786908,134487385
21291025948,134551461
21291264988,134607528
21291504028,134656587
21291743068,134574513
21291982108,134502698
21425485948,134564860
21425724988,134494252
21425964028,134432470
21426203068,134503411
21426442108,134565484
21426681148,134619798
21560065468,134667323
21560304508,134708907
21560543548,134745293
21560782588,134652131
21561021628,134695614
21561260668,134733662
21694644988,134641954
21694884028,134561709
21695123068,134616495
21695362108,134664433
21695601148,134581378
21695840188,134508705
21829344028,134570116
21829583068,134623851
21829822108,134545869
21830061148,134602635
21830300188,134652305
21830539228,134695766
21964162588,134733795
21964401628,134767070
21964640668,134796186
21964879708,134696662
21965118748,134734579
21965357788,134767756
22098981148,134671786
22099220188,134712812
22099459228,134748710
22099698268,134780121
22099937308,134682605
22100176348,134722279
22233799708,134756994
22234038748,134787369
22234277788,134813947
22234516828,134837203
22234755868,134857552
22234994908,134750358
22368737788,134781563
22368976828,134683867
22369215868,134723383
22369454908,134757960
22369693948,134788215
22369932988,134814688
22503556348,134837852
22503795388,134858120
22504034428,134875855
22504273468,134891373
22504512508,134904951
22504751548,134916832
22638374908,134927228
22638613948,134936324
22638852988,134819283
22639092028,134841872
22639331068,134861638
22639570108,134878933
22773193468,134894066
22773432508,134907307
22773671548,134918893
22773910588,134804031
22774149628,134828527
22774388668,134849961
22908131548,134868715
22908370588,134885125
22908609628,134899484
22908848668,134912048
22909087708,134923042
22909326748,134932661
23043189148,134941078
23043428188,134948443
23043667228,134954887
23043906268,134960526
23044145308,134965460
23044384348,134969777
23178246748,134973554
23178485788,134976859
23178724828,134979751
23178963868,134982282
23179202908,134984496
23179441948,134986434
23313304348,134988129
23313543388,134989612
23313782428,134990910
23314021468,135117046
23314260508,135102415
23314499548,135089613
23448481468,135078411
23448720508,135068609
23448959548,135060032
23449198588,135052528
23449437628,135045962
23449676668,135040216
23583539068,135035189
23583778108,135030790
23584017148,135151941
23584256188,135132948
23584495228,135116329
23584734268,135101787
23718596668,135089063
23718835708,135077930
23719074748,135068188
23719313788,135059664
23719552828,135052206
23719791868,135045680
23853654268,135039970
23853893308,135034973
23854132348,135030601
23854371388,135026775
23854610428,135023428
23854849468,135020499
23988831388,135017936
23989070428,135140694
23989309468,135123107
23989548508,135107718
23989787548,135094253
23990026588,135207471
24124128028,135306537
24124367068,135268219
24124606108,135234691
24124845148,135205354
24125084188,135304684
24125323228,135266598
24259424668,135233273
24259663708,135204113
24259902748,135178598
24260141788,135281273
24260380828,135246113
24260619868,135215348
24394721308,135188429
24394960348,135164875
24395199388,135269265
24395438428,135235606
24395677468,135206155
24395916508,135180385
24530137468,135282836
24530376508,135372481
24530615548,135325920
24530854588,135285180
24531093628,135374532
24531332668,135452715
24665434108,135396125
24665673148,135346609
24665912188,135303282
24666151228,135390371
24666390268,135341574
24666629308,135298877
24800730748,135261517
24800969788,135228827
24801208828,135325223
24801447868,135284570
24801686908,135248998
24801925948,135217873
24936027388,135315638
24936266428,135401183
24936505468,135351035
24936744508,135307155
24936983548,135268760
24937222588,135360165
25071443548,135315144
25071682588,135275751
25071921628,135241282
25072160668,135336121
25072399708,135419105
25072638748,135366716
25206983868,135320876
25207222908,135405766
25207461948,135480045
25207700988,135420039
25207940028,135367534
25208179068,135446592
25343719068,135640768
25343958108,135685672
25344197148,135849963
25344436188,135993717
25344675228,136119502
25344914268,136104564
25481525628,136341493
25481764668,136548806
25482003708,136730205
25482242748,136888929
25482481788,137027812
25482720828,137149335
25621244508,137505668
25621483548,137817459
25621722588,137965276
25621961628,138094616
25622200668,138332789
25622439708,138541190
25765385628,139223541
25765624668,139820598
25765863708,140343023
25766102748,140925145
25766341788,141309501
25766580828,141645813
25918132188,143065086
25918371228,144306950
25918610268,145393581
25918849308,146219383
25919088348,147066960
25919327388,147808590
26088209148,150582516
26088448188,153009701
26088687228,155133488
26088926268,156991802
26089165308,158617826
26089404348,160040597
26290556508,165285522
26290795548,169874831
26291034588,174015477
26291273628,177638542
26291512668,180683724
26291751708,183348258
26489198748,185304725
26489437788,187016634
26489676828,188389554
26489915868,189590859
26490154908,190767001
26683896828,215921125
26684135868,213305984
26684374908,211017736
26684613948,209015519
26684852988,207138579
26874770268,205121256
26875009308,203356099
26875248348,201811586
26875487388,200460137
27074488188,224152619
27074727228,221008541
27074966268,218257473
27075205308,215975288
27274325628,213978377
27274564668,212231079
27274803708,210702194
27459103548,232364419
27459342588,226443866
27459581628,221263382
27642208188,239605459
27642447228,232529776
27642686268,226338554
27825910428,243796234
27826149468,236321704
27826388508,229781491
28010688348,247058804
28010927388,239301453
28011166428,232513771
28195944348,249574549
28196183388,241627730
28196422428,234674263
28382754108,251714980
28382993148,243625607
28383232188,236547406
28570280988,253728980
28570520028,245512857
28570759068,238323749
28758285948,232033280
28758524988,226529120
28758764028,221712980
28946529948,217498857
28946768988,213811499
28947008028,210710061
29136327708,208121303
29136566748,205856140
29136805788,203749122
29327320668,202155481
29327559708,200761045
29327798748,199540914
29518313628,198473299
29518552668,197539136
29518791708,196721744
29710501788,196131526
29710740828,195615085
29710979868,195163199
29903646108,218892799
29903885148,215656199
29904124188,212949174
30097746588,234705527
30097985628,229617336
30098224668,225290169
30291368988,245503897
30291608028,239065909
30291847068,233432670
30486306108,252753586
30486545148,245534387
30486784188,239217588
30681004188,258065389
30681243228,250182215
30681482268,243284438
30876299868,261623883
30876538908,253295897
30876777948,246008909
31071236988,239632795
31071476028,234053695
31071715068,229171983
31266174108,224900485
31266413148,221162924
31266652188,217892558
31462186908,215155988
31462425948,212761489
31462664988,210666302
31657841148,208708014
31658080188,207119512
31658319228,205729573
31853973468,204513376
31854212508,203449204
31854451548,202518053
32051061948,226328296
32051300988,222787259
32051540028,219563851
32248867548,241368369
32249106588,235947322
32249345628,231203906
32445836508,251553417
32446075548,244859239
32446314588,238876834
32643403068,258267229
32643642108,250733825
32643881148,244017096
32840969628,262764959
32841208668,254669339
32841447708,247585671
33038058108,241387462
33038297148,235839029
33038536188,230984150
33234309948,226611131
33234548988,222784739
33234788028,219436646
33431756988,216632065
33431996028,214178056
33432235068,212155799
33629084508,210386324
33629323548,208838033
33629562588,207358278
33825814428,205938493
33826053468,204821181
33826292508,203843533
34023141948,203113091
34023380988,202473954
34023620028,201789709
34221186588,225940995
34221425628,222448370
34221664668,219392323
34419111708,241468282
34419350748,236034746
34419589788,231280402
34616917308,251745351
34617156348,245027182
34617395388,239148784
34814483868,258630186
34814722908,251051412
34814961948,244294985
35012289468,238508111
35012528508,233444597
35012767548,229014022
35209138908,225012269
35209377948,221510735
35209616988,218446893
35406585948,215766031
35406824988,213420277
35407064028,211492742
35604750108,209806149
35604989148,208330380
35605228188,207039082
35802675228,205909196
35802914268,204920546
35803153308,204055477
36000361308,203298542
36000600348,202636224
36000839388,202056696
36198525468,226174609
36198764508,222652782
36199003548,219696184
36397287228,241859161
36397526268,236501765
36397765308,231814044
36596168508,252462288
36596407548,245779502
36596646588,239932064
36794930268,259565556
36795169308,251994861
36795408348,245370503
36994050588,264449190
36994289628,256268041
36994528668,249109535
37193409948,242845843
37193648988,237365112
37193888028,232569473
37391932668,228248288
37392171708,224592252
37392410748,221393220
37591770108,218719067
37592009148,216379183
37592248188,214331785
37791846588,212540311
37792085628,210972772
37792324668,209601175
37992879228,208526028
37993118268,207585274
37993357308,206762114
38193476828,231041849
38194987548,227411617
38195226588,224235164
38195465628,221455768
38397215388,219273797
38397454428,217239572
38397693468,215334625
38576853948,236042796
38577092988,229037446
38577332028,222907765
38706533148,233669294
38706772188,220710632
38707011228,209371803
38837885628,215700327
38838124668,205237786
38838363708,196083062
38969357628,204322679
38969596668,195282344
38969835708,187247051
39102024828,196841169
39102263868,188861022
39102502908,181878394
39235767708,192393594
39236006748,185094394
39236245788,178707594
39371064348,189994144
39371303388,183244876
39371542428,177214266
39507317148,188937482
39507556188,182320296
39507795228,176530259
39645243228,188713976
39645482268,182374729
39645721308,176827887
39784603548,189349401
39784842588,183055725
39785081628,177673759
39924680988,190339539
39924920028,184047096
39925159068,178666209
40065953628,191332932
40066192668,185166315
40066431708,179770525
40208421468,192674209
40208660508,186464932
40208899548,180906815
40351606428,193918463
40351845468,187553655
40352084508,182109448
40495747548,195220767
40495986588,188818171
40496225628,183340899
40640366748,196423286
40640605788,189995375
40640844828,184370953
40785942108,197449583
40786181148,191018385
40786420188,185391086
40932473628,198717200
40932712668,192252550
40932951708,186470981
41079722268,199787108
41079961308,193188719
41080200348,187540129
41227807548,200972612
41228046588,194476035
41228285628,188791530
41376490428,202192588
41376729468,195543514
41376968508,189600574
41525890428,203025502
41526129468,196397314
41526368508,190597649
41675888028,204147942
41676127068,197504449
41676366108,191566392
41826483228,205120593
41826722268,198355518
41826961308,192311078
41977795548,205897193
41978034588,199160043
41978273628,193265037
42129346908,206981907
42129585948,200109168
42129824988,193970522
42281495868,207599206
42281734908,200649305
42281973948,194568141
42434242428,208372123
42434481468,201450607
42434720508,195394281
42587347548,209219995
42587586588,202192495
42587825628,196043433
42741169788,209913003
42741408828,202923877
42741647868,196808392
42895111548,210707343
42895350588,203618925
42895589628,197416559
43049531388,211239489
43049770428,204084552
43050009468,197948983
43204309788,211830360
43204548828,204726565
43204787868,198510744
43359446748,212321901
43359685788,205156663
43359924828,198887080
43515061788,212901195
43515300828,205788545
43515539868,199564976
43670676828,213494354
43670915868,206182559
43671154908,199909739
43826530908,213796021
43826769948,206571518
43827008988,200375078
43982863068,214203193
43983102108,207052793
43983341148,200796193
44139553788,214696668
44139792828,207484584
44140031868,201174011
44296244508,215152259
44296483548,207883226
44296722588,201522822
44452935228,215332469
44453174268,208040910
44453413308,201660796
44609984508,215578196
44610223548,208380921
44610462588,201958305
44767153308,215963516
44767392348,208718076
44767631388,202253316
44924680668,216221651
44924919708,208818944
44925158748,202466576
45082088508,216533254
45082327548,209216597
45082566588,202814522
45239615868,216712706
45239854908,209248617
45240093948,202842539
45397262748,216862221
45397501788,209504443
45397740828,203066387
45555148668,217058088
45555387708,209675827
45555626748,203216348
45713034588,217314304
45713273628,209900016
45713512668,203412514
45870800988,217360949
45871040028,209940830
45871279068,203448226
46028686908,217392197
46028925948,209968172
46029164988,203472150
46186692348,217413131
46186931388,209986489
46187170428,203613177
46344697788,217536529
46344936828,210094462
46345175868,203707654
46502822748,217619197
46503061788,210291797
46503300828,203880322
46660828188,217770281
46661067228,210423995
46661306268,203870995
46818953148,217762120
46819192188,210416855
46819431228,203864748
46977197628,217881654
46977436668,210521447
46977675708,203956266
47135561628,217961732
47135800668,210466515
47136039708,204033200
47293806108,218029050
47294045148,210650418
47294284188,204194115
47452050588,218169850
47452289628,210773618
47452528668,204176915
47610414588,218154800
47610653628,210635450
47610892668,204056018
47768898108,218049015
47769137148,210667888
47769376188,204209402
47927501148,218308226
47927740188,210894697
47927979228,204282859
48085984668,218247501
48086223708,210841563
48086462748,204361367
48244587708,218441196
48244826748,211011046
48245065788,204509665
48403429788,218570956
48403668828,211124586
48403907868,204609012
48562510908,218657885
48562749948,211200649
48562988988,204675567
48721711548,218841121
48721950588,211360980
48722189628,204940857
48880912188,219073249
48881151228,211689092
48881390268,205227955
49040351868,219324460
49040590908,211908902
49040829948,205295289
49199911068,219383377
49200150108,211960454
49200389148,205465397
49359709308,219657222
49359948348,212200069
49360187388,205675060
49519746588,219840677
49519985628,212360592
49520224668,205940518
49679783868,220072953
49680022908,212688833
49680261948,206227728
49840299228,220449262
49840538268,213018104
49840777308,206390841
50001173148,220716985
50001412188,213252361
50001651228,206720815
50162405628,221130713
50162644668,213614373
50162883708,207037576
50323877148,221407879
50324116188,213981894
50324355228,207484157
50485468188,221923637
50485707228,214433182
50485946268,207754034
50647537308,222159779
50647776348,214639806
50648015388,208184830
50810204028,222786726
50810443068,215313385
50810682108,208774211
50973229308,223302434
50973468348,215764629
50973707388,209169050
51136732668,223772918
51136971708,216176303
51137210748,209654265
51300833628,224322481
51301072668,216907170
51301311708,210418773
51465412668,225116426
51465651708,217601872
51465890748,210901638
51630350268,225663933
51630589308,218080941
51630828348,211445823
51795885468,226265095
51796124508,218731958
51796363548,212140463
51961779228,226997905
51962018268,219498166
51962257308,212810895
52128390108,227709533
52128629148,220120841
52128868188,213355735
52295957148,228311268
52296196188,220772359
52296435228,214175814
52464360828,229403837
52464599868,221853357
52464838908,215121687
52633362108,230356476
52633601148,222686916
52633840188,215976051
52803319548,231354044
52803558588,223684788
52803797628,216974189
52974113628,232477415
52974352668,224792738
52974591708,218068645
53145983388,233560064
53146222428,225865056
53146461468,219131924
53318928828,234740433
53319167868,227147878
53319406908,220379393
53492830428,236081968
53493069468,228446722
53493308508,221640881
53667807708,237435770
53668046748,229756298
53668285788,222911760
53844219228,238922790
53844458268,231182441
53844697308,224284635
54021945468,240374055
54022184508,232577298
54022423548,225755135
54200866908,242035743
54201105948,234281275
54201344988,227371115
54381103068,243824725
54381342108,235971634
54381581148,228975179
54563132028,245603281
54563371068,237652870
54563610108,230696261
54746595228,247484228
54746834268,239423699
54747073308,232495736
54931851228,249433769
54932090268,241504547
54932329308,234566478
55118302428,251620668
55118541468,243543084
55118780508,236350198
55306904988,253556423
55307144028,245486870
55307383068,238426011
55497419868,255997759
55497658908,247748039
55497897948,240529534
55689727548,234463342
55689966588,229155424
55690205628,224635996
55882991388,220681496
55883230428,217346309
55883469468,214303020
56079960348,212140142
56080199388,210247624
56080438428,208591671
56280156348,207642712
56280395388,206687373
56280634428,205851451
56482981788,205370019
56483220828,205073766
56483459868,204814545
56850625308,199837726
57010782108,194858010
57011021148,190625758
57177034428,207672538
57177273468,202588470
57344481948,218889911
57344720988,212403672
57513124668,227853213
57513363708,220496561
57683799228,235309490
57684038268,227270803
57856266588,241736952
57856505628,233144833
58030885308,247251728
58031124348,238220262
58031363388,230317729
58208252988,223778012
58208492028,217930760
58208731068,212814415
58388130588,208712613
58388369628,205123536
58388608668,201983094
58570159548,199485207
58570398588,197299556
58570637628,195387111
58754100828,193963722
58754339868,192718256
58754578908,191628474
58940193468,213924914
58940432508,210434299
58940671548,207380011
59126883708,227957509
59127122748,222837820
59127361788,218358092
59315127708,237938330
59315366748,231821038
59315605788,226343408
59504327868,245175482
59504566908,238153546
59504805948,232009352
59695320828,250508183
59695559868,243069660
59695798908,236560952
59886791868,254740833
59887030908,246898228
59887269948,240035949
60079816668,258031455
60080055708,249902523
60080294748,242789707
60274395228,236815993
60274634268,231463993
60274873308,226780993
60469690908,222808368
60469929948,219332322
60470168988,216415781
60666779388,213988808
60667018428,211990207
60667257468,210116431
60864704508,208601877
60864943548,207151642
60865182588,206007686
61064183388,205256725
61064422428,204599634
61064661468,203899679
61264140348,228287219
61264379388,224751316
61264618428,221657401
61464455868,243950225
61464694908,238456446
61464933948,233649390
61665053468,254568216
61665966588,247872189
61666205628,242138165
61666444668,237120894
61867357788,232730782
61867596828,228889434
61867835868,225403254
62067955388,247352847
62069705148,241683741
62069944188,236723273
62070302748,232507863
62272411068,229069380
62272650108,225810707
62273008668,223084368
62473128188,245573822
62474997468,240127094
62475236508,235486207
62475595068,231300431
62648062428,224262877
62648301468,217980017
62648779548,212357514
62789932668,225062824
62790171708,214679971
62790649788,205594974
62927261148,214770602
62927500188,205174276
62927978268,196652491
63066501948,206570929
63066740988,198124562
63067219068,190858991
63206340348,201876617
63206579388,194142039
63207057468,187499284
63347971548,199061873
63348210588,191929138
63348688668,185687995
63489722268,197726995
63489961308,190761120
63490439388,184665980
63632907228,197082732
63633146268,190447390
63633624348,184641466
63777765468,197436282
63778004508,191006746
63778482588,185255902
63923579868,198348914
63923818908,191805299
63924296988,186079636
64070230908,199319681
64070469948,192779720
64070948028,187057255
64218196668,200425098
64218435708,193871960
64218913788,188137965
64366760028,201620719
64366999068,194918129
64367477148,189178362
64516040508,202781066
64516279548,196183432
64516757628,190410503
64665918588,203859190
64666157628,197126791
64666635708,191235942
64816513788,204831449
64816752828,198102517
64817230908,192214702
64967706588,205812864
64967945628,198961256
64968423708,193091099
65119616508,206704711
65119855548,199866622
65120333628,194008294
65272124028,207757257
65272363068,200912599
65272841148,194923524
65425109628,208683083
65425348668,201722697
65425826748,195632359
65578812348,209428314
65579051388,202499774
65579529468,196437302
65732873628,210257639
65733112668,203350434
65733590748,197181629
65887652028,211033925
65887891068,204029684
65888369148,197900973
66042788988,211788351
66043028028,204814807
66043506108,198712956
66198404028,212623836
66198643068,205545856
66199121148,199352624
66354377628,213308546
66354616668,206144977
66355094748,200001854
66510829308,213876622
66511068348,206767044
66511546428,200546163
66667520028,214477892
66667759068,207293155
66668237148,201006510
66824449788,215005696
66824688828,207754984
66825166908,201535611
66981857628,215468659
66982096668,208285076
66982574748,201999441
67139743548,215999510
67139982588,208749571
67140460668,202405874
67297629468,216480139
67297868508,209170121
67298346588,202898855
67455754428,216911498
67455993468,209547560
67456471548,203229115
67614118428,217325475
67614357468,210034790
67614835548,203655441
67772960508,217698510
67773199548,210361196
67773677628,203941046
67931802588,218073415
67932041628,210814238
67932519708,204337458
68090764188,218420275
68091003228,211117740
68091481308,204603022
68250084348,218777644
68250323388,211430438
68250801468,204876633
68409404508,219017053
68409643548,211514921
68410121628,205075555
68568724668,219191110
68568963708,211667221
68569441788,205208818
68728283868,219307715
68728522908,211894250
68729000988,205532468
68888082108,219715909
68888321148,212251420
68888799228,205719992
69047760828,219754993
69047999868,212160618
69048477948,205640540
69207559068,219810472
69207798108,212334163
69208276188,205917392
69367237788,220052718
69367476828,212546128
69367954908,205977862
69527036028,220105629
69527275068,212592425
69527753148,206018371
69686953788,220141074
69687192828,212623439
69687670908,206045509
69846991068,220164820
69847230108,212769217
69847708188,206173064
70006908828,220276431
70007147868,212866877
70007625948,206258517
70166826588,220351202
70167065628,212932301
70167543708,206315763
70326863868,220401292
70327102908,212976130
70327580988,206354113
70487020668,220559848
70487259708,213114867
70487737788,206475508
70647296988,220666069
70647536028,213082810
70648014108,206572458
70807453788,220750900
70807692828,213157037
70808170908,206637407
70967730108,220682731
70967969148,213097389
70968447228,206585215
71128125948,220762063
71128364988,213291805
71128843068,206755329
71288521788,220910912
71288760828,213297048
71289238908,206759917
71449037148,221039927
71449276188,213534936
71449754268,206968069
71609552508,221097060
71609791548,213459927
71610269628,206902436
71770306908,221164631
71770545948,213644052
71771024028,207188545
71931300348,221414976
71931539388,213863104
71932017468,207380216
72092293788,221582689
72092532828,214009852
72093010908,207508620
72253287228,221695042
72253526268,214108161
72254004348,207594640
72414519708,221770310
72414758748,214174021
72415236828,207652268
72575871708,221820734
72576110748,214343142
72576588828,207800249
72737582268,222075217
72737821308,214565814
72738299388,207995087
72899531868,222370701
72899770908,214824363
72900248988,208346317
73061481468,222678027
73061720508,215093273
73062198588,208581613
73223909148,222883911
73224148188,215398422
73224626268,208848619
73386695388,223242541
73386934428,215712223
73387412508,209123195
73549720668,223607795
73549959708,216031820
73550437788,209527842
73713224028,224086861
73713463068,216576003
73713941148,210004002
73876727388,224503501
73876966428,216815563
73877444508,210213617
74040708828,224811914
74040947868,217210424
74041425948,210684121
74205287868,225348605
74205526908,217805029
74206004988,211329400
74370225468,226038225
74370464508,218408446
74370942588,211732390
74535641148,226390841
74535880188,218716985
74536358268,212127361
74701534908,226986440
74701773948,219363135
74702252028,212817743
74867906748,227590525
74868145788,220016709
74868623868,213389620
75034637148,228215917
75034876188,220563927
75035354268,213868436
75202084668,228884881
75202323708,221274270
75202801788,214614986
75370010268,229663112
75370249308,221955223
75370727388,215210820
75538652988,230309467
75538892028,222520783
75539370108,215830685
75708012828,231101849
75708251868,223464117
75708729948,216781102
75878328828,232058464
75878567868,224301156
75879045948,217638511
76049361948,233058697
76049600988,225301359
76050079068,218638689
76221112188,234058852
76221351228,226301495
76221829308,219513808
76393938108,234949582
76394177148,227205884
76394655228,220430148
76567720188,236126379
76567959228,228360581
76568437308,221565508
76742577948,237369819
76742816988,229573591
76743295068,222876892
76918391868,238767280
76918630908,230921370
76919108988,224181198
77095640028,240158548
77095879068,232263729
77096357148,225480762
77274202908,241670666
77274441948,233836832
77274920028,226982228
77454080508,243359449
77454319548,235439517
77454797628,228509577
77635153308,245070879
77635392348,237062019
77635870428,230054266
77817660348,246672482
77817899388,238588421
77818377468,231639868
78001840668,248434884
78002079708,240505523
78002557788,233567332
78187694268,250496415
78187933308,242434363
78188411388,235380067
78374743068,252457558
78374982108,244275363
78375460188,237240942
78563345628,254460824
78563584668,246278221
78564062748,239243443
78754338588,256713012
78754577628,248498885
78754936188,241186524
78946168188,235038208
78946407228,229658432
78946885308,224951128
79140627228,221082237
79140866268,217696957
79141344348,214859837
79338193788,212752357
79338432828,210908312
79338910908,209169773
79538628828,208023551
79538867868,207020607
79539345948,206268031
79741095708,205859527
79741334748,205502086
79741812828,205064325
79919419548,201681284
79919658588,198721123
79920136668,196255982
80064636348,212098984
80064875388,203711611
80065353468,196497659
80208538428,207935451
80208777468,199943519
80209255548,193075579
80354233308,205066131
80354472348,197682864
80354950428,191222506
80501720988,203819692
80501960028,196717230
80502438108,190627576
80651360028,203924129
80651599068,197183612
80652077148,191410660
80802791868,204984327
80803030908,198361286
80803508988,192566125
80956255548,206495359
80956494588,199933439
80956972668,194066759
81111392508,208308414
81111631548,201644862
81112109628,195939254
81268561308,210446847
81268800348,203765991
81269278428,198045242
81427283868,212664586
81427522908,205956512
81428000988,200211948
81587799228,214935454
81588038268,208193522
81588516348,202294331
81749987868,217132539
81750226908,210365971
81750704988,204320224
81913730268,219405196
81913969308,212479546
81914447388,206419602
82079026428,221742151
82079265468,214774382
82079743548,208677584
82245756828,223967886
82245995868,216721900
82246473948,210506662
82414040988,226068329
82414280028,218934787
82414758108,212692938
82583759388,228231320
82583998428,220827405
82584476508,214473979
82754792508,230164731
82755031548,222894139
82755509628,216532371
82927020828,232340824
82927259868,224923221
82927737948,218307818
83100683388,234144340
83100922428,226501297
83101400508,219938634
83275660668,235946304
83275899708,228328016
83276377788,221787014
83451833148,237813637
83452072188,230211932
83452550268,223560440
83628842268,239615385
83629081308,231913461
83629559388,225049278
83807166108,241293118
83807405148,233506478
83807883228,226568168
83986446108,242872147
83986685148,234888128
83987163228,228027112
84166801788,244398723
84167040828,236473882
84167518908,229539646
84347874588,245847190
84348113628,237866291
84348591708,230758004
84530023068,247288253
84530262108,239252221
84530740188,232095693
84712888668,248583731
84713127708,240385764
84713605788,233212543
84896590908,249810975
84896829948,241584603
84897308028,234386527
85080890748,250963211
85081129788,242717809
85081607868,235503082
85265190588,252065196
85265429628,243682046
85265907708,236221790
85450924668,252819066
85451163708,244466682
85451641788,237158346
85637017308,254013552
85637256348,245636858
85637734428,238182250
85823707548,231659468
85823946588,225952034
85824424668,221083029
86010397788,216822650
86010636828,213094818
86011114908,209832965
86198283228,207103844
86198522268,204715863
86199000348,202626380
86387483388,200923082
86387722428,199432696
86388200508,198128609
86576324988,196987532
86576564028,195989090
86577042108,195115453
86765047068,194351021
86765286108,193682143
86765764188,193096875
86954844828,216084765
86955083868,212824169
86955681468,209971147
87145359708,231224753
87145598748,226196658
87146076828,221797075
87335157468,241572440
87335396508,235125885
87335874588,229485149
87525433308,248174505
87525672348,240902691
87526150428,234664854
87715828668,252831747
87716067708,245102778
87716545788,238339930
87907060668,256172438
87907299708,248150883
87907777788,241007022
88098053628,258631144
88098292668,250177251
88098770748,242780094
88288448988,236182582
88288688028,230409759
88289166108,225483539
88479561468,221173096
88479800508,217401459
88480278588,214101276
88671391068,211338616
88671630108,208921289
88672108188,206806127
88863101148,204955361
88863340188,203335940
88863818268,201793947
89054930748,200444703
89055169788,199389115
89055647868,198465475
89245923708,221407290
89246162748,217731378
89246640828,214389955
89437872828,235341210
89438111868,230048558
89438589948,225292488
89629582908,245005927
89629821948,238380186
89630300028,232582662
89821053948,251384829
89821292988,243961725
89821771068,237466509
90012644508,255533195
90012883548,247466545
90013361628,240533226
90204354588,258341572
90204593628,250048875
90205071708,242792765
90396662268,236443669
90396901308,230888210
90397379388,226027183
90589089468,221898785
90589328508,218286436
90589687068,215000631
90780560508,212000552
90780799548,209375483
90781277628,207203547
90972748668,205303103
90972987708,203640215
90973465788,202185188
91165175868,201037039
91165414908,200032409
91165892988,199028357
91357722588,198149812
91357961628,197381085
91358439708,196833449
91550388828,220354267
91550627868,216934983
91551105948,214068110
91742098908,235309596
91742337948,229895896
91742816028,225158909
91935004188,245014045
91935243228,238512289
91935721308,232823252
92127909468,251845345
92128148508,244489676
92128626588,238053466
92320695228,256421782
92320934268,248494059
92321412348,241557301
92513720028,235487638
92513959068,230176683
92514437148,225529597
92707820508,221588397
92708059548,218264847
92708537628,215231741
92901801468,212577773
92902040508,210255551
92902518588,208223607
93096021468,206570656
93096260508,204999324
93096738588,203624408
93290480508,202421357
93290719548,201368687
93291197628,200572601
93485537148,199876025
93485776188,199266521
93486254268,198858205
93680593788,222625929
93680832828,219172687
93681310908,216276101
93876248028,237991588
93876487068,232742639
93877084668,228274809
94072499868,248615457
94072738908,242038524
94073216988,236408708
94268871228,255732619
94269110268,248391041
94269588348,241967160
94465840188,260721265
94466079228,252756106
94466557308,245786592
94663287228,239813268
94663526268,234461609
94664004348,229903907
94862168508,226040918
94862407548,222660803
94862885628,219578202
95061408348,217005926
95061647388,214755185
95062125468,212910786
95261006748,211296937
95261245788,209884819
95261723868,208524216
95462039388,207583689
95462278428,206760727
95462756508,206040636
95662876028,230410556
95664625788,226859236
95664864828,223751831
95665342908,221157852
95866973148,219013120
95867212188,217011480
95867690268,215260045
96021871068,232852539
96022229628,223245971
96022707708,214715224
96190513788,228250821
96190752828,220844468
96191230908,214363909
96347443548,228193420
96347682588,219294242
96348160668,211632461
96506046588,224553403
96506285628,216359227
96506763708,209189323
96667398588,222915657
96667637628,215176199
96668115708,208529174
96830782428,222963027
96831021468,215592648
96831499548,209143567
96996795708,224000621
96997034748,216875543
96997512828,210516100
97164601788,225826587
97164840828,218598263
97165318908,212273480
97334439708,227864295
97334678748,220631258
97335156828,214427350
97506548508,230248931
97506787548,222967814
97507265628,216721837
97680569628,232756607
97680808668,225412031
97681286748,219110527
97856024988,235346711
97856264028,227928372
97856742108,221437325
98033392668,237757659
98033631708,230162951
98034109788,223642582
98212314108,240187259
98212553148,232538851
98213031228,225971494
98393028348,242600057
98393267388,234900049
98393745468,228162542
98575415868,244892224
98575654908,237030696
98576132988,230276859
98758998588,247117251
98759237628,239227594
98759715708,232324144
98944135068,249283626
98944374108,241373172
98944852188,234326525
99130466748,251410709
99130705788,243234370
99131183868,236205073
99318232668,253429438
99318471708,245250758
99318949788,238094413
99506715708,255207611
99506954748,246806659
99507432828,239580826
99696991548,256883222
99697230588,248647819
99697589148,241316841
99887506428,235027235
99887745468,229398830
99888223548,224598976
