1100074424,100000000
1215976068,101875000
1216693188,103640625
1217295108,105310546
1218012228,106896727
1218614148,108284636
1322256944,122499056
1323213104,120686674
1323452144,118975839
1324288784,117478859
1325244944,116294001
1325483984,115132250
1326320624,114240718
1433737660,126835628
1433976700,124856174
1434932860,123124152
1435171900,121733633
1435410940,120516928
1436725660,119452312
1438040380,118770773
1438279420,118049426
1438518460,117418247
1439474620,116990966
1439713660,116492095
1534222536,114555583
1535178696,112861135
1535417736,111253493
1535656776,109846806
1536971496,108615955
1538405736,107538960
1538644776,106596590
1538883816,105772016
1539720456,105050514
1539959496,104419199
1634468372,103866799
1635544052,103383449
1635783092,102960517
1636022132,102715452
1637217332,102501020
1638771092,102188392
1639010132,102039843
1639249172,101909862
1639966292,101671129
1640205332,101587237
1736746048,113513832
1737702208,112199603
1737941248,110924652
1738180288,109934070
1739495008,109067311
1740929248,108308897
1741168288,107645284
1741407328,106939623
1741646368,106322170
1742363488,105906898
1742602528,105418535
1837948044,104866218
1838904204,104382940
1839143244,104085072
1839382284,103699438
1840936044,103362008
1842370284,103191757
1842609324,102917787
1842848364,102678063
1843087404,102593305
1843804524,102519141
1844043564,102454248
1940225720,114397467
1941181880,113097783
1941420920,111835560
1941659960,110606115
1943213720,109780350
1944647960,109057806
1944887000,108175580
1945126040,107528632
1945365080,106962553
1945604120,106342233
1946321240,105924453
1946560280,105433896
2041547236,104879659
2042503396,104394701
2042742436,103970363
2042981476,103599067
2044774276,103274183
2046208516,103114910
2046447556,102975546
2046686596,102853602
2046925636,102621901
2047164676,102544163
2047881796,102476142
2048120836,102416624
2143585872,114239546
2144542032,112834602
2144781072,111480276
2145020112,110420241
2146812912,109617710
2148247152,108915496
2148486192,108051059
2148725232,107294676
2148964272,106632841
2149203312,106178735
2149442352,105656393
2150159472,105324343
2150398512,104908800
2244907388,104420200
2245863548,103992675
2246102588,103743590
2246341628,103400641
2248373468,103225560
2249807708,102947365
2250046748,102828944
2250285788,102725326
2250524828,102634660
2250763868,102555327
2251002908,102485911
2251720028,102425172
2251959068,102247025
2348292188,114216146
2349367868,113064127
2349606908,111931111
2349845948,110814722
2351758268,110087881
2351997308,109201895
2353431548,108551658
2353670588,107857700
2353909628,107250487
2354148668,106844176
2354387708,106488654
2354626748,106052572
2355463388,105796000
2355702428,105571500
2454784508,105625062
2456099228,105796929
2456338268,105947312
2456577308,106078898
2458489628,106194035
2458728668,106294780
2460162908,106632932
2460401948,106678815
2460640988,106718963
2460880028,106754092
2461119068,106784830
2461358108,106811726
2462433788,106960260
2462672828,106965227
2565340508,119844573
2566535708,118864001
2566774748,117756000
2567013788,116911500
2568926108,116297562
2569165148,115635366
2570599388,115180945
2570838428,114533326
2571077468,114091660
2571316508,113705202
2571555548,113367051
2571794588,112946169
2572750748,112702897
2572989788,112365034
2675537948,124944404
2676733148,123201353
2676972188,121551183
2677211228,120232285
2679123548,119203249
2679362588,118177842
2680796828,117280611
2681035868,116495534
2681274908,115808592
2681513948,115082518
2681752988,114447203
2681992028,113891302
2682948188,113529889
2683187228,113213652
2784779228,125561945
2785974428,123616701
2786213468,121914613
2786452508,120425286
2788364828,119247125
2788603868,117966234
2790038108,117095454
2790277148,116208522
2790516188,115307456
2790755228,114519024
2790994268,113829146
2791233308,113350502
2792189468,113056689
2792428508,112674602
2894020508,124965276
2895215708,123219616
2895454748,121567164
2895693788,119996268
2897606108,118871734
2897845148,117637767
2899279388,116808046
2899518428,115832040
2899757468,114978035
2899996508,114230780
2900235548,113701932
2900474588,113239190
2901430748,112834291
2901669788,112355004
3003261788,124685628
3004456988,122849924
3004696028,121118683
3004935068,119603847
3006847388,118528366
3007086428,117462320
3008520668,116654530
3008759708,115697713
3008998748,114860498
3009237788,114252935
3009476828,113721318
3009715868,113131153
3010672028,112739758
3010911068,112272288
3112503068,124613252
3113698268,122786595
3113937308,121063270
3114176348,119680361
3116088668,118720315
3116327708,117630275
3117761948,116676490
3118000988,115841928
3118240028,115111687
3118479068,114472726
3118718108,113788635
3118957148,113190055
3119913308,112791298
3120152348,112442385
3221744348,124762086
3222939548,122916825
3223178588,121302221
3223417628,119889443
3225329948,118778262
3225568988,117555979
3227003228,116736481
3227242268,115894420
3227481308,115032617
3227720348,114278539
3227959388,113618721
3228198428,113166380
3229154588,112895582
3229393628,112533634
3330985628,124716929
3332180828,123002312
3332419868,121377023
3332658908,119829895
3334571228,118726158
3334810268,117510388
3336244508,116696589
3336483548,115734515
3336722588,114892700
3336961628,114156112
3337200668,113636598
3337439708,113182023
3338395868,112784270
3338634908,112311236
3440226908,124647331
3441422108,122941414
3441661148,121198737
3441900188,119673894
3443812508,118589657
3444051548,117515949
3445485788,116701455
3445724828,115738773
3445963868,114896426
3446202908,114284372
3446441948,113748825
3446680988,113155221
3447637148,112760818
3447876188,112290715
3549468188,124629375
3550663388,122800703
3550902428,121075615
3551141468,119691163
3553053788,118729767
3553292828,117638546
3554727068,116683727
3554966108,115723261
3555205148,115007853
3555444188,114381871
3555683228,113709137
3555922268,113120494
3556878428,112730432
3557117468,112389128
3658709468,124715487
3659904668,122876051
3660143708,121266544
3660382748,119858226
3662295068,118750947
3662534108,117532078
3663968348,116590568
3664207388,115766747
3664446428,115045903
3664685468,114290165
3664924508,113628894
3665163548,113175282
3666119708,112903371
3666358748,112540449
3767950748,124722892
3769145948,123007530
3769384988,121381588
3769624028,119833889
3771536348,118729652
3771775388,117513445
3773209628,116699264
3773448668,115861856
3773687708,115004124
3773926748,114253608
3774165788,113721907
3774404828,113256668
3775360988,112849584
3775600028,112368386
3877192028,124697337
3878387228,122985169
3878626268,121237022
3878865308,119707394
3880777628,118618969
3881016668,117541597
3882450908,116723897
3882689948,115758409
3882928988,114913607
3883168028,114299406
3883407068,113761980
3883646108,113166732
3884602268,112770890
3884841308,112299528
3986433308,124637087
3987628508,122807451
3987867548,121081519
3988106588,119696329
3990018908,118734287
3990257948,117642501
3991692188,116687188
3991931228,115726289
3992170268,115010502
3992409308,114384189
3992648348,113711165
3992887388,113122269
3993843548,112731985
3994082588,112390486
4095674588,124716675
4096869788,122877090
4097108828,121267453
4097347868,119859021
4099260188,118751643
4099499228,117532687
4100933468,116591101
4101172508,115767213
4101411548,115046311
4101650588,114290522
4101889628,113629206
4102128668,113175555
4103084828,112903610
4103323868,112540658
4204915868,124723075
4206111068,123007690
4206350108,121381728
4206589148,119834012
4208501468,118729760
4208740508,117513540
4210174748,116699347
4210413788,115861928
4210652828,115004187
4210891868,114253663
4211130908,113721955
4211369948,113256710
4212326108,112849621
4212565148,112368418
4314157148,124697365
4315352348,122985194
4315591388,121237044
4315830428,119707413
4317742748,118618986
4317981788,117416612
4319416028,116614535
4319655068,115662718
4319894108,114829878
4320133148,114226143
4320372188,113697875
4320611228,113110640
4321567388,112721810
4321806428,112256583
4423398428,124599510
4424593628,122774571
4424832668,121052749
4425071708,119671155
4426984028,118587260
4427223068,117513852
4428657308,116699620
4428896348,115737167
4429135388,115020021
4429374428,114392518
4429613468,113718453
4429852508,113128646
4430808668,112737565
4431047708,112395369
4532639708,124720947
4533834908,122880828
4534073948,121270724
4534312988,119861883
4536225308,118754147
4536464348,117659878
4537898588,116702393
4538137628,115864593
4538376668,115131518
4538615708,114365078
4538854748,113694443
4539093788,113232637
4540049948,112953557
4540288988,112584362
4641880988,124761316
4643076188,123041151
4643315228,121411007
4643554268,119859631
4645466588,118752177
4645705628,117533154
4647139868,116716509
4647378908,115876945
4647617948,115017326
4647856988,114265160
4648096028,113732015
4648335068,113265513
4649291228,112857323
4649530268,112375157
4751122268,124703262
4752317468,122990354
4752556508,121241559
4752795548,119711364
4754707868,118622443
4754946908,117419637
4756381148,116617182
4756620188,115665034
4756859228,114831904
4757098268,114227916
4757337308,113699426
4757576348,113111997
4758532508,112722997
4758771548,112257622
4860363548,124600419
4861558748,122775366
4861797788,121053445
4862036828,119671764
4863949148,118587793
4864188188,117514318
4865622428,116700028
4865861468,115737524
4866100508,115020333
4866339548,114392791
4866578588,113718692
4866817628,113128855
4867773788,112737748
4868012828,112395529
4969604828,124721087
4970800028,122880951
4971039068,121270832
4971278108,119861978
4973190428,118754230
4973429468,117659951
4974863708,116702457
4975102748,115864649
4975341788,115131567
4975580828,114365121
4975819868,113694480
4976058908,113232670
4977015068,112953586
4977254108,112584387
5078846108,124761338
5080041308,123041170
5080280348,121411023
5080519388,119859645
5082431708,118752189
5082670748,117533165
5084104988,116716519
5084344028,115876954
5084583068,115017334
5084822108,114265167
5085061148,113732021
5085300188,113265518
5086256348,112857328
5086495388,112375162
5188092028,124703266
5189287228,122990357
5189526268,121241562
5189765308,119711366
5191677628,118622445
5191916668,117419639
5193350908,116617184
5193589948,115665036
5193828988,114831906
5194068028,114227917
5194307068,113699427
5194546108,113111998
5195502268,112722998
5195741308,112257623
5298532828,124725420
5299728028,123009742
5299967068,121383524
5300206108,120085583
5302118428,119199885
5302357468,118174899
5303791708,117403036
5304030748,116602656
5304269788,115902324
5304508828,115289533
5304747868,114628341
5304986908,114049798
5305943068,113668573
5306182108,113335001
5409447388,125918125
5410642588,124178359
5410881628,122531064
5411120668,121214681
5413032988,120187845
5413272028,119039364
5414706268,118159443
5414945308,117264512
5415184348,116481448
5415423388,115796267
5415662428,115196733
5415901468,114672141
5416857628,114338123
5417096668,114045857
5521198588,126665124
5522393788,124956983
5522632828,123337360
5522871868,121920190
5524784188,120805166
5525023228,119704520
5526457468,118866455
5526696508,118008148
5526935548,117257129
5527174588,116599987
5527413628,116024988
5527652668,115521864
5528608828,115206631
5528847868,114805802
5634384028,127580076
5635579228,125882566
5635818268,124272245
5636057308,122988214
5637969628,121989687
5638208668,120990976
5639642908,120117104
5639881948,119227466
5640120988,118574032
5640360028,118002278
5640599068,117376993
5640838108,116829868
5641794268,116476134
5642033308,116166617
5749362268,129270789
5750557468,127611940
5750796508,126035447
5751035548,124781016
5752947868,123683389
5753186908,122722965
5754621148,121882594
5754860188,121022269
5755099228,120394485
5755338268,119720174
5755577308,119130152
5755816348,118613883
5756772508,118287147
5757011548,118001253
5866372348,131251096
5867567548,129594709
5867806588,128020370
5868045628,126767823
5869957948,125671845
5870196988,124712864
5871631228,123873756
5871870268,123014536
5872109308,122387719
5872348348,121714254
5872587388,121124972
5872826428,120609350
5873782588,120283181
5874021628,119997783
5986848508,133623060
5988043708,132170177
5988282748,130773904
5988521788,129552166
5990434108,128483145
5990673148,127422751
5991987868,126494907
5992226908,125808043
5992465948,125082037
5992704988,124446782
5992944028,123890934
5993183068,123529567
5994139228,123213371
5994378268,122811699
6110551708,122960236
6111746908,122965206
6111985948,122969555
6113898268,123223360
6114137308,123320440
6115452028,123530385
6115691068,123589086
6115930108,123515450
6116169148,123576018
6116408188,123629015
6116647228,123675388
6117603388,123715964
6117842428,123626468
6241545628,139048159
6242740828,138167139
6242979868,137271246
6244892188,136487340
6245131228,135801422
6246206908,135201244
6246445948,134676088
6246684988,134216577
6246924028,133689504
6247163068,133353316
6247402108,133059151
6248358268,132801757
6248597308,132576537
6382459708,133629469
6383654908,134550785
6385567228,135606936
6385806268,136281069
6386881948,136870935
6387120988,137387068
6387360028,137838684
6387599068,138233848
6387838108,138579617
6388077148,138882164
6389033308,139271893
6389272348,139487906
6542377468,158801917
6543572668,159076677
6545484988,159192092
6545724028,159293080
6546560668,159381445
6546799708,159333764
6547038748,159417043
6547277788,159489912
6547516828,159553673
6547755868,159484463
6548712028,159423905
6548951068,159370916
6730143388,162949551
6733011868,166330857
6733250908,169039499
6734087548,171534561
6734326588,173592740
6734565628,175393647
6734804668,176844441
6735043708,178238885
6735282748,179459024
6736238908,180651646
6736477948,181570190
6931056508,206748916
6933805468,205905301
6934044508,205292138
6934761628,204630620
6935000668,204176792
6935239708,203779693
6935478748,203432231
6935717788,203003202
6935956828,202627801
6936912988,202299325
6937152028,202136909
7075197628,194869795
7075436668,188261070
7076034268,182478436
7076273308,177418631
7076512348,172866302
7076751388,168883014
7076990428,165397637
7077229468,162472932
7078066108,160038815
7078305148,157783963
7237386268,158310967
7237625308,158772096
7238222908,159175584
7238461948,159528636
7238700988,159837556
7238940028,160107861
7239179068,160469378
7239418108,160660705
7240254748,160828116
7395511228,180349601
7395750268,177555900
7396108828,175236412
7396347868,173081860
7396586908,171196627
7396825948,169547048
7397064988,168228667
7397304028,166950083
7398021148,165956322
7547660188,164211781
7547899228,162685308
7548257788,161349644
7548496828,160180938
7548735868,159158320
7548974908,158263530
7549213948,157480588
7549452988,156795514
7697179708,174571074
7697418748,171499689
7697657788,168812227
7697896828,166335698
7698135868,164293735
7698374908,162507018
7698613948,160943640
7698852988,159450685
7841918428,157519349
7842157468,155954430
7842396508,154585126
7842635548,153386985
7842874588,152213611
7843113628,151311909
7843352668,150522920
7983908188,167332555
7984147228,164290985
7984386268,161504611
7984625308,159066534
7984864348,156933217
7985103388,155191564
7985342428,153542618
8120997628,151474790
8121236668,149665441
8121475708,148082260
8121714748,146696977
8121953788,145484854
8122192828,144424247
8255816188,160121216
8256055228,157106064
8256294268,154342806
8256533308,151924955
8256772348,149809335
8257011388,148083168
8387885788,162697772
8388124828,158985550
8388363868,155612356
8388602908,152660811
8388841948,150078209
8389080988,147943432
8518282108,145825503
8518521148,143847315
8518760188,142116400
8518999228,140601850
8519238268,139401618
8519477308,138226415
8649993148,137323113
8650232188,136657723
8650471228,136075507
8650710268,135566068
8650949308,134995309
8651188348,134620895
8781823708,134293283
8782062748,134006622
8782301788,133755794
8782540828,133536319
8782779868,133344279
8783018908,133176244
8913176188,133029213
8913415228,132775561
8913654268,132553615
8913893308,132359413
8914132348,132314486
8914371388,132150175
9044887228,132006403
9045126268,132005602
9045365308,132004901
9045604348,132004288
9045843388,131878752
9046082428,131893908
9176598268,131907169
9176837308,131793772
9177076348,131819550
9177315388,131842106
9177554428,131861842
9177793468,131754111
9308189788,131784847
9308428828,131811741
9308667868,131710273
9308906908,131621488
9309145948,131668802
9309384988,131710201
9440139868,131746425
9440378908,131778121
9440617948,131805855
9440856988,131830123
9441096028,131851357
9441335068,131869937
9572089948,131886194
9572328988,131900419
9572568028,131912866
9572807068,131923757
9573046108,131933287
9573285148,131941626
9704040028,131948922
9704279068,131955306
9704518108,131960892
9704757148,131965780
9704996188,131845057
9705235228,131864424
9835990108,131756371
9836229148,131786824
9836468188,131813471
9836707228,131836787
9836946268,131857188
9837185308,131875039
9967940188,131890659
9968179228,131904326
9968418268,131916285
9968657308,131926749
9968896348,131935905
9969135388,131943916
10099770748,131950926
10100009788,131957060
10100248828,131962427
10100487868,131967123
10100726908,131971232
10100965948,131849828
10231720828,131868599
10231959868,131760024
10232198908,131790021
10232437948,131816268
10232676988,131839234
10232916028,131859329
10363790428,131876912
10364029468,132017298
10364268508,132015135
10364507548,132013243
10364746588,132011587
10364985628,132010138
10495979548,132008870
10496218588,132007761
10496457628,132006790
10496696668,132005941
10496935708,132005198
10497174748,132129548
10628168668,132238354
10628407708,132208559
10628646748,132182489
10628885788,132159677
10629124828,132264717
10629363868,132231627
10760357788,132202673
10760596828,132177338
10760835868,132155170
10761074908,132260773
10761313948,132228176
10761552988,132199654
10892666428,132174697
10892905468,132152859
10893144508,132258751
10893383548,132226407
10893622588,132198106
10893861628,132173342
11024855548,132151674
11025094588,132257714
11025333628,132225499
11025572668,132197311
11025811708,132172647
11026050748,132276066
11157044668,132366557
11157283708,132320737
11157522748,132280644
11157761788,132245563
11158000828,132339867
11158239868,132297383
11289233788,132260210
11289472828,132227683
11289711868,132199222
11289950908,132174319
11290189948,132152529
11290428988,132133462
11421542428,132116779
11421781468,132102181
11422020508,132214408
11422259548,132312607
11422498588,132273531
11422737628,132239339
11553970588,132209421
11554209628,132308243
11554448668,132269712
11554687708,132235998
11554926748,132206498
11555165788,132305685
11686398748,132392474
11686637788,132343414
11686876828,132300487
11687115868,132387926
11687354908,132464435
11687593948,132406380
11818826908,132355582
11819065948,132436134
11819304988,132506617
11819544028,132443289
11819783068,132387877
11820022108,132464392
11951374588,132531343
11951613628,132464925
11951852668,132406809
11952091708,132480957
11952330748,132545837
11952569788,132477607
12083802748,132417906
12084041788,132490667
12084280828,132554333
12084519868,132485041
12084758908,132424410
12084997948,132371358
12216230908,132449938
12216469948,132393695
12216708988,132344483
12216948028,132301422
12217187068,132388744
12217426108,132465151
12348659068,132407007
12348898108,132356131
12349137148,132436614
12349376188,132507037
12349615228,132443657
12349854268,132388199
12481206748,132464674
12481445788,132531589
12481684828,132465140
12481923868,132406997
12482162908,132481122
12482401948,132545981
12613873948,132477733
12614112988,132543016
12614352028,132600139
12614591068,132650121
12614830108,132568855
12615069148,132622748
12746541148,132669904
12746780188,132586166
12747019228,132637895
12747258268,132683158
12747497308,132722763
12747736348,132632417
12879208348,132678364
12879447388,132718568
12879686428,132628747
12879925468,132550153
12880164508,132606383
12880403548,132655585
13011995068,132573636
13012234108,132626931
13012473148,132673564
13012712188,132714368
13012951228,132625072
13013190268,132671938
13144662268,132712945
13144901308,132623826
13145140348,132670847
13145379388,132711991
13145618428,132747992
13145857468,132654493
13277329468,132697681
13277568508,132735470
13277807548,132643536
13278046588,132688094
13278285628,132727082
13278524668,132761196
13409996668,132666046
13410235708,132707790
13410474748,132744316
13410713788,132651276
13410952828,132569866
13411191868,132623632
13542783388,132670678
13543022428,132711843
13543261468,132747862
13543500508,132779379
13543739548,132806956
13543978588,132706086
13675689628,132742825
13675928668,132649971
13676167708,132693724
13676406748,132732008
13676645788,132765507
13676884828,132794818
13808595868,132820465
13808834908,132842906
13809073948,132862542
13809312988,132879724
13809552028,132894758
13809791068,132907913
13941502108,132919423
13941741148,132929495
13941980188,132813308
13942219228,132836644
13942458268,132857063
13942697308,132874930
14074527868,132890563
14074766908,132904242
14075005948,133041211
14075244988,133036059
14075484028,133031551
14075723068,133027607
14207434108,133024156
14207673148,133021136
14207912188,132893494
14208151228,132906807
14208390268,132918456
14208629308,132928649
14340340348,132937567
14340579388,132945371
14340818428,132952199
14341057468,132958174
14341296508,132963402
14341535548,132967976
14473246588,132971979
14473485628,132975481
14473724668,132978545
14473963708,132856226
14474202748,132874197
14474441788,132889922
14606272348,132903681
14606511388,132915720
14606750428,132926255
14606989468,132935473
14607228508,132943538
14607467548,132950595
14739417628,132956770
14739656668,132962173
14739895708,132966901
14740134748,133096038
14740373788,133084033
14740612828,133073528
14872562908,133064337
14872801948,133056294
14873040988,133174257
14873280028,133152474
14873519068,133133414
14873758108,133116737
15005708188,133102144
15005947228,133089376
15006186268,133078204
15006425308,133068428
15006664348,133059874
15006903388,133052389
15138733948,133045840
15138972988,133040110
15139212028,133035096
15139451068,133030709
15139690108,133026870
15139929148,133023511
15271879228,133020572
15272118268,133143000
15272357308,133125125
15272596348,133109484
15272835388,133095798
15273074428,133208823
15405024508,133307720
15405263548,133269255
15405502588,133235598
15405741628,133206148
15405980668,133180379
15406219708,133157831
15538169788,133138102
15538408828,133120839
15538647868,133105734
15538886908,133092517
15539125948,133205952
15539364988,133180208
15671434588,133157682
15671673628,133137971
15671912668,133120724
15672151708,133230633
15672390748,133201803
15672629788,133176577
15804818908,133154504
15805057948,133260191
15805296988,133352667
15805536028,133308583
15805775068,133270010
15806014108,133361258
15937964188,133316100
15938203228,133276587
15938442268,133242013
15938681308,133211761
15938920348,133185290
15939159388,133162128
16071348508,133266862
16071587548,133233504
16071826588,133204316
16072065628,133303776
16072304668,133390804
16072543708,133341953
16204852348,133299208
16205091388,133386807
16205330428,133463456
16205569468,133405524
16205808508,133354833
16206047548,133435478
16338236668,133506043
16338475708,133442787
16338714748,133387438
16338953788,133339008
16339192828,133421632
16339431868,133368928
16471501468,133322812
16471740508,133282460
16471979548,133247152
16472218588,133341258
16472457628,133298600
16472696668,133261275
16604885788,133228615
16605124828,133325038
16605363868,133409408
16605602908,133358232
16605841948,133313453
16606080988,133399271
16738389628,133474362
16738628668,133415066
16738867708,133363182
16739106748,133442784
16739345788,133512436
16739584828,133448381
16871893468,133392333
16872132508,133468291
16872371548,133534754
16872610588,133467909
16872849628,133409420
16873088668,133483242
17005516828,133547836
17005755868,133479356
17005994908,133419436
17006233948,133492006
17006472988,133555505
17006712028,133486066
17139259708,133550307
17139498748,133606518
17139737788,133655703
17139976828,133573740
17140215868,133627022
17140454908,133673644
17272763548,133589438
17273002588,133640758
17273241628,133685663
17273480668,133724955
17273719708,133634335
17273958748,133555043
17406386908,133610662
17406625948,133534329
17406864988,133467537
17407104028,133534094
17407343068,133592332
17407582108,133643290
17540010268,133687878
17540249308,133726893
17540488348,133761031
17540727388,133665902
17540966428,133582664
17541205468,133634831
17673753148,133555477
17673992188,133486042
17674231228,133550286
17674470268,133606500
17674709308,133655687
17674948348,133573726
17807615548,133627010
17807854588,133673633
17808093628,133714428
17808332668,133750124
17808571708,133781358
17808810748,133808688
17941358428,133832602
17941597468,133853526
17941836508,133746835
17942075548,133778480
17942314588,133806170
17942553628,133830398
18075220828,133851598
18075459868,133870148
18075698908,133886379
18075937948,133775581
18076176988,133803633
18076416028,133828178
18209202748,133849655
18209441788,133868448
18209680828,133884892
18209919868,133899280
18210158908,133911870
18210397948,133922886
18343065148,133932525
18343304188,133940959
18343543228,133948339
18343782268,133954796
18344021308,133960446
18344260348,133965390
18476927548,133844716
18477166588,133864126
18477405628,133881110
18477644668,133895971
18477883708,133783974
18478122748,133810977
18610789948,133834604
18611028988,133855278
18611268028,133873368
18611507068,133889197
18611746108,133903047
18611985148,133790166
18744771868,133816395
18745010908,133839345
18745249948,133859426
18745488988,133876997
18745728028,133892372
18745967068,133905825
18878873308,133917596
18879112348,133927896
18879351388,133936909
18879590428,133944795
18879829468,133951695
18880068508,134082733
19012974748,134072391
19013213788,134063342
19013452828,134055424
19013691868,134048496
19013930908,134042434
19014169948,134037129
19147076188,134157487
19147315228,134137801
19147554268,134120575
19147793308,134105503
19148032348,134217315
19148271388,134190150
19281297148,134166381
19281536188,134145583
19281775228,134127385
19282014268,134236461
19282253308,134206903
19282492348,134181040
19415398588,134158410
19415637628,134138608
19415876668,134121282
19416115708,134106121
19416354748,134092855
19416593788,134081248
19549500028,134071092
19549739068,134062205
19549978108,134054429
19550217148,134047625
19550456188,134041671
19550695228,134036462
19683601468,134031904
19683840508,134027916
19684079548,134149426
19684318588,134130747
19684557628,134114403
19684796668,134100102
19817822428,134087589
19818061468,134201640
19818300508,134176435
19818539548,134154380
19818778588,134135082
19819017628,134243196
19952162908,134337796
19952401948,134295571
19952640988,134258624
19952880028,134226296
19953119068,134323009
19953358108,134282632
20086503388,134247303
20086742428,134216390
20086981468,134189341
20087220508,134290673
20087459548,134254338
20087698588,134222545
20220843868,134194726
20221082908,134295385
20221321948,134383461
20221560988,134335528
20221800028,134293587
20222039068,134381888
20355303868,134459152
20355542908,134401758
20355781948,134351538
20356020988,134432595
20356260028,134503520
20356499068,134440580
20489644348,134385507
20489883388,134337318
20490122428,134420153
20490361468,134367633
20490600508,134321678
20490839548,134281468
20623984828,134246284
20624223868,134340498
20624462908,134297935
20624701948,134260693
20624940988,134228106
20625180028,134324592
20758325308,134409018
20758564348,134357890
20758803388,134313153
20759042428,134399008
20759281468,134474132
20759520508,134414865
20892785308,134363006
20893024348,134442630
20893263388,134512301
20893502428,134448263
20893741468,134392230
20893980508,134343201
21027364828,134425300
21027603868,134372137
21027842908,134325619
21028081948,134409916
21028320988,134483676
21028560028,134548216
21161944348,134479689
21162183388,134544727
21162422428,134601636
21162661468,134526431
21162900508,134460627
21163139548,134528048
21296523868,134587042
21296762908,134513661
21297001948,134574453
21297240988,134627646
21297480028,134674190
21297719068,134589916
21431222908,134641176
21431461948,134686029
21431700988,134600275
21431940028,134525240
21432179068,134584585
21432418108,134636511
21565802428,134556947
21566041468,134612328
21566280508,134660787
21566519548,134703188
21566758588,134615289
21566997628,134538377
21700381948,134596079
21700620988,134521569
21700860028,134456372
21701099068,134524325
21701338108,134583784
21701577148,134635811
21835080988,134681334
21835320028,134721167
21835559068,134756021
21835798108,134661518
21836037148,134703828
21836276188,134740849
21969899548,134648242
21970138588,134692211
21970377628,134730684
21970616668,134764348
21970855708,134668804
21971094748,134710203
22104718108,134746427
22104957148,134653123
22105196188,134696482
22105435228,134734421
22105674268,134767618
22105913308,134671665
22239536668,134712706
22239775708,134748617
22240014748,134780039
22240253788,134807534
22240492828,134831592
22240731868,134852643
22374474748,134871062
22374713788,134887179
22374952828,134776281
22375191868,134804245
22375430908,134828714
22375669948,134850124
22509293308,134868858
22509532348,134885250
22509771388,134899593
22510010428,134912143
22510249468,134923125
22510488508,134932734
22644111868,134941142
22644350908,134948499
22644589948,134954936
22644828988,134835569
22645068028,134856122
22645307068,134874106
22778930428,134764842
22779169468,134794236
22779408508,134819956
22779647548,134842461
22779886588,134737153
22780125628,134770008
22913868508,134798757
22914107548,134823912
22914346588,134845923
22914585628,134865182
22914824668,134882034
22915063708,134896779
23048926108,134909681
23049165148,134920970
23049404188,134930848
23049643228,134939492
23049882268,134947055
23050121308,134953673
23183983708,134959463
23184222748,134964530
23184461788,134968963
23184700828,134972842
23184939868,134976236
23185178908,134979206
23319041308,135106805
23319280348,135093454
23319519388,135081772
23319758428,135071550
23319997468,135062606
23320236508,135054780
23454218428,135047932
23454457468,135041940
23454696508,135036697
23454935548,135032109
23455174588,135153095
23455413628,135133958
23589276028,135117213
23589515068,135102561
23589754108,135089740
23589993148,135078522
23590232188,135068706
23590471228,135060117
23724333628,135052602
23724572668,135046026
23724811708,135040272
23725050748,135160238
23725289788,135140208
23725528828,135122682
23859391228,135107346
23859630268,135093927
23859869308,135082186
23860108348,135071912
23860347388,135062923
23860586428,135055057
23994568348,135048174
23994807388,135042152
23995046428,135161883
23995285468,135141647
23995524508,135123941
23995763548,135108448
24129864988,135094892
24130104028,135208030
24130343068,135182026
24130582108,135159272
24130821148,135139363
24131060188,135246942
24265161628,135341074
24265400668,135298439
24265639708,135261134
24265878748,135228492
24266117788,135324930
24266356828,135284313
24400458268,135248773
24400697308,135217676
24400936348,135190466
24401175388,135291657
24401414428,135255199
24401653468,135223299
24535874428,135195386
24536113468,135295962
24536352508,135383966
24536591548,135335970
24536830588,135293973
24537069628,135382226
24671171068,135459447
24671410108,135402016
24671649148,135351764
24671888188,135307793
24672127228,135394318
24672366268,135345028
24806467708,135301899
24806706748,135264161
24806945788,135231140
24807184828,135327247
24807423868,135286341
24807662908,135250548
24941764348,135219229
24942003388,135316825
24942242428,135402221
24942481468,135351943
24942720508,135307950
24942959548,135269456
25077180508,135360774
25077419548,135315677
25077658588,135276217
25077897628,135241689
25078136668,135336477
25078375708,135419417
25212720828,135366989
25212959868,135321115
25213198908,135405975
25213437948,135480228
25213676988,135420199
25213916028,135367674
25349456028,135571714
25349695068,135750249
25349934108,135781467
25350173148,135933783
25350412188,136067060
25350651228,136183677
25487262588,136410717
25487501628,136609377
25487740668,136783204
25487979708,136810303
25488218748,136959015
25488457788,137089138
25626981468,137327995
25627220508,137661995
25627459548,137954245
25627698588,138209964
25627937628,138308718
25628176668,138520128
25771122588,139330112
25771361628,139913848
25771600668,140424617
25771839708,140871539
25772078748,141387596
25772317788,141714146
25923869148,142999877
25924108188,144249892
25924347228,145343655
25924586268,146300698
25924825308,147013110
25925064348,147761471
26093946108,150541287
26094185148,152973626
26094424188,155101922
26094663228,156964181
26094902268,158593658
26095141308,160019450
26296293468,165392018
26296532508,169968015
26296771548,173972013
26297010588,177600511
26297249628,180775447
26297488668,183428516
26494457628,185249951
26494696668,186843707
26494935708,188238243
26495174748,189458462
26495413788,190526154
26688199548,215585384
26688438588,212887211
26688677628,210526309
26688916668,208335520
26689155708,206543580
26879072988,204600632
26879312028,202900553
26879551068,201412983
26879790108,200111360
27077834748,223597440
27078073788,220522760
27078312828,217832415
27078551868,215478363
27277672188,213543567
27277911228,211725621
27278150268,210259918
27461972028,231852428
27462211068,225995874
27462450108,220871389
27645076668,239137465
27645315708,232245281
27645554748,226089620
27828778908,243578417
27829017948,236131114
27829256988,229614724
28013556828,246912883
28013795868,239173772
28014034908,232402050
28198812828,249476793
28199051868,241542193
28199290908,234599418
28385622588,251649490
28385861628,243568303
28386100668,236497265
28572790908,253560106
28573029948,245365092
28573268988,238194455
28760915388,255170148
28761154428,246898879
28761393468,239536519
28949398428,233219454
28949637468,227567022
28949876508,222621144
29139196188,218543501
29139435228,214975563
29139674268,211853617
29330189148,209246914
29330428188,206966049
29330667228,204970292
29521182108,203224005
29521421148,201696004
29521660188,200359003
29713728828,199314127
29713967868,198399861
29714206908,197724878
29906753628,197134268
29906992668,196617484
29907231708,196290298
30100615068,220004010
30100854108,216753508
30101093148,214034319
30294237468,235655029
30294476508,230448150
30294715548,225892131
30489174588,246155614
30489413628,239761162
30489652668,234166016
30683872668,253520264
30684111708,246205231
30684350748,239804577
30878809788,258454004
30879048828,250647253
30879287868,243691346
31073866428,261854927
31074105468,253498061
31074344508,246185803
31269042588,239912577
31269281628,234298504
31269520668,229386191
31465055388,225212917
31465294428,221561302
31465533468,218366139
31660709628,215445371
31660948668,212889699
31661187708,210778486
31857200508,209056175
31857439548,207549153
31857678588,206105508
32054169468,204967319
32054408508,203971404
32054647548,203099978
32251736028,226962480
32251975068,223217170
32252214108,220065023
32448704988,241806895
32448944028,236206033
32449183068,231430278
32646271548,251751493
32646510588,245032556
32646749628,239153486
32843479548,258509300
32843718588,250820637
32843957628,244093057
33040687548,262831424
33040926588,254602496
33041165628,247527184
33237178428,241211286
33237417468,235684875
33237656508,230724265
33434625468,226508731
33434864508,222820139
33435103548,219717621
33631952988,216877918
33632192028,214518178
33632431068,212328405
33828682908,210412354
33828921948,208610809
33829160988,207159457
34026368988,206014524
34026608028,205012708
34026847068,204011119
34224294108,203259729
34224533148,202602262
34224772188,202026979
34421980188,226148606
34422219228,222630030
34422458268,219551276
34619785788,241482366
34620024828,236172070
34620263868,231400561
34816993788,251725490
34817232828,245009803
34817471868,239008577
35014918908,258382504
35015157948,250959691
35015396988,244339729
35212007388,238547262
35212246428,233353854
35212485468,228809622
35409454428,224833419
35409693468,221354241
35409932508,218309960
35607618588,215771215
35607857628,213549813
35608096668,211731086
35805543708,210014700
35805782748,208512862
35806021788,207198754
36003588348,206048909
36003827388,205042795
36004066428,204162445
36201632988,203392139
36201872028,202718121
36202111068,202253355
36400155708,226471685
36400394748,223037724
36400633788,220033008
36599036988,242153882
36599276028,236759646
36599515068,232039690
36797798748,252659728
36798037788,245952262
36798276828,240083229
36996560508,259697825
36996799548,252110596
36997038588,245471771
37196039388,264537799
37196278428,256470574
37196517468,249286752
37394801148,242875908
37395040188,237391419
37395279228,232592491
37594638588,228518429
37594877628,224828625
37595116668,221725046
37794715068,219009415
37794954108,216633238
37795193148,214554083
37996106268,212984822
37996345308,211611719
37996584348,210285254
38197975548,209124597
38198214588,208234022
38198453628,207454769
38398573148,231772922
38400322908,228176306
38400561948,224904267
38400800988,222041233
38579961468,216911078
38580200508,212297193
38580439548,208260043
38709401628,220852537
38709640668,209495969
38709879708,199433972
38840754108,207004725
38840993148,197504134
38841232188,189316117
38972226108,198526602
38972465148,190210776
38972704188,182934429
39104893308,192942625
39105132348,185449796
39105371388,178893571
39238636188,189781874
39238875228,182809139
39239114268,176707996
39373932828,188119496
39374171868,181604559
39374410908,175903989
39510185628,187790990
39510424668,181442116
39510663708,175761851
39648111708,188041619
39648350748,181786416
39648589788,176313114
39787472028,188898974
39787711068,182661602
39787950108,177203901
39927549468,189928413
39927788508,183687361
39928027548,178351440
40068822108,191182510
40069061148,185034696
40069300188,179655359
40211289948,192573439
40211528988,186376759
40211768028,180829664
40354474908,193850956
40354713948,187494586
40354952988,181932762
40498616028,195066166
40498855068,188682895
40499094108,183222533
40643235228,196444716
40643474268,190014126
40643713308,184387360
40788810588,197463940
40789049628,191030947
40789288668,185402078
40935342108,198726818
40935581148,192260965
40935820188,186478344
41082590748,199793551
41082829788,193194357
41083068828,187545062
41230676028,200976929
41230915068,194354812
41231154108,188685460
41379358908,202099777
41379597948,195462304
41379836988,189654516
41528758908,203072701
41528997948,196313613
41529236988,190524411
41678756508,204083859
41678995548,197323376
41679234588,191532954
41829351708,205091334
41829590748,198329917
41829829788,192413677
41980664028,205986967
41980903068,199113596
41981142108,193224396
42132215388,206946346
42132454428,200078052
42132693468,194068295
42284364348,207684758
42284603388,200724163
42284842428,194633642
42437110908,208429436
42437349948,201500756
42437588988,195438161
42590216028,209258390
42590455068,202226091
42590694108,196072829
42744038268,209938725
42744277308,202946384
42744516348,196828086
42897980028,210599575
42898219068,203524628
42898458108,197334049
43052399868,211167292
43052638908,204146380
43052877948,197878082
43207178268,211768321
43207417308,204672280
43207656348,198463245
43362315228,212405339
43362554268,205229671
43362793308,198950962
43517930268,212832091
43518169308,205728079
43518408348,199512069
43673545308,213448060
43673784348,206267052
43674023388,199983670
43829399388,213860711
43829638428,206628122
43829877468,200299606
43985731548,214137155
43985970588,206870010
43986209628,200636258
44142422268,214681725
44142661308,207471509
44142900348,201162570
44299112988,215142248
44299352028,207874467
44299591068,201515158
44455803708,215450763
44456042748,208144417
44456281788,201751364
44612852988,215657443
44613092028,208450262
44613331068,202018979
44770021788,216016606
44770260828,208764530
44770499868,202293963
44927549148,216257217
44927788188,208850064
44928027228,202493806
45084956988,216432080
45085196028,209128070
45085435068,202737061
45242484348,216644928
45242723388,209314312
45242962428,202775023
45400131228,216803145
45400370268,209452751
45400609308,203021157
45558017148,217143512
45558256188,209750573
45558495228,203281751
45715903068,217246532
45716142108,209840715
45716381148,203360625
45873669468,217315546
45873908508,209901102
45874147548,203413464
46031555388,217361781
46031794428,209941558
46032033468,203573863
46189560828,217502130
46189799868,210064363
46190038908,203681317
46347566268,217596152
46347805308,210146633
46348044348,203753303
46505691228,217659140
46505930268,210201747
46506169308,203801528
46663696668,217701337
46663935708,210238669
46664174748,203833835
46821821628,217729605
46822060668,210388404
46822299708,203964853
46980066108,217969246
46980305148,210598090
46980544188,204023328
47138430108,218020412
47138669148,210517860
47138908188,203953127
47296674588,217958986
47296913628,210464112
47297152668,204031098
47454919068,218027210
47455158108,210648808
47455397148,204192707
47613283068,218168618
47613522108,210772540
47613761148,204175972
47771766588,218153975
47772005628,210759728
47772244668,204289762
47930369628,218378541
47930608668,210956223
47930847708,204336695
48088853148,218294608
48089092188,210882782
48089331228,204397434
48247456188,218472754
48247695228,211038659
48247934268,204408826
48406298268,218482722
48406537308,211047381
48406776348,204541458
48565379388,218723775
48565618428,211258303
48565857468,204726015
48724580028,218885263
48724819068,211399605
48725058108,204974654
48883780668,219102822
48884019708,211714969
48884258748,205250597
49043220348,219344272
49043459388,211926238
49043698428,205310458
49202779548,219396650
49203018588,211972068
49203257628,205475559
49362577788,219666114
49362816828,212207849
49363055868,205681867
49522615068,219846633
49522854108,212365803
49523093148,205945077
49682652348,220076942
49682891388,212567324
49683130428,206121408
49843167708,220356232
49843406748,212936703
49843645788,206444615
50004041628,220764038
50004280668,213293533
50004519708,206756841
50165274108,221162235
50165513148,213641955
50165752188,207061710
50326745628,221428996
50326984668,213875371
50327223708,207390949
50488336668,221842080
50488575708,214361820
50488814748,207816592
50650405788,222214518
50650644828,214687703
50650883868,208101740
50813072508,222714022
50813311548,215249769
50813550588,208718547
50976097788,223378728
50976336828,215831387
50976575868,209227463
51139601148,223824030
51139840188,216221026
51140079228,209693397
51303702108,224356722
51303941148,216812131
51304180188,210335614
51468281148,225043662
51468520188,217538204
51468759228,210970928
51633218748,225724562
51633457788,218133991
51633696828,211492242
51798753948,226305711
51798992988,218642497
51799232028,212062184
51964647708,226929411
51964886748,219313234
51965125788,212774079
52131258588,227677319
52131497628,220092654
52131736668,213456072
52298825628,228399063
52299064668,220849180
52299303708,214243032
52467229308,229462653
52467468348,221904821
52467707388,215166718
52636230588,230395878
52636469628,222721393
52636708668,216006218
52806188028,231380440
52806427068,223707885
52806666108,216994399
52976982108,232370099
52977221148,224698836
52977460188,217986481
53148851868,233488170
53149090908,225927148
53149329948,219186254
53321797308,234787972
53322036348,227189475
53322275388,220415790
53495698908,236113816
53495937948,228349589
53496176988,221555890
53670676188,237361403
53670915228,229566227
53671154268,222870448
53847087708,238886642
53847326748,231150811
53847565788,224381959
54024813948,240459214
54025052988,232651812
54025292028,225820335
54203735388,242092793
54203974428,234206193
54204213468,227305418
54383971548,243642240
54384210588,235811960
54384449628,228960465
54566000508,245590406
54566239548,237766605
54566478588,230795779
54749463708,247571306
54749702748,239499892
54749941788,232437405
54934719708,249382729
54934958748,241334887
54935197788,234418026
55121170908,251615772
55121409948,243538800
55121648988,236471450
55309773468,253662518
55310012508,245579703
55310251548,238507240
55500049308,256068835
55500288348,247935230
55500527388,240693326
55692237468,258356660
55692476508,250062077
55692715548,242804317
55885859868,236578777
55886098908,231256429
55886337948,226599375
56082828828,222899453
56083067868,219662021
56083306908,216829268
56283024828,214850609
56283263868,212994282
56283502908,211369996
56485850268,210198746
56486089308,209298902
56486328348,208511539
56688436668,207822596
56688675708,207094771
56688914748,206457924
56852776668,226400683
56853015708,218725597
56853254748,212009897
57013292028,226133659
57013531068,217991951
57013770108,210742957
57179424828,225150087
57179663868,217756326
57179902908,211286785
57346872348,226500936
57347111388,219188319
57347350428,212789779
57515515068,228191056
57515754108,220792174
57515993148,214193152
57686189628,229794008
57686428668,222444757
57686667708,216014162
57858656988,231887391
57858896028,224401467
57859135068,217976283
58033514748,234104247
58033753788,226716216
58033992828,220251689
58211001948,236720227
58211240988,229380198
58211480028,222957673
58390879548,239712963
58391118588,232248842
58391357628,225717736
58572908508,242628019
58573147548,235174516
58573386588,228527701
58757088828,245711738
58757327868,238122770
58757566908,231357423
58943061948,248687745
58943300988,240851776
58943540028,233995304
59129752188,251245891
59129991228,243090154
59130230268,236078884
59317996188,253319023
59318235228,245279145
59318474268,238244251
59507196348,255588719
59507435388,247390129
59507674428,240091362
59697950268,257454941
59698189308,249148073
59698428348,241879563
59889779868,235644617
59890018908,230189039
59890257948,225415409
60082565628,221363482
60082804668,217693046
60083043708,214606415
60277263708,212155613
60277502748,210011161
60277741788,208009765
60472559388,206383544
60472798428,204960601
60473037468,203840525
60669647868,202985459
60669886908,202237276
60670125948,201582616
60867812028,201134789
60868051068,200867940
60868290108,200634447
61067171388,225180141
61067410428,222032623
61067649468,219153545
61267008828,241634351
61267247868,236430057
61267486908,231876299
61467324348,252891761
61467563388,246280290
61467802428,240495253
61667921948,260433346
61668596028,253004177
61668835068,246503654
61868954588,265815697
61870106748,257963734
61870465308,250968267
62070584828,269847233
62072454108,261616328
62072812668,254164287
62272932188,272643751
62275160028,264188282
62275518588,256539746
62475356028,274847277
62477746428,265741367
62477985468,257773696
62648660028,247176984
62651289468,238029861
62651528508,230026128
62790530268,219022862
62793040188,209395004
62793279228,200970628
62927858748,192974299
62930249148,185977511
62930488188,179855322
63067099548,174873406
63069489948,170389230
63069728988,166465576
63206937948,163032379
63209447868,160153331
63209686908,157634164
63348449628,172804893
63350840028,169204281
63351079068,165803745
63490200348,180203276
63492710268,175677866
63492949308,171468132
63633385308,185284615
63636014748,180374038
63636253788,175827283
63778243548,189598872
63780872988,184274013
63781112028,179364761
63924057948,192944165
63926687388,187326144
63926926428,182160376
64070708988,195515329
64073457948,189700912
64073696988,184363298
64218674748,197817885
64221304188,191965649
64221543228,186469942
64367238108,199911199
64369867548,193797299
64370106588,188197636
64516518588,201547931
64519148028,195354439
64519387068,189685134
64666396668,202974492
64669026108,196727680
64669265148,190886720
64816991868,204150880
64819621308,197757020
64819860348,191787392
64968184668,205188968
64970814108,198790347
64971053148,192941553
65120094588,206448858
65122724028,199892750
65122963068,193906156
65272602108,207292886
65275231548,200756275
65275470588,194786740
65425587708,208313397
65428217148,201774222
65428456188,195677444
65579290428,209217763
65581919868,202565542
65582158908,196494849
65733351708,210057992
65735981148,203300743
65736220188,197263150
65888130108,210855256
65890759548,204123349
65890998588,197982930
66043267068,211610063
66045896508,204783805
66046135548,198685829
66198882108,212350100
66201511548,205556337
66201750588,199361794
66354855708,212941569
66357485148,206198872
66357724188,199924013
66511307388,213683511
66513936828,206848072
66514175868,200617063
66667998108,214289930
66670627548,207378688
66670866588,201081352
66824927868,214696183
66827557308,207859160
66827796348,201501765
66982335708,215314044
66984965148,208399788
66985204188,202099814
67140221628,215962337
67142851068,208967044
67143090108,202721163
67298107548,216506017
67300736988,209442764
67300976028,203012418
67456232508,216760865
67458861948,209665756
67459100988,203332536
67614596508,217165969
67617225948,210145222
67617464988,203752069
67773438588,217533060
67776068028,210591427
67776307068,204142498
67932280668,217999685
67934910108,210874724
67935149148,204390383
68091242268,218216585
68093871708,211064511
68094110748,204681447
68250562428,218471266
68253191868,211412357
68253430908,204985812
68409882588,218737585
68412512028,211645386
68412751068,205064712
68569202748,218931623
68571832188,211815170
68572071228,205338273
68728761948,219170988
68731391388,212024614
68731630428,205521537
68888560188,219331344
68891189628,212289926
68891428668,205753685
69048238908,219659474
69050868348,212452039
69051107388,205895534
69208037148,219783592
69210666588,212560643
69210905628,205990562
69367715868,219741741
69370345308,212524023
69370584348,205958520
69527514108,219838705
69530143548,212733866
69530382588,206142132
69687431868,219999365
69690061308,212874444
69690300348,206265138
69847469148,220106995
69850098588,212968620
69850337628,206347542
70007386908,220179099
70010016348,213031711
70010255388,206402747
70167304668,220227403
70169934108,212948977
70170173148,206330354
70327341948,220164059
70329971388,212893551
70330210428,206406857
70487498748,220230999
70490128188,213077124
70490367228,206567483
70647775068,220371547
70650404508,213200103
70650643548,206550090
70807931868,220356328
70810561308,213186787
70810800348,206538438
70968208188,220471133
70970837628,213287241
70971076668,206751335
71128604028,220657418
71131233468,213450240
71131472508,206893960
71288999868,220657215
71291629308,213450063
71291868348,206768805
71449515228,220672704
71452144668,213588616
71452383708,207015039
71610030588,221013159
71612660028,213761514
71612899068,207041324
71770784988,220911158
71773414428,213672263
71773653468,207088230
71931778428,221077201
71934407868,213942550
71934646908,207324731
72092771868,221284139
72095401308,214123621
72095640348,207483168
72253765308,221422772
72256394748,214244925
72256633788,207589309
72414997788,221515645
72417627228,214326189
72417866268,207660415
72576349788,221702863
72578979228,214490005
72579218268,207928754
72738060348,222062659
72740689788,214804826
72740928828,208204222
72900009948,222303694
72902639388,215015732
72902878428,208388765
73061959548,222465169
73064588988,215157022
73064828028,208512394
73224387228,222698344
73227016668,215611051
73227255708,209034669
73387173468,223280335
73389802908,215995293
73390041948,209370881
73550198748,223574520
73552828188,216252705
73553067228,209721116
73713702108,223880976
73716331548,216645854
73716570588,210065122
73877205468,224306981
73879834908,217018608
73880073948,210391282
74041186908,224717371
74043816348,217377699
74044055388,210830486
74205765948,225101675
74208395388,217838965
74208634428,211234094
74370703548,225579832
74373332988,218382353
74373572028,211709558
74536119228,226245863
74538748668,218965130
74538987708,212219488
74702012988,226817052
74704642428,219464920
74704881468,212781805
74868384828,227434079
74871014268,220129819
74871253308,213488591
75035115228,228177517
75037744668,220780327
75037983708,213932786
75202562748,228566187
75205192188,221245413
75205431228,214589736
75370488348,229391019
75373117788,222092141
75373356828,215330623
75539131068,230164295
75541760508,222768758
75541999548,215922663
75708490908,230807330
75711120348,223456413
75711359388,216774361
75878806908,231802565
75881436348,224452244
75881675388,217645713
76049840028,232689998
76052469468,225353748
76052708508,218559529
76221590268,233739587
76224219708,226397138
76224458748,219597495
76394416188,234897808
76397045628,227535582
76397284668,220718634
76568198268,236128804
76570827708,228612703
76571066748,221786115
76743056028,237312850
76745685468,229773743
76745924508,222927025
76918869948,238436146
76921499388,230881627
76921738428,224021423
77096118108,239893745
77098747548,232407026
77098986588,225481147
77274680988,241421003
77277310428,233868377
77277549468,227009829
77454558588,243133600
77457188028,235616900
77457427068,228664787
77635631388,244831688
77638260828,237227727
77638499868,230199261
77818138428,246549353
77820767868,238855683
77821006908,231873722
78002318748,248389506
78004948188,240590817
78005187228,233641964
78188172348,250311718
78190801788,242522753
78191040828,235582408
78375221148,252384607
78377850588,244461531
78378089628,237403839
78563823708,254228359
78566453148,246324814
78566692188,239159212
78754697148,256264310
78756968028,247981271
78757207068,240858612
78946646268,234751285
78949275708,229532374
78949514748,224840827
79141105308,221110723
79143734748,217721882
79143973788,214756646
79338671868,212537065
79341301308,210719931
79341540348,209129939
79539106908,208113696
79541736348,207099484
79541975388,206212048
79741573788,205685542
79744322748,205349849
79744561788,205056117
79919897628,226674102
79922766108,220964839
79923005148,215719234
80065114428,228879329
80067743868,218769412
80067982908,209548235
80209016508,219104705
80211645948,209966616
80211884988,201720789
80354711388,212380690
80357340828,204333103
80357579868,197041465
80502199068,208786281
80504828508,201437995
80505067548,194758245
80651838108,207163464
80654467548,200268031
80654706588,193984527
80803269948,206986461
80805899388,200363153
80806138428,194317758
80956733628,207778038
80959363068,201305783
80959602108,195392560
81111870588,209093490
81114500028,202706803
81114739068,196743452
81269039388,210900520
81271668828,204537955
81271907868,198595710
81427761948,212896246
81430391388,206409215
81430630428,200483063
81588277308,215047680
81590906748,208541720
81591145788,202599005
81750465948,217274129
81753095388,210739862
81753334428,204772379
81914208348,219550831
81916837788,212856977
81917076828,206749854
82079504508,221656122
82082133948,214949106
82082372988,208830467
82246234908,223851658
82248864348,216995200
82249103388,210745800
82414519068,225902575
82417148508,219039753
82417387548,212784783
82584237468,228061685
82586866908,221053974
82587105948,214672227
82755270588,230088198
82757900028,222952173
82758139068,216583151
82927498908,232010257
82930128348,224883974
82930367388,218398477
83101161468,233973667
83103790908,226726958
83104029948,220136088
83276138748,235869077
83278768188,228510442
83279007228,221946636
83452311228,237703306
83454940668,230240392
83455179708,223585343
83629320348,239387175
83631949788,231838778
83632188828,225108930
83807644188,240970313
83810273628,233474023
83810512668,226664770
83986924188,242581673
83989553628,235008963
83989792668,228007842
84167279868,244131861
84169909308,236490378
84170148348,229554080
84348352668,245734820
84350982108,237892967
84351221148,230906346
84530501148,247043052
84533130588,239287670
84533369628,232251711
84713366748,248470247
84715996188,240536466
84716235228,233344407
84897068988,249676356
84899698428,241716811
84899937468,234502209
85081368828,250814432
85083998268,242712628
85084237308,235498549
85265668668,251811230
85268298108,243709826
85268537148,236371097
85451402748,252699709
85453912668,244612245
85454151708,237285714
85637495388,253749999
85639885788,245531249
85640124828,238214842
85824066108,254687986
85826576028,246476987
85826815068,238917363
86010875868,232302692
86013505308,226639855
86013744348,221684873
86198761308,217474263
86201390748,213789980
86201629788,210566232
86387961468,207870453
86390590908,205511646
86390829948,203447690
86576803068,201641728
86579552028,200061512
86579791068,198678823
86765644668,197468970
86768393628,196410348
86768632668,195484054
86955442428,194798547
86958191388,194573728
86958430428,194002012
87145837788,216876760
87148467228,213892165
87148706268,210905644
87335635548,231667438
87338264988,226834008
87338504028,222229757
87525911388,241576037
87528540828,235504032
87528779868,229816028
87716306748,248339024
87718936188,241421646
87719175228,235118940
87907538748,253104072
87910048668,245716063
87910287708,239001555
88098412188,256501360
88100802588,248563690
88101041628,241368228
88288927068,234947199
88291556508,229453799
88291795548,224522074
88480039548,220456814
88482668988,216774712
88482908028,213552873
88671869148,210733763
88674498588,208392042
88674737628,206343036
88863579228,204550156
88866328188,202981386
88866567228,201608712
89055408828,200407623
89058277308,199356670
89058516348,198437086
89246521308,197507450
89249270268,196694018
89249509308,195982265
89438350908,218984481
89440980348,215861420
89441219388,212878742
89630060988,233893899
89632690428,228907161
89632929468,224293765
89821532028,243757044
89824161468,237537413
89824400508,231845236
90013122588,250489581
90015632508,243428383
90015871548,236874835
90204713148,254765480
90207223068,247169795
90207462108,240273570
90397020828,257989373
90399530748,250115701
90399769788,242851238
90589448028,260244833
90592077468,251839228
90592316508,244484324
90781038588,237923783
90783668028,232058310
90783907068,226926021
90973226748,222560268
90975856188,218740234
90976095228,215522704
91165653948,212582366
91168402908,210134570
91168641948,207867748
91358320188,206009279
91361188668,204383119
91361427708,202960229
91550986428,201590200
91553615868,200391425
91553854908,199342496
91742576988,222049684
91745206428,218668473
91745445468,215334913
91935482268,236168048
91938111708,231147042
91938350748,226378661
92128387548,245956328
92130897468,239586787
92131136508,233763438
92321173308,252418008
92323563708,245240757
92323802748,238710662
92514078588,256746829
92516588508,249028475
92516827548,242024915
92708179068,259896800
92710808508,251909700
92711047548,244795987
92902279548,238446488
92904908988,232890677
92905148028,228029342
93096499548,223775674
93099128988,220178714
93099368028,216906374
93290958588,214043077
93293707548,211537692
93293946588,209345480
93486134748,207677295
93488883708,206092633
93489122748,204831053
93681191388,203602171
93683940348,202526899
93684179388,201586036
93876845628,200762781
93879475068,200417433
93879714108,199865253
94072977948,223382096
94075607388,220334334
94075846428,217292542
94269349308,238880974
94271978748,233895852
94272217788,229283870
94466198748,249498386
94468589148,243186087
94468828188,237412826
94663645788,256611222
94666155708,249534819
94666394748,243092966
94862646588,237581345
94865276028,232758676
94865515068,228538841
95061886428,224846485
95064515868,221615674
95064754908,218788714
95261484828,216440124
95264114268,214385108
95264353308,212586969
95462517468,211138597
95465385948,209871272
95465624988,208762363
95665103868,208042067
95667972348,207286808
95668211388,206750957
95867570748,206157087
95870200188,205762451
95870439228,205417144
96022468668,223990001
96025098108,215741250
96025337148,208148593
96190991868,222130018
96193621308,215738765
96193860348,209771419
96347921628,223799991
96350551068,215824992
96350790108,208471868
96506524668,221537884
96509154108,214095648
96509393148,207208692
96667876668,220932605
96670506108,213816029
96670745148,207214025
96831260508,221562271
96833889948,214616987
96834128988,208289863
96997273788,223128630
96999903228,216237551
97000142268,210082857
97165079868,225197499
97167709308,218297811
97167948348,212010584
97334917788,227259261
97337547228,220351853
97337786268,214057871
97507026588,229800637
97509656028,222950557
97509895068,216581737
97681047708,232509019
97683677148,225445391
97683916188,219014717
97856503068,235012877
97859132508,227886267
97859371548,221400483
98033870748,237475422
98036500188,230290994
98036739228,223629619
98212792188,239800916
98215421628,232575801
98215660668,225878825
98393506428,242268971
98396135868,234985349
98396374908,228237180
98575893948,244707532
98578523388,237244090
98578762428,230338578
98759476668,246921255
98762106108,239431098
98762345148,232502210
98944613148,249189433
98947242588,241540753
98947481628,234473158
99130944828,251164013
99133574268,243393511
99133813308,236219322
99318710748,253066906
99321340188,245308542
99321579228,238144974
99507193788,255126852
99509703708,247110995
99509942748,239722120
99697350108,256756855
99699740508,248412248
99699979548,241110717
99887984508,234721877
99890613948,229256642
99890852988,224474561
