1100144024,100000000
1233968868,104125000
1234685988,107859375
1235287908,111251953
1236005028,114345458
1236606948,117052275
1347356144,133295740
1348312304,131008772
1348551344,128882675
1349387984,127022340
1350344144,125519547
1350583184,124079603
1351419824,122944652
1471386460,136951570
1471625500,135332623
1472581660,133916045
1472820700,132676539
1473059740,131716971
1474374460,130877349
1475689180,130267680
1475928220,129609220
1476167260,129158067
1477123420,128888308
1477362460,128527269
1572707976,125086360
1572947016,121950565
1573186056,119331744
1574500776,117040276
1575935016,115035241
1576174056,113280835
1576413096,111745730
1577249736,110402513
1577488776,109102198
1672953812,119839423
1673192852,117484495
1673431892,115423933
1674627092,113620941
1676180852,112168323
1676419892,110772282
1676658932,109425746
1677376052,108372527
1677615092,107325961
1677854132,106410215
1774992448,105858938
1775231488,105376570
1775470528,104954498
1776426688,104585185
1778219488,104262036
1778458528,103979281
1778697568,103731870
1779175648,103515386
1779414688,103325962
1779653728,103160216
1878584844,115390189
1878823884,113966415
1879062924,112720613
1880019084,111755536
1881811884,110911094
1882050924,110047207
1882289964,109291306
1882768044,108629892
1883007084,108051155
1883246124,107544760
1883485164,107101665
1982057720,106713956
1982296760,106374711
1982535800,105952872
1983491960,105583763
1985523800,105385792
1985762840,105087568
1986001880,104951622
1986479960,104832669
1986719000,104728585
1986958040,104512511
1987197080,104448447
2085769636,116642391
2086008676,115062092
2086247716,113679330
2087323396,112594413
2089235716,111770111
2089474756,110798847
2089713796,109948991
2089952836,109080367
2090430916,108445321
2090669956,107889655
2090908996,107403448
2091148036,106978017
2189003472,106605764
2189242512,106155043
2189481552,105760662
2190796272,105415579
2192708592,105113631
2192947632,104849427
2193186672,104743248
2193425712,104650342
2193903792,104569049
2194142832,104497917
2194381872,104435677
2194620912,104381217
2292715388,116458564
2292954428,114776243
2293193468,113429212
2294508188,112375560
2296420508,111578615
2296659548,110631288
2296898588,109802377
2297137628,109077079
2297376668,108442444
2297854748,107887138
2298093788,107401245
2298332828,106976089
2298571868,106604077
2397295388,106403567
2397534428,106228121
2397773468,105949605
2399327228,105830904
2401239548,105727041
2401478588,105636160
2401717628,105556640
2401956668,105487060
2402195708,105426177
2402673788,105372904
2402912828,105326291
2403151868,105285504
2403390908,105249816
2506178108,118093589
2506417148,116956890
2506656188,115962278
2508209948,115341993
2510122268,114799243
2510361308,114074337
2510600348,113440044
2510839388,112885038
2511078428,112524408
2511317468,112083857
2511795548,111698374
2512034588,111486077
2512273628,111175317
2512512668,110903402
2616614588,110790476
2616853628,110691666
2617092668,110730207
2618885468,110638931
2620797788,110559064
2621036828,110614181
2621275868,110662408
2621514908,110704607
2621753948,110741531
2621992988,110648839
2622471068,110692734
2622710108,110731142
2622949148,110639749
2623188188,110684780
2726214428,123599182
2726453468,121899284
2726692508,120411873
2728365788,119235388
2730278108,118330964
2730517148,117289593
2730756188,116253393
2730995228,115346718
2731234268,114678378
2731473308,114093580
2731951388,113581882
2732190428,113134146
2732429468,112742377
2732668508,112399579
2835455708,124849631
2835694748,122868427
2835933788,121134873
2837607068,119868013
2839519388,118759511
2839758428,117539572
2839997468,116472125
2840236508,115663109
2840475548,114955220
2840714588,114210817
2841192668,113684464
2841431708,113223906
2841670748,112695917
2841909788,112233927
2944696988,124704686
2944936028,122741600
2945175068,121148900
2946848348,119880287
2948760668,118770251
2948999708,117548969
2949238748,116605347
2949477788,115779678
2949716828,114932218
2949955868,114190690
2950433948,113666853
2950672988,113083496
2950912028,112573059
2951151068,112251426
3053938268,124719997
3054177308,122879997
3054416348,121269997
3056089628,119986247
3058001948,118987966
3058240988,117864470
3058480028,116881411
3058719068,115896234
3058958108,115034204
3059197148,114404928
3059675228,113854312
3059914268,113247523
3060153308,112841582
3060392348,112486384
3163179548,124925586
3163418588,123059887
3163657628,121302401
3165330908,120014600
3167243228,118887775
3167482268,117651803
3167721308,116570327
3167960348,115624036
3168199388,114921031
3168438428,114305902
3168916508,113642664
3169155548,113187331
3169394588,112788914
3169633628,112315299
3272420828,124775886
3272659868,122803900
3272898908,121078412
3274572188,119818610
3276484508,118716283
3276723548,117501747
3276962588,116439028
3277201628,115634149
3277440668,114929880
3277679708,114188645
3278157788,113665064
3278396828,113206931
3278635868,112681064
3278874908,112220931
3381662108,124693314
3381901148,122731649
3382140188,121140192
3383813468,119872668
3385725788,118763584
3385964828,117543136
3386203868,116600244
3386442908,115775213
3386681948,114928311
3386920988,114187272
3387399068,113663863
3387638108,113080880
3387877148,112570770
3388116188,112249423
3490903388,124718245
3491142428,122878464
3491381468,121268656
3493054748,119985074
3494967068,118861939
3495206108,117754196
3495445148,116784921
3495684188,115811805
3495923228,114960329
3496162268,114340287
3496640348,113797751
3496879388,113198032
3497118428,112798278
3497357468,112448493
3600144668,124892431
3600383708,123030877
3600622748,121277017
3602296028,119992389
3604208348,118868340
3604447388,117759797
3604686428,116664822
3604925468,115706719
3605164508,114993379
3605403548,114369206
3605881628,113698055
3606120668,113235798
3606359708,112831323
3606598748,112352407
3709385948,124808356
3709624988,122832311
3709864028,121103272
3711537308,119840363
3713449628,118735317
3713688668,117518402
3713927708,116453601
3714166748,115646900
3714405788,114941037
3714644828,114198407
3715122908,113673606
3715361948,113214405
3715600988,112687604
3715840028,112226653
3818627228,124698321
3818866268,122736030
3819105308,121144026
3820778588,119876022
3822690908,118766519
3822929948,117545704
3823168988,116602491
3823408028,115777179
3823647068,114930031
3823886108,114188777
3824364188,113665179
3824603228,113082031
3824842268,112571777
3825081308,112250304
3927868508,124719016
3928107548,122879139
3928346588,121269246
3930019868,119985590
3931932188,118862391
3932171228,117754592
3932410268,116785268
3932649308,115812109
3932888348,114960595
3933127388,114340520
3933605468,113797955
3933844508,113198210
3934083548,112798433
3934322588,112448628
4037109788,124892549
4037348828,123030980
4037587868,121277107
4039261148,119992468
4041173468,118868409
4041412508,117759857
4041651548,116664874
4041890588,115706764
4042129628,114993418
4042368668,114369240
4042846748,113698085
4043085788,113235824
4043324828,112831346
4043563868,112352427
4146351068,124808373
4146590108,122832326
4146829148,121103285
4148502428,119840374
4150414748,118735327
4150653788,117518411
4150892828,116453609
4151131868,115646907
4151370908,114941043
4151609948,114198412
4152088028,113673610
4152327068,113214408
4152566108,112687607
4152805148,112226656
4255592348,124698324
4255831388,122736033
4256070428,121144028
4257743708,119876024
4259656028,118766521
4259895068,117545705
4260134108,116602491
4260373148,115777179
4260612188,114930031
4260851228,114188777
4261329308,113665179
4261568348,113082031
4261807388,112571777
4262046428,112250304
4364833628,124719016
4365072668,122879139
4365311708,121269246
4366984988,119860590
4368897308,118753016
4369136348,117658889
4369375388,116701527
4369614428,115738836
4369853468,114896481
4370092508,114284420
4370570588,113748867
4370809628,113155258
4371048668,112760850
4371287708,112415743
4474074908,124863775
4474313948,123005803
4474552988,121255077
4476226268,119973192
4478138588,118976543
4478377628,117854475
4478616668,116747665
4478855708,115779206
4479094748,115056805
4479333788,114424704
4479811868,113746616
4480050908,113278289
4480289948,112868502
4480528988,112384939
4583316188,124836821
4583555228,122857218
4583794268,121125065
4585467548,119859431
4587379868,118752002
4587618908,117533001
4587857948,116466375
4588096988,115658078
4588336028,114950818
4588575068,114206965
4589053148,113681094
4589292188,113220957
4589531228,112693337
4589770268,112231669
4692557468,124702710
4692796508,122739871
4693035548,121147387
4694708828,119878963
4696621148,118769092
4696860188,117547955
4697099228,116604460
4697338268,115778902
4697577308,114931539
4697816348,114190096
4698294428,113666334
4698533468,113083042
4698772508,112572661
4699011548,112251078
4801798748,124719693
4802037788,122879731
4802276828,121269764
4803950108,119861043
4805862428,118753412
4806101468,117659235
4806340508,116701830
4806579548,115739101
4806818588,114896713
4807057628,114284623
4807535708,113749045
4807774748,113155414
4808013788,112760987
4808252828,112415863
4911040028,124863880
4911279068,123005895
4911518108,121255158
4913191388,119973263
4915103708,118976605
4915342748,117854529
4915581788,116747712
4915820828,115779248
4916059868,115056842
4916298908,114424736
4916776988,113746644
4917016028,113278313
4917255068,112868523
4917494108,112384957
5020281308,124836837
5020520348,122857232
5020759388,121125078
5022432668,119859443
5024344988,118752012
5024584028,117533010
5024823068,116466383
5025062108,115658085
5025301148,114950824
5025540188,114206971
5026018268,113681099
5026257308,113220961
5026496348,112693340
5026735388,112231672
5129527228,124702713
5129766268,122739873
5130005308,121147388
5131678588,119878964
5133590908,118769093
5133829948,117547956
5134068988,116604461
5134308028,115778903
5134547068,114931540
5134786108,114190097
5135264188,113666334
5135503228,113083042
5135742268,112572661
5135981308,112126078
5239968028,124735318
5240207068,123018403
5240446108,121516102
5242119388,120326589
5244031708,119410765
5244270748,118359419
5244509788,117439491
5244748828,116509554
5244987868,115695859
5245226908,115108876
5245704988,114595266
5245944028,114020857
5246183068,113643249
5246422108,113312842
5350882588,126023736
5351121628,124270769
5351360668,122611922
5353033948,121410431
5354946268,120234127
5355185308,119079861
5355424348,118069878
5355663388,117186143
5355902428,116412875
5356141468,115861265
5356619548,115253606
5356858588,114721905
5357097628,114381666
5357336668,113958957
5462633788,126714087
5462872828,124874826
5463111868,123265472
5464785148,121982288
5466697468,120859502
5466936508,119752064
5467175548,118783056
5467414588,117935174
5467653628,117193277
5467892668,116544117
5468370748,115976102
5468609788,115479089
5468848828,115044202
5469087868,114663676
5575819228,127580716
5576058268,125883126
5576297308,124397735
5577970588,123098018
5579882908,122085765
5580121948,121075044
5580360988,120190663
5580600028,119291830
5580839068,118505351
5581078108,117942182
5581556188,117449409
5581795228,116893232
5582034268,116531578
5582273308,116215130
5690797468,129313238
5691036508,127649083
5691275548,126067947
5692948828,124809453
5694861148,123833271
5695100188,122854112
5695339228,121872348
5695578268,121013304
5695817308,120261641
5696056348,119728935
5696534428,119137818
5696773468,118620590
5697012508,118293016
5697251548,117881389
5808644188,131396215
5808883228,129721688
5809122268,128256477
5810795548,127099417
5812707868,126211989
5812946908,125185490
5813185948,124287303
5813424988,123501390
5813664028,122813716
5813903068,122212001
5814381148,121685500
5814620188,121224812
5814859228,120821710
5815098268,120468996
5929956988,134410371
5930196028,132859074
5930435068,131501689
5932108348,130438977
5934020668,129634104
5934259708,128679841
5934498748,127844860
5934737788,126989252
5934976828,126240595
5935215868,125710520
5935693948,125246705
5935932988,124715866
5936172028,124376382
5936411068,124079334
6055572508,138569417
6055811548,136998239
6056050588,135623459
6057723868,134545526
6059636188,133352335
6059875228,132308293
6060114268,131519756
6060353308,130829786
6060592348,130226062
6060831388,129572804
6061189948,129126203
6061428988,128735427
6061668028,128268498
6061907068,127859935
6188478748,128502443
6188717788,129064637
6188956828,129431557
6192303388,130127612
6192542428,130486660
6192781468,130800827
6193020508,131075723
6193259548,131316257
6193498588,131526724
6193857148,131710883
6194096188,131872022
6194335228,132013019
6194574268,132136391
6331544188,149369342
6331783228,148573174
6332022268,148001527
6335249308,147376336
6335488348,146829294
6335727388,146350632
6335966428,145806803
6336205468,145455952
6336444508,145148958
6336683548,144880338
6336922588,144520295
6337161628,144330258
6337400668,144163975
6493374268,146393478
6493613308,148344293
6496840348,150301256
6497079388,151763599
6497318428,153043149
6497557468,154162755
6497796508,155142410
6498035548,155999608
6498274588,156749657
6498513628,157405949
6498752668,157980205
6498991708,158357679
6683291548,181812969
6683530588,182836347
6686518588,183731803
6686757628,184390327
6686996668,184966536
6687235708,185595719
6687474748,186146254
6687713788,186502972
6687952828,186815100
6688191868,187213212
6688430908,187561560
6688669948,187866365
6886116988,189758069
6889104988,191788310
6889344028,193189771
6889583068,194416049
6889822108,195489042
6890061148,196427911
6890300188,197249422
6890539228,197968244
6890778268,198597213
6891017308,199147561
6891256348,199629115
7030258108,217425475
7033007068,208247290
7033246108,200216378
7033485148,193189330
7033724188,187040663
7033963228,181535580
7034202268,176843632
7034441308,172738178
7034680348,169145905
7034919388,165877666
7035158428,163142957
7197586108,163625087
7197825148,163671951
7198064188,163837957
7198303228,163983212
7198542268,164110310
7198781308,164221521
7199020348,164318830
7199259388,164403976
7199498428,164478479
7199737468,164543669
7357981948,163975710
7358220988,163603746
7358460028,163153277
7358699068,162759117
7358938108,162414227
7359177148,162237448
7359416188,161957767
7359655228,161713046
7359894268,161498915
7512640828,180436550
7512879868,177256981
7513118908,174474858
7513357948,172040500
7513596988,169910437
7513836028,168046632
7514075068,166415803
7514314108,164988827
7514553148,163740223
7663953148,162147695
7664192188,160879233
7664431228,159644328
7664670268,158563787
7664909308,157618313
7665148348,156916023
7665387388,156176520
7665626428,155529455
7810843228,173088273
7811082268,169952238
7811321308,167083208
7811560348,164572807
7811799388,162376206
7812038428,160579180
7812277468,158881782
7812516508,157396559
7954745308,155721989
7954984348,154131740
7955223388,152865272
7955462428,151757113
7955701468,150787473
7955940508,149814038
7956179548,149087283
8093986108,165576372
8094225148,162379325
8094464188,159581909
8094703228,157009170
8094942268,154758023
8095181308,152913270
8095420348,151299111
8230238908,149511722
8230477948,147822756
8230716988,146344911
8230956028,145051797
8231195068,144045322
8231434108,143039656
8363862268,158659699
8364101308,155577236
8364340348,152880081
8364579388,150520070
8364818428,148455061
8365057468,146648178
8494736668,161192155
8494975708,157418135
8495214748,154115868
8495453788,151226384
8495692828,148698086
8495931868,146485825
8625730588,160675096
8625969628,156965709
8626208668,153844995
8626447708,150989370
8626686748,148490698
8626925788,146304360
8757561148,160766315
8757800188,157170525
8758039228,154149209
8758278268,151380557
8758517308,148957987
8758756348,146838238
8889272188,161358458
8889511228,157688650
8889750268,154477568
8889989308,151542872
8890228348,149100013
8890467388,146962511
9020624668,161342197
9020863708,157549422
9021102748,154355744
9021341788,151561276
9021580828,149116116
9021819868,146851601
9152335708,161245150
9152574748,157589506
9152813788,154390817
9153052828,151591964
9153291868,149142968
9153530908,147000097
9283927228,161375084
9284166268,157703198
9284405308,154490298
9284644348,151679010
9284883388,149094133
9285122428,146957366
9415877308,161337695
9416116348,157795483
9416355388,154571047
9416594428,151749666
9416833468,149280957
9417072508,147245837
9547827388,161590107
9548066428,158016343
9548305468,154764300
9548544508,151918762
9548783548,149428916
9549022588,147375301
9679777468,161703388
9680016508,158115464
9680255548,154851031
9680494588,151994652
9680733628,149495320
9680972668,147308405
9811727548,161644854
9811966588,157939247
9812205628,154696841
9812444668,151859735
9812683708,149377268
9812922748,147205109
9943677628,161679470
9943916668,157969536
9944155708,154848344
9944394748,151992301
9944633788,149493263
9944872828,147306605
10075508188,161768279
10075747228,158047244
10075986268,154791338
10076225308,151942420
10076464348,149449617
10076703388,147268414
10207458268,161734862
10207697308,158018004
10207936348,154765753
10208175388,152045033
10208414428,149539403
10208653468,147346977
10339527868,161803604
10339766908,158078153
10340005948,154943383
10340244988,152200460
10340484028,149675402
10340723068,147465976
10471716988,161907729
10471956028,158169262
10472195068,155023104
10472434108,152145216
10472673148,149627064
10472912188,147423681
10603906108,161870720
10604145148,158261880
10604384188,155104145
10604623228,152216126
10604862268,149689110
10605101308,147602971
10736095228,162152599
10736334268,158508524
10736573308,155194958
10736812348,152295588
10737051388,149883639
10737290428,147773184
10868403868,162176536
10868642908,158404469
10868881948,155103910
10869120988,152340921
10869360028,149923305
10869599068,147682891
11000592988,162097529
11000832028,158335337
11001071068,155168419
11001310108,152397366
11001549148,149847695
11001788188,147616733
11132782108,162039641
11133021148,158409685
11133260188,155233474
11133499228,152329289
11133738268,149788127
11133977308,147564611
11264971228,161994034
11265210268,158369779
11265449308,155073556
11265688348,152189361
11265927388,149665690
11266166428,147582478
11397279868,162134668
11397518908,158492834
11397757948,155181229
11397996988,152283575
11398236028,149873128
11398475068,147763987
11529708028,162168488
11529947068,158397427
11530186108,155222748
11530425148,152444904
11530664188,150014291
11530903228,147762504
11662136188,162292191
11662375228,158630667
11662614268,155426833
11662853308,152498478
11663092348,150061168
11663331388,147928522
11794564348,162437456
11794803388,158632774
11795042428,155428677
11795281468,152625092
11795520508,150171955
11795759548,147900460
11927112028,162412902
11927351068,158736289
11927590108,155519252
11927829148,152579345
11928068188,150131926
11928307228,147990435
12059540188,162491630
12059779228,158680176
12060018268,155470154
12060257308,152661384
12060496348,150203711
12060735388,147928247
12191968348,162312216
12192207388,158648189
12192446428,155442165
12192685468,152511894
12192924508,149947907
12193163548,147829418
12324396508,162350740
12324635548,158681897
12324874588,155346659
12325113628,152553326
12325352668,150109160
12325591708,147970515
12456944188,162349200
12457183228,158680550
12457422268,155470481
12457661308,152661670
12457900348,150078961
12458139388,147944090
12589611388,162451078
12589850428,158769693
12590089468,155548481
12590328508,152729920
12590567548,150263680
12590806588,148105720
12722278588,162592505
12722517628,158893441
12722756668,155656760
12722995708,152699665
12723234748,150237206
12723473788,148082555
12854945788,162572235
12855184828,158875705
12855423868,155641241
12855662908,152811085
12855901948,150334699
12856140988,148167861
12987732508,162646878
12987971548,158941018
12988210588,155698390
12988449628,152861091
12988688668,150378454
12988927708,148206147
13120399708,162680378
13120638748,158970330
13120877788,155724038
13121116828,152883533
13121355868,150398091
13121594908,148223329
13253066908,162820412
13253305948,159092860
13253544988,155831252
13253784028,152977345
13254023068,150480176
13254262108,148295154
13385734108,162758259
13385973148,158913476
13386212188,155674291
13386451228,152840004
13386690268,150360003
13386929308,148065002
13518520828,162556876
13518759868,158862266
13518998908,155629482
13519237948,152800796
13519476988,150325696
13519716028,148159984
13651427068,162764986
13651666108,159044362
13651905148,155788816
13652144188,153065214
13652383228,150557062
13652622268,148362429
13784333308,162942125
13784572348,159199359
13784811388,155924439
13785050428,153183884
13785289468,150660898
13785528508,148453285
13917239548,163021624
13917478588,159268921
13917717628,155985305
13917956668,153112141
13918195708,150598123
13918434748,148398357
14050265308,162973562
14050504348,159226866
14050743388,155948507
14050982428,153079943
14051221468,150694950
14051460508,148483081
14183171548,163047695
14183410588,159291733
14183649628,156005266
14183888668,153129607
14184127708,150738406
14184366748,148521105
14316077788,163080966
14316316828,159320845
14316555868,156030739
14316794908,153151896
14317033948,150757909
14317272988,148538170
14448984028,162970898
14449223068,159224535
14449462108,155946468
14449701148,153078159
14449940188,150568389
14450179228,148372340
14582009788,162950797
14582248828,159331947
14582487868,156040453
14582726908,153160396
14582965948,150640346
14583204988,148560302
14715155068,163115264
14715394108,159350856
14715633148,156056999
14715872188,153174874
14716111228,150778014
14716350268,148680762
14848300348,163220666
14848539388,159443082
14848778428,156137696
14849017468,153370484
14849256508,150949173
14849495548,148705526
14981445628,163242335
14981684668,159462043
14981923708,156154287
14982162748,153385001
14982401788,150836875
14982640828,148607265
15114471388,163156356
15114710428,159386811
15114949468,156088459
15115188508,153327401
15115427548,150786475
15115666588,148563165
15247616668,163117769
15247855708,159353047
15248094748,156183916
15248333788,153410926
15248572828,150859560
15248811868,148627115
15380761948,163173725
15381000988,159527009
15381240028,156336132
15381479068,153419115
15381718108,150866725
15381957148,148633384
15513907228,163179211
15514146268,159531809
15514385308,156215332
15514624348,153313415
15514863388,150774238
15515102428,148677458
15647172028,163342775
15647411068,159674928
15647650108,156340562
15647889148,153422991
15648128188,150995117
15648367228,148870727
15780556348,163386886
15780795388,159588525
15781034428,156389959
15781273468,153591214
15781512508,151142312
15781751548,148874523
15913701628,163390207
15913940668,159591431
15914179708,156392502
15914418748,153468439
15914657788,150909884
15914896828,148671148
16047085948,163337254
16047324988,159670097
16047564028,156461334
16047803068,153528667
16048042108,151087583
16048281148,148951635
16180589788,163582680
16180828828,159759845
16181067868,156539864
16181306908,153722381
16181545948,151257083
16181784988,148974947
16313974108,163478078
16314213148,159793318
16314452188,156569153
16314691228,153623008
16314930268,151045132
16315169308,148914490
16447238908,163550178
16447477948,159856405
16447716988,156499354
16447956028,153561934
16448195068,151116692
16448434108,148977105
16580623228,163479966
16580862268,159669970
16581101308,156461223
16581340348,153653570
16581579388,151196873
16581818428,148922263
16714127068,163556980
16714366108,159862357
16714605148,156629562
16714844188,153675866
16715083228,151216382
16715322268,149064334
16847750428,163681292
16847989468,159846130
16848228508,156615363
16848467548,153788442
16848706588,151314886
16848945628,149025525
16981373788,147147334
16981612828,145503917
16981851868,143940927
16982090908,142698311
16982329948,141611022
16982568988,140659644
17115116668,139827188
17115355708,139098789
17115594748,138461440
17115833788,137778760
17116072828,137306415
17116311868,136893113
17248740028,136406473
17248979068,135980663
17249218108,135733080
17249457148,135516445
17249696188,135201889
17249935228,134926652
17382243868,134810820
17382482908,134709467
17382721948,134495783
17382960988,134308810
17383200028,134270208
17383439068,134236432
17515867228,134081878
17516106268,134071643
17516345308,134062687
17516584348,134054851
17516823388,133922994
17517062428,133932619
17649610108,133941041
17649849148,133823410
17650088188,133845483
17650327228,133864797
17650566268,133881697
17650805308,133771484
17783472508,133800048
17783711548,133825042
17783950588,133721911
17784189628,133756672
17784428668,133787088
17784667708,133813702
17917334908,133836989
17917573948,133857365
17917812988,133875194
17918052028,133890794
17918291068,133904444
17918530108,133916388
18051077788,133926839
18051316828,133935984
18051555868,133943986
18051794908,133825987
18052033948,133847738
18052272988,133866770
18185059708,133883423
18185298748,133897995
18185537788,133910745
18185776828,133921901
18186015868,133931663
18186254908,133940205
18318922108,133822679
18319161148,133844844
18319400188,133864238
18319639228,133881208
18319878268,133771057
18320117308,133799674
18452784508,133824714
18453023548,133846624
18453262588,133865796
18453501628,133882571
18453740668,133897249
18453979708,133785092
18586646908,133811955
18586885948,133710460
18587124988,133746652
18587364028,133778320
18587603068,133806030
18587842108,133830276
18720628828,133851491
18720867868,133870054
18721106908,133886297
18721345948,133900509
18721584988,133912945
18721824028,133923826
18854730268,133933347
18854969308,133941678
18855208348,133948968
18855447388,133955347
18855686428,133960928
18855925468,133965812
18988831708,133970085
18989070748,134098824
18989309788,134086471
18989548828,134075662
18989787868,134066204
18990026908,134182928
19122933148,134160062
19123172188,134140054
19123411228,134122547
19123650268,134107228
19123889308,134093824
19124128348,134082096
19257154108,134196834
19257393148,134172229
19257632188,134150700
19257871228,134131862
19258110268,134240379
19258349308,134210331
19391255548,134184039
19391494588,134161034
19391733628,134140904
19391972668,134123291
19392211708,134107879
19392450748,134094394
19525356988,134082594
19525596028,134072269
19525835068,134063235
19526074108,134180330
19526313148,134157788
19526552188,134138064
19659458428,134120806
19659697468,134105705
19659936508,134092491
19660175548,134080929
19660414588,134070812
19660653628,134061960
19793679388,134054215
19793918428,134047438
19794157468,134166508
19794396508,134145694
19794635548,134127482
19794874588,134111546
19928019868,134222602
19928258908,134319776
19928497948,134279804
19928736988,134244828
19928976028,134214224
19929215068,134312446
20062360348,134273390
20062599388,134239216
20062838428,134209314
20063077468,134308149
20063316508,134394630
20063555548,134345301
20196700828,134302138
20196939868,134264370
20197178908,134356323
20197417948,134311782
20197656988,134272809
20197896028,134238707
20331160828,134333868
20331399868,134417134
20331638908,134364992
20331877948,134319368
20332116988,134404447
20332356028,134478891
20465501308,134419029
20465740348,134366650
20465979388,134320818
20466218428,134405715
20466457468,134355000
20466696508,134310625
20599841788,134271796
20600080828,134362821
20600319868,134442468
20600558908,134387159
20600797948,134338764
20601036988,134421418
20734182268,134493740
20734421308,134432022
20734660348,134378019
20734899388,134330766
20735138428,134414420
20735377468,134362617
20868642268,134317289
20868881308,134277627
20869120348,134367923
20869359388,134446932
20869598428,134391065
20869837468,134342181
21003221788,134424408
21003460828,134496357
21003699868,134434312
21003938908,134380023
21004177948,134457520
21004416988,134525330
21137801308,134459663
21138040348,134527205
21138279388,134586304
21138518428,134638016
21138757468,134558264
21138996508,134488481
21272380828,134552420
21272619868,134483367
21272858908,134422946
21273097948,134495077
21273336988,134558192
21273576028,134613418
21407079868,134661740
21407318908,134704022
21407557948,134741019
21407796988,134648391
21408036028,134692342
21408275068,134730799
21541659388,134639449
21541898428,134559517
21542137468,134614577
21542376508,134662754
21542615548,134579909
21542854588,134507420
21676238908,134568992
21676477948,134622868
21676716988,134545009
21676956028,134476882
21677195068,134542271
21677434108,134599487
21810937948,134524551
21811176988,134583982
21811416028,134635984
21811655068,134681486
21811894108,134596300
21812133148,134646762
21945756508,134690916
21945995548,134604551
21946234588,134653982
21946473628,134697234
21946712668,134735079
21946951708,134643194
22080575068,134687794
22080814108,134726819
22081053148,134760966
22081292188,134790845
22081531228,134816989
22081770268,134839865
22215393628,134859881
22215632668,134877395
22215871708,134767720
22216110748,134796755
22216349788,134822160
22216588828,134844390
22350331708,134863841
22350570748,134880860
22350809788,134895752
22351048828,134908783
22351287868,134920185
22351526908,134930161
22485150268,134938890
22485389308,134946528
22485628348,134953212
22485867388,134834060
22486106428,134854802
22486345468,134872951
22619968828,134763832
22620207868,134793353
22620446908,134819183
22620685948,134841785
22620924988,134736561
22621164028,134769490
22754787388,134798303
22755026428,134823515
22755265468,134845575
22755504508,134864878
22755743548,134881768
22755982588,134771547
22889725468,134800103
22889964508,134700090
22890203548,134737578
22890442588,134770380
22890681628,134799082
22890920668,134824196
23024783068,134846171
23025022108,134990399
23025261148,134991599
23025500188,134992649
23025739228,134993567
23025978268,134994371
23159840668,134995074
23160079708,134995689
23160318748,134996227
23160557788,134996698
23160796828,134997110
23161035868,135122471
23294898268,135107162
23295137308,135093766
23295376348,135082045
23295615388,135071789
23295854428,135062815
23296093468,135054963
23430075388,135173092
23430314428,135151455
23430553468,135132523
23430792508,135115957
23431031548,135226462
23431270588,135198154
23565132988,135173384
23565372028,135151711
23565611068,135132747
23565850108,135116153
23566089148,135101633
23566328188,135088928
23700190588,135077812
23700429628,135068085
23700668668,135059574
23700907708,135052127
23701146748,135045611
23701385788,135039909
23835248188,135034920
23835487228,135030555
23835726268,135026735
23835965308,135023393
23836204348,135020468
23836443388,135017909
23970425308,135015670
23970664348,135013711
23970903388,135011997
23971142428,135135497
23971381468,135118559
23971620508,135103739
24105721948,135090771
24105960988,135079424
24106200028,135194496
24106439068,135170184
24106678108,135148911
24106917148,135130297
24241018588,135239009
24241257628,135334132
24241496668,135292365
24241735708,135255819
24241974748,135223841
24242213788,135320860
24376315228,135280752
24376554268,135245658
24376793308,135214950
24377032348,135313081
24377271388,135398945
24377510428,135349076
24511731388,135305441
24511970428,135267260
24512209468,135358852
24512448508,135313995
24512687548,135274745
24512926588,135240401
24647028028,135335350
24647267068,135418431
24647506108,135366127
24647745148,135320361
24647984188,135280315
24648223228,135370275
24782324668,135323990
24782563708,135283491
24782802748,135248054
24783041788,135342047
24783280828,135424291
24783519868,135371254
24917621308,135324847
24917860348,135284241
24918099388,135373710
24918338428,135326996
24918577468,135286121
24918816508,135250355
25053037468,135344060
25053276508,135426052
25053515548,135372795
25053754588,135326195
25053993628,135285420
25054232668,135374742
25188577788,135327899
25188816828,135286911
25189055868,135376047
25189294908,135454041
25189533948,135522285
25189772988,135456999
25325312988,135649874
25325552028,135818639
25325791068,135841309
25326030108,135986145
25326269148,136112876
25326508188,136223766
25463119548,136445795
25463358588,136640070
25463597628,136810061
25463836668,136833803
25464075708,136979577
25464314748,137107129
25602957948,137343737
25603196988,137675769
25603436028,137966297
25603675068,138220509
25603914108,138317945
25604153148,138528201
25746979548,139212175
25747218588,139810653
25747457628,140334321
25747696668,140792530
25747935708,141193463
25748174748,141544280
25899726108,142976245
25899965148,144104214
25900204188,145216187
25900443228,146189163
25900682268,147040517
25900921308,147660452
26069803068,150452895
26070042108,153021283
26070281148,155143622
26070520188,157000669
26070759228,158625585
26070998268,160047386
26272628508,165416462
26272867548,169989404
26273106588,174115728
26273345628,177726262
26273584668,180885479
26273823708,183649794
26473302588,185818569
26473541628,187716247
26473780668,189251716
26474019708,190720251
26474258748,192005219
26670152028,217629566
26670391068,215050870
26670630108,212794511
26670869148,210695197
26671108188,208983297
26862459708,206860384
26862698748,205002836
26862937788,203377481
26863176828,202080295
27063372828,201945258
27063611868,201827100
27063850908,201723712
27064089948,201633248
27263090748,201429092
27263329788,201250455
27263568828,201094148
27263807868,200832379
27448466268,198853331
27448705308,197121664
27448944348,195606456
27449183388,194405649
27632168508,193104942
27632407548,191966824
27632646588,190970971
27632885628,189974599
27815751228,189102774
27815990268,188339927
27816229308,187797436
27816468348,187322756
28000529148,187032411
28000768188,186778359
28001007228,186556064
28001246268,186361556
28186263228,186316361
28186502268,186276815
28186741308,186117213
28186980348,185977561
28372594908,185980365
28372833948,185982819
28373072988,186109966
28373312028,186221220
28560121788,186443567
28560360828,186638121
28560599868,186683355
28560838908,186722935
28748126748,186882568
28748365788,187022247
28748604828,187144466
28748843868,187251407
28936251228,187344981
28936490268,187426858
28936729308,187498500
28936968348,187561187
29126048988,187866038
29126288028,188132783
29126527068,188366185
29126766108,188570411
29316563868,188749109
29316802908,188905470
29317041948,189167286
29317280988,189396375
29508273948,189721828
29508512988,190006599
29508752028,190130774
29508991068,190239427
29700223068,190459498
29700462108,190652060
29700701148,190820552
29700940188,190967983
29893367388,191221985
29893606428,191444236
29893845468,191638706
29894084508,191933867
30087587388,192192133
30087826428,192418116
30088065468,192740851
30088304508,192898244
30281687868,193035963
30281926908,193156467
30282165948,193261908
30282404988,193354169
30475907868,193434897
30476146908,193630534
30476385948,193676717
30476624988,193717127
30670844988,193877486
30671084028,194017800
30671323068,194140575
30671562108,194248003
30866021148,194467002
30866260188,194533626
30866499228,194591922
30866738268,194642931
31061197308,194687564
31061436348,194726618
31061675388,194760790
31061914428,194790691
31255895388,194691854
31256134428,194730372
31256373468,194764075
31256612508,194793565
31451430108,194944369
31451669148,194951322
31451908188,194957406
31452147228,195087730
31647681948,195201763
31647920988,195301542
31648160028,195513849
31648399068,195574617
31843933788,195627789
31844172828,195799315
31844411868,195824400
31844650908,195846350
32040663708,195990556
32040902748,195991736
32041141788,196117769
32041380828,196228047
32238708348,196449541
32238947388,196643348
32239186428,196812929
32239425468,196961312
32436155388,197091148
32436394428,197204754
32436633468,197179159
32436872508,197156764
32633243868,197137168
32633482908,197120022
32633721948,197105019
32633960988,197091891
32830690908,197080404
32830929948,197070353
32831168988,197186558
32831408028,197288238
33027779388,197252208
33028018428,197345682
33028257468,197302471
33028496508,197264662
33224031228,197231579
33224270268,197077631
33224509308,196942927
33224748348,196825061
33421000188,196846928
33421239228,196866062
33421478268,196882804
33421717308,196897453
33618805788,196910271
33619044828,197046487
33619283868,197165676
33619522908,197269966
33815774748,197236220
33816013788,197206692
33816252828,197180855
33816491868,197158248
34012982748,197138467
34013221788,197121158
34013460828,197106013
34013699868,197092761
34210788348,197206165
34211027388,197305394
34211266428,197392219
34211505468,197468191
34409430588,197659667
34409669628,197702208
34409908668,197739432
34410147708,197897003
34606758108,197784877
34606997148,197686767
34607236188,197725921
34607475228,197635180
34804324668,197680782
34804563708,197720684
34804802748,197630598
34805041788,197676773
35002010748,197717176
35002249788,197752529
35002488828,197783462
35002727868,197685529
35198740668,197474837
35198979708,197290482
35199218748,197254171
35199457788,197222399
35396307228,197319599
35396546268,197404649
35396785308,197354067
35397024348,197434808
35593993308,197380457
35594232348,197457899
35594471388,197525661
35594710428,197459953
35792396508,197652458
35792635548,197695900
35792874588,197733912
35793113628,197892173
35990202108,197905651
35990441148,197917444
35990680188,197927763
35990919228,197811792
36188246748,197835318
36188485788,197855903
36188724828,197873915
36188963868,197889675
36387725628,198028465
36387964668,198149906
36388203708,198381167
36388442748,198583521
36586009308,198635580
36586248348,198681132
36586487388,198595990
36586726428,198521491
36784771068,198456304
36785010108,198524266
36785249148,198583732
36785488188,198635765
36983771868,198681294
36984010908,198721132
36984249948,198755990
36984488988,198786491
37183250748,198938179
37183489788,198945906
37183728828,198952667
37183967868,198958583
37381534428,198838760
37381773468,198733915
37382012508,198767175
37382251548,198796278
37581013308,198946743
37581252348,199078400
37581491388,199068600
37581730428,199060025
37781687388,199177521
37781926428,199280330
37782165468,199495288
37782404508,199683377
37982361468,199847954
37982600508,199991959
37982839548,199992964
37983078588,200118843
38183991708,200228987
38184230748,200450363
38184469788,200644067
38184708828,200688558
38386937320,200977488
38566933788,198230302
38696612988,212076514
38696852028,201816949
38697091068,192964830
38827965468,201469226
38828204508,192785572
38828443548,185187375
38959556988,194788953
38959796028,186940333
38960035068,180072791
39092224188,190563692
39092463228,183368230
39092702268,177072201
39225847548,188063175
39226086588,181305278
39226325628,175392118
39360785628,186968103
39361024668,180597090
39361263708,174897453
39497277468,186910271
39497516508,180671487
39497755548,175087551
39635203548,187451607
39635442588,181270156
39635681628,175861386
39774444348,188503712
39774683388,182315748
39774922428,176901279
39914641308,189663619
39914880348,183455666
39915119388,178148707
40055913948,191005118
40056152988,184879478
40056392028,179519543
40198381788,192454600
40198620828,186272775
40198859868,180738678
40341566748,193771343
40341805788,187424925
40342044828,181996809
40485707868,195122207
40485946908,188731931
40486185948,183265439
40630327068,196357259
40630566108,189937601
40630805148,184320400
40775902428,197405350
40776141468,190979681
40776380508,185357220
40922433948,198687567
40922672988,192226621
40922912028,186448293
41069682588,199767256
41069921628,193171349
41070160668,187524930
41217767868,200959313
41218006908,194464398
41218245948,188781348
41366450748,202183679
41366689788,195535719
41366928828,189593754
41515850748,203019534
41516089788,196392092
41516328828,190593080
41665848348,204143945
41666087388,197500951
41666326428,191563332
41816443548,205117915
41816682588,198353175
41816921628,192309028
41967755868,205895399
41967994908,199033474
41968233948,193154289
42119307228,206885002
42119546268,200024376
42119785308,194021329
42271456188,207643662
42271695228,200688204
42271934268,194602178
42424202748,208401905
42424441788,201476666
42424680828,195417082
42577307868,209239946
42577546908,202209952
42577785948,196058708
42731130108,209926369
42731369148,202935572
42731608188,196818625
42885071868,210716296
42885310908,203626759
42885549948,197423414
43039491708,211245487
43039730748,204089801
43039969788,197828575
43194270108,211725003
43194509148,204634377
43194748188,198430079
43349407068,212376319
43349646108,205204279
43349885148,198928744
43505022108,212937651
43505261148,205820444
43505500188,199592888
43660637148,213518777
43660876188,206203929
43661115228,199928437
43816491228,213812382
43816730268,206585834
43816969308,200262604
43972823388,214104778
43973062428,206966680
43973301468,200720845
44129514108,214755739
44129753148,207536271
44129992188,201094237
44286204828,215082457
44286443868,207822149
44286682908,201469380
44442895548,215410707
44443134588,208109368
44443373628,201720697
44599944828,215630609
44600183868,208426782
44600422908,201998434
44757113628,215998629
44757352668,208748800
44757591708,202280200
44914640988,216245175
44914880028,208839528
44915119068,202484587
45072048828,216549013
45072287868,209230386
45072526908,202826587
45229576188,216723263
45229815228,209257855
45230054268,202850623
45387223068,216869295
45387462108,209510633
45387701148,203071803
45545108988,217062827
45545348028,209679973
45545587068,203219976
45702994908,217192479
45703233948,209793419
45703472988,203319241
45860761308,217279335
45861000348,209994418
45861239388,203495115
46018647228,217433225
46018886268,210004071
46019125308,203503562
46176652668,217440616
46176891708,210010539
46177130748,203634221
46334658108,217554943
46334897148,210110575
46335136188,203721753
46492783068,217631533
46493022108,210302591
46493261148,203889767
46650788508,217778546
46651027548,210431227
46651266588,203877323
46808913468,217767657
46809152508,210421699
46809391548,203868986
46967157948,217885362
46967396988,210524691
46967636028,203959104
47125521948,217964216
47125760988,210468689
47126000028,204035102
47283766428,218030714
47284005468,210651874
47284244508,204195389
47442010908,218170965
47442249948,210774594
47442488988,204177769
47600374908,218155547
47600613948,210636103
47600852988,204056590
47758858428,218049516
47759097468,210668326
47759336508,204209785
47917461468,218308561
47917700508,210894990
47917939548,204283116
48075944988,218247726
48076184028,210841760
48076423068,204361540
48234548028,218441347
48234787068,211011178
48235026108,204509780
48393390108,218571057
48393629148,211124674
48393868188,204609089
48552471228,218657952
48552710268,211200708
48552949308,204675619
48711671868,218841166
48711910908,211361020
48712149948,204940892
48870872508,219073280
48871111548,211689120
48871350588,205227980
49030312188,219324482
49030551228,211908921
49030790268,205295305
49189871388,219383391
49190110428,211960467
49190349468,205465408
49349669628,219657232
49349908668,212200078
49350147708,205675068
49509706908,219840684
49509945948,212360598
49510184988,205940523
49669744188,220072957
49669983228,212563837
49670222268,206118357
49830259548,220353562
49830498588,212934366
49830737628,206442570
49991133468,220762248
49991372508,213291967
49991611548,206755471
50152365948,221161037
50152604988,213640907
50152844028,207060793
50313837468,221428193
50314076508,213999668
50314315548,207499709
50475428508,221937245
50475667548,214445089
50475906588,207764452
50637497628,222168895
50637736668,214647783
50637975708,208066810
50800164348,222683458
50800403388,215223025
50800642428,208695146
50963189628,223358252
50963428668,215813470
50963667708,209211786
51126692988,223810312
51126932028,216209023
51127171068,209682895
51290793948,224347533
51291032988,216929091
51291272028,210437954
51455372988,225133209
51455612028,217616557
51455851068,210914487
51620310588,225675176
51620549628,218090779
51620788668,211454431
51785845788,226272627
51786084828,218738548
51786323868,212146229
51951739548,227002950
51951978588,219377581
51952217628,212705383
52118350428,227617210
52118589468,220040058
52118828508,213410050
52285917468,228358793
52286156508,220813943
52286395548,214212200
52454321148,229435675
52454560188,221881215
52454799228,215146063
52623322428,230377805
52623561468,222705579
52623800508,215992381
52793279868,231368333
52793518908,223697291
52793757948,216985129
52964073948,232486987
52964312988,224801113
52964552028,218075973
53135943708,233566476
53136182748,225870666
53136421788,219136832
53308889148,234744728
53309128188,227151637
53309367228,220382682
53482790748,236084846
53483029788,228449240
53483268828,221643085
53657768028,237437699
53658007068,229757986
53658246108,222913237
53834179548,238924082
53834418588,231183571
53834657628,224285624
54011905788,240374921
54012144828,232578055
54012383868,225755798
54190827228,242036323
54191066268,234281782
54191305308,227371559
54371063388,243825114
54371302428,235971974
54371541468,228975477
54553092348,245603542
54553331388,237653099
54553570428,230696461
54736555548,247484403
54736794588,239423852
54737033628,232495870
54921811548,249433886
54922050588,241504650
54922289628,234566568
55108621308,251620747
55108860348,243543153
55109099388,236475258
55297104348,253790850
55297343388,245691993
55297582428,238605493
55487619228,256029806
55487858268,247776080
55488097308,240679070
55679568348,258344186
55679807388,250051162
55680046428,242919766
55872951708,260554795
55873190748,252235445
55873429788,244956014
56070040188,263086512
56070279228,254950698
56070518268,247706860
56269758108,241618502
56269997148,236291189
56270236188,231754790
56472464028,228160441
56472703068,225015385
56472942108,222138461
56675289468,219746153
56675648680,217652883
57001220508,210571272
57001459548,204374863
57167592348,199703005
57167831388,195490129
57335159388,212803862
57335398428,207203379
57503802108,223302956
57504041148,216515086
57674476668,231825700
57674715708,224222487
57846944028,238944676
57847183068,230701591
58021323708,245238892
58021562748,236459030
58021801788,228651651
58198332828,222195194
58198571868,216545794
58198810908,211602569
58378090908,207652247
58378329948,204195716
58378568988,201171251
58560119868,198774844
58560358908,196677988
58560597948,194843239
58743822108,193362834
58744061148,192192479
58744300188,191168419
58930034268,213522366
58930273308,210207070
58930512348,207181186
59117202588,227908537
59117441628,222794969
59117680668,218320597
59305088028,237905522
59305327068,231667331
59305566108,226208914
59494766268,245057799
59495005308,238175574
59495244348,232153627
59685281148,250634423
59685520188,243180120
59685759228,236532605
59876752188,254591029
59876991228,246642150
59877230268,239811881
60069776988,257835395
60070016028,249855970
60070255068,242873973
60263877468,260764726
60264116508,252544135
60264355548,245226118
60459651228,263197853
60459890268,254798121
60460129308,247448355
60656500668,241142310
60656739708,235624521
60656978748,230671455
60854664828,226587523
60854903868,223014082
60855142908,220012321
61054143708,217510780
61054382748,215321932
61054621788,213281690
61254578748,211621478
61254817788,210168793
61255056828,209022693
61455013788,208019856
61455252828,207142374
61455491868,206249577
61655807388,205468379
61656046428,204909831
61656285468,204421102
61856404988,228993464
61857437628,225619281
61857676668,222541870
61857915708,219849136
62059665468,217742994
62059904508,215775119
62060143548,214178229
62260263068,237780950
62262371388,233433331
62262610428,229629164
62262849468,226175518
62464957788,223403578
62465196828,220853130
62465435868,218621488
62637544668,238168802
62637783708,230022701
62638142268,222894863
62780251548,234408005
62780490588,222982004
62780729628,212984253
62917938588,221236221
62918177628,210831693
62918416668,201727731
63057059868,211136764
63057298908,202244668
63057537948,194339084
63197017788,204921698
63197256828,196806485
63197495868,189705674
63338529468,201117464
63338768508,193602781
63339007548,187152433
63480399708,199133378
63480638748,191991705
63480877788,185742741
63623465148,198024898
63623704188,191146785
63623943228,185128436
63768203868,197987381
63768442908,191363958
63768681948,185568463
63914018268,198747405
63914257308,192153979
63914496348,186384731
64060669308,199586639
64060908348,192888309
64061147388,187152270
64208515548,200508236
64208754588,193944706
64208993628,188201617
64357198428,201676414
64357437468,195091862
64357676508,189330379
64506478908,202914081
64506717948,196174820
64506956988,190277967
64656356988,203868221
64656596028,197134693
64656835068,191242856
64806952188,204837499
64807191228,198107811
64807430268,192219334
64958144988,205941917
64958384028,199199177
64958623068,193174279
65110054908,206902494
65110293948,200039682
65110532988,194034721
65262562428,207780380
65262801468,200807832
65263040508,194831853
65415548028,208602871
65415787068,201652512
65416026108,195695948
65569250748,209483954
65569489788,202548459
65569728828,196479901
65723312028,210294913
65723551068,203258048
65723790108,197100792
65878090428,211088193
65878329468,204077168
65878568508,197942522
66033227388,211949706
66033466428,204830992
66033705468,198602118
66188842428,212526853
66189081468,205460996
66189320508,199278371
66344816028,213243574
66345055068,206213127
66345294108,199936486
66501267708,213944425
66501506748,206826371
66501745788,200473074
66657958428,214413939
66658197468,207237196
66658436508,200957546
66814888188,214962852
66815127228,207842495
66815366268,201487183
66972296028,215551285
66972535068,208357374
66972774108,201937702
67130181948,216070489
67130420988,208811677
67130660028,202460217
67288067868,216652689
67288306908,209321102
67288545948,202905964
67446192828,217042718
67446431868,209662378
67446670908,203204580
67604556828,217304007
67604795868,209891006
67605034908,203529630
67763398908,217713426
67763637948,210374247
67763876988,203952466
67922240988,218083407
67922480028,210697981
67922719068,204235733
68081202588,218456266
68081441628,211024232
68081680668,204521203
68240522748,218706052
68240761788,211242795
68241000828,204837445
68399842908,218982764
68400081948,211609918
68400320988,205158678
68559163068,219263843
68559402108,211855862
68559641148,205248879
68718722268,219342769
68718961308,211799922
68719200348,205324931
68878520508,219534314
68878759548,212092524
68878998588,205580958
69038199228,219758338
69038438268,212288545
69038677308,205752476
69197997468,219908416
69198236508,212419864
69198475548,205867381
69357676188,220008958
69357915228,212507838
69358154268,205944358
69517474428,220076313
69517713468,212566773
69517952508,205995926
69677392188,220121435
69677631228,212606255
69677870268,206030473
69837429468,220276663
69837668508,212742080
69837907548,206149320
69997347228,220380655
69997586268,212833073
69997825308,206228938
70157264988,220450320
70157504028,212894030
70157743068,206282276
70317302268,220496991
70317541308,212934867
70317780348,206318008
70477459068,220528257
70477698108,212962224
70477937148,206341946
70637735388,220549202
70637974428,212980551
70638213468,206482982
70797892188,220672609
70798131228,213213532
70798370268,206686840
70958168508,220850985
70958407548,213369611
70958646588,206698409
71118564348,220861107
71118803388,213253468
71119042428,206721784
71278960188,220881561
71279199228,213396365
71279438268,206846819
71439475548,220990966
71439714588,213492095
71439953628,206805583
71599990908,220954885
71600229948,213460524
71600468988,206902958
71760745308,221165088
71760984348,213644452
71761223388,207063895
71921738748,221305908
71921977788,213767669
71922216828,207296710
72082732188,221509621
72082971228,213945918
72083210268,207452678
72243725628,221646093
72243964668,214065331
72244203708,207557164
72404958108,221737518
72405197148,214270328
72405436188,207736537
72566310108,222019469
72566549148,214517035
72566788188,207827405
72728020668,222223979
72728259708,214695981
72728498748,208108983
72889970268,222470360
72890209308,214911565
72890448348,208297619
73051919868,222635416
73052158908,215180989
73052397948,208533365
73214347548,222966694
73214586588,215470857
73214825628,208786999
73377133788,223313624
73377372828,215774421
73377611868,209177618
73540159068,223780415
73540398108,216182863
73540637148,209535005
73703662428,224093129
73703901468,216456487
73704140508,209899426
73867165788,224536997
73867404828,216969872
73867643868,210348638
74031147228,224930058
74031386268,217313800
74031625308,210649575
74195726268,225318378
74195965308,217653580
74196204348,211071882
74360663868,225812896
74360902908,218211284
74361141948,211684873
74526079548,226474263
74526318588,218914980
74526557628,212300607
74691973308,227013031
74692212348,219386402
74692451388,212713101
74858345148,227623963
74858584188,220045967
74858823228,213290221
75025075548,228253943
75025314588,220597200
75025553628,213897550
75192523068,228910356
75192762108,221171561
75193001148,214525115
75360448668,229584475
75360687708,221886415
75360926748,215150613
75529091388,230256786
75529330428,222599687
75529569468,215899726
75698451228,231162260
75698690268,223391977
75698929308,216592979
75868767228,231893856
75869006268,224282124
75869245308,217621858
76039800348,233044125
76040039388,225413609
76040278428,218611907
76211550588,234035418
76211789628,226280990
76212028668,219495866
76384376508,235058882
76384615548,227301521
76384854588,220513830
76558158588,236199601
76558397628,228424650
76558636668,221621568
76733016348,237543872
76733255388,229725888
76733494428,222885152
76908830268,238774508
76909069308,230927694
76909308348,224061732
77086078428,240179015
77086317468,232406638
77086556508,225480808
77264641308,241670707
77264880348,233711868
77265119388,226872884
77444518908,243263773
77444757948,235355801
77444996988,228436325
77625591708,244881784
77625830748,236896561
77626069788,230034490
77808098748,246780178
77808337788,238807655
77808576828,231831698
77992279068,248602735
77992518108,240527393
77992757148,233461468
78178132668,250528784
78178371708,242462686
78178610748,235404850
78365659548,252604243
78365898588,244403712
78366137628,237353248
78554381628,254684092
78554620668,246473580
78554859708,239289382
78745016028,256753209
78745255068,248534057
78745494108,241342299
78936487068,258924511
78936726108,250433947
78936965148,243004703
79131185148,260879115
79131424188,252644225
79131663228,245438696
79328512668,239383859
79328751708,234085876
79328990748,229450141
79528469628,225768873
79528708668,222547763
79528947708,219729292
79731295068,217638130
79731534108,215808363
79731773148,214207317
79909499388,209681402
79909738428,205721226
79910096988,202381072
80055074748,195333438
80055313788,189166758
80055672348,183645913
80199096348,196815173
80199335388,190213276
80199574428,184436616
80344910748,197507039
80345149788,191068659
80345388828,185435076
80492398428,198880691
80492637468,192520604
80492876508,186830528
80641917948,200476712
80642156988,194167123
80642396028,188646232
80793230268,202690453
80793469308,196354146
80793708348,190684877
80946693948,204849267
80946932988,198368108
80947172028,192822094
81101830908,207219332
81102069948,200816915
81102308988,195214800
81258880188,209687950
81259119228,203226956
81259358268,197448586
81417722268,212142512
81417961308,205499698
81418200348,199687235
81578237628,214601330
81578476668,207901163
81578715708,202038517
81740426268,217033702
81740665308,210154489
81740904348,204135177
81904168668,219368279
81904407708,212447244
81904646748,206391338
82069464828,221717420
82069703868,214627742
82069942908,208424274
82236195228,223871239
82236434268,216762334
82236673308,210542042
82404479388,226099286
82404718428,218836875
82404957468,212482265
82574197788,228171981
82574436828,220900483
82574675868,214537922
82745230908,230345681
82745469948,222927470
82745708988,216436536
82917459228,232256969
82917698268,224724847
82917937308,218134241
83091121788,234117460
83091360828,226602777
83091599868,220027429
83266099068,236149000
83266338108,228505375
83266577148,221817203
83442271548,237965052
83442510588,230219420
83442749628,223441992
83619280668,239636743
83619519708,231807150
83619758748,224956256
83797604508,241211724
83797843548,233310258
83798082588,226521475
83976884508,242831290
83977123548,234977378
83977362588,228105205
84157240188,244467054
84157479228,236533672
84157718268,229466963
84338312988,245908592
84338552028,237795018
84338791068,230695640
84520461468,247233685
84520700508,239079474
84520939548,231944539
84703327068,248576471
84703566108,240379412
84703805148,233206985
84887029308,249931111
84887268348,241689722
84887507388,234478506
85071329148,251168692
85071568188,242772605
85071807228,235426029
85256465628,252122775
85256704668,243732428
85256943708,236390874
85441482588,253092014
85441721628,244580512
85441960668,237132948
85627694748,253866329
85627933788,245383037
85628172828,238085157
85814026428,254949512
85814265468,246455823
85814504508,239023845
86000716668,255645864
86000955708,246940131
86001194748,239447614
86188363068,256266662
86188602108,247733329
86188841148,240266662
86377085148,257233329
86377324188,248704162
86377563228,241241141
86566524348,258335998
86566763388,249668998
86567002428,242210373
86755485468,259184076
86755724508,250411066
86755963548,242609682
86945402748,236033471
86945641788,230279287
86945880828,225244376
87135917628,220838829
87136156668,217108975
87136395708,213845353
87326312988,210989683
87326552028,208365972
87326791068,206070225
87515991228,203936446
87516230268,202194390
87516469308,200670091
87706745148,199461329
87706984188,198278662
87707223228,197368829
87897618588,196572725
87897857628,195876134
87898096668,195391617
88088372508,218592664
88088611548,215143581
88088850588,212125633
88278767868,233109928
88279006908,227846187
88279245948,223240413
88469282748,242960361
88469521788,236465315
88469760828,230657150
88661470908,249575006
88661709948,242378130
88661948988,236080863
88853300508,254570755
88853539548,246749410
88853778588,239905733
89045010588,257917516
89045249628,249677826
89045488668,242468097
89236601148,260034584
89236840188,251405261
89237079228,243979603
89428789308,237482152
89429028348,231921883
89429267388,226931647
89620499388,222565191
89620738428,218619542
89620977468,215167099
89811970428,212146211
89812209468,209627934
89812448508,207424442
90003321948,205496386
90003560988,203684337
90003800028,202098794
90195032028,200836444
90195271068,199731888
90195510108,198765402
90386981148,197794726
90387220188,197070385
90387459228,196436586
90578691228,219757012
90578930268,216287385
90579169308,213251461
90770879388,234470028
90771118428,229286274
90771357468,224750489
90962708988,244531677
90962948028,237965217
90963187068,232219564
91155255708,251192118
91155494748,243918103
91155733788,237553340
91348041468,255984172
91348280508,248111150
91348519548,241222256
91540827228,259194474
91541066268,250920164
91541305308,243680143
91733373948,261345125
91733612988,252676984
91733852028,245092361
91925920668,238455815
91926159708,232773838
91926398748,227802108
92118586908,223451844
92118825948,219520363
92119064988,216205317
92311492188,213304652
92311731228,210766570
92311970268,208420748
92504158428,206493154
92504397468,204806509
92504636508,203330695
92697780828,202039358
92698019868,201034438
92698258908,200155133
92891642268,223510741
92891881308,219821898
92892120348,216594160
93085981788,237894890
93086220828,232533028
93086459868,227841399
93280679868,247861224
93280918908,241253571
93281157948,235471874
93475736508,254662889
93475975548,247205027
93476214588,240804398
93671510268,259453848
93671749308,251522117
93671988348,244581852
93866805948,262759120
93867044988,254414230
93867284028,247112451
94063535868,240848394
94063774908,235242344
94064013948,230462051
94259787708,226154294
94260026748,222510007
94260265788,219196256
94456398108,216421724
94456637148,213869008
94456876188,211635382
94653725628,209805959
94653964668,208205214
94654203708,206929562
94852009308,205938366
94852248348,205071070
94852487388,204187186
95051488188,203538787
95051727228,202971438
95051966268,202475008
95251086588,227040632
95251325628,223660553
95251564668,220702983
95451684188,243115110
95452119228,237850721
95452358268,233244380
95452597308,229213832
95654825148,225937103
95655064188,223069965
95655422748,220561219
96013026588,212491066
96181549788,207054682
96181788828,202297846
96338599068,217635615
96338838108,210056163
96497202108,223299142
96497441148,215261749
96658076028,228354030
96658315068,219934776
96821698908,232942929
96821937948,224200062
96822176988,216675054
96987473148,210340672
96987712188,204798088
96987951228,199823327
97155159708,195845411
97155398748,192364734
97155637788,189319142
97324997628,186779249
97325236668,184681842
97325475708,182846611
97496867388,181490784
97497106428,180304436
97497345468,179266381
97670888508,199983083
97671127548,196860197
97671366588,194002672
97846463388,213377338
97846702428,208705170
97846941468,204492023
98023831068,222930520
98024070108,217314205
98024309148,212399929
98202752508,230349937
98202991548,223931194
98203230588,218314794
98383466748,235900444
98383705788,229037888
98383944828,223033152
98565854268,240404008
98566093308,233228507
98566332348,226949943
98749436988,244331200
98749676028,236789800
98749915068,230066075
98934573468,247307815
98934812508,239519338
98935051548,232829420
99121144188,250225742
99121383228,242322524
99121622268,235407208
99309029628,252731307
99309268668,244639893
99309507708,237559906
99497871228,254864917
99498110268,246631802
99498349308,239427826
99687429948,256749347
99687668988,248405678
99687908028,240979968
99877825308,258232472
99878064348,249828413
99878303388,242474861
