1100097624,100000000
1221973668,102625000
1222690788,105046875
1223292708,107291015
1224009828,109379638
1224611748,111207183
1330623344,126056285
1331579504,124049249
1331818544,122168092
1332655184,120522080
1333611344,119206820
1333850384,117930967
1334687024,116939596
1446287260,130072146
1446526300,128313127
1447482460,126773986
1447721500,125427237
1447960540,124248832
1449275260,123342728
1450589980,122674887
1450829020,121965526
1451068060,121469835
1452024220,121161105
1452263260,120765966
1546772136,118170220
1547728296,115898942
1547967336,113911574
1548206376,112297627
1549521096,110760423
1550955336,109415370
1551194376,108363448
1551433416,107318017
1552270056,106403264
1552509096,105602856
1647017972,105027499
1648093652,104524061
1648332692,104083553
1648571732,103573108
1649766932,103126469
1651320692,102860660
1651559732,102503077
1651798772,102190192
1652515892,101916418
1652754932,101676865
1749295648,113592256
1750251808,112268224
1750490848,110984696
1750729888,109861609
1752044608,109128907
1753478848,108487793
1753717888,107676818
1753956928,106967215
1754195968,106471313
1754913088,105912398
1755152128,105548348
1851692844,105104804
1852649004,104716703
1852888044,104377115
1853127084,104204975
1854680844,103929353
1856115084,103813183
1856354124,103711535
1856593164,103622593
1856832204,103544768
1857549324,103476672
1857788364,103417088
1953970520,115239952
1954926680,113709958
1955165720,112371213
1955404760,111199811
1956958520,110174834
1958392760,109402979
1958631800,108477606
1958870840,107667905
1959109880,107084416
1959348920,106573864
1960066040,106127131
1960305080,105736239
2056487236,105394209
2057443396,105094932
2057682436,104708065
2057921476,104369556
2059714276,104198361
2061148516,104048565
2061387556,103917494
2061626596,103802807
2061865636,103702456
2062104676,103614649
2062821796,103537817
2063060836,103470589
2158525872,115286765
2159482032,113750919
2159721072,112282054
2159960112,110996797
2161752912,110122197
2163187152,109356922
2163426192,108437306
2163665232,107632642
2163904272,106928561
2164143312,106437490
2164382352,105882803
2165099472,105522452
2165338512,105082145
2261042588,104821876
2261998748,104469141
2262237788,104285498
2262476828,104124810
2264508668,103984208
2265942908,103736182
2266181948,103644159
2266420988,103563639
2266660028,103493184
2266899068,103431536
2267138108,103377594
2267855228,103330394
2268094268,103289094
2364427388,115252957
2365503068,113846337
2365742108,112615544
2365981148,111413601
2367893468,110611900
2368132508,109785412
2369566748,109062235
2369805788,108304455
2370044828,107766398
2370283868,107295598
2370522908,106883648
2370761948,106398192
2371598588,106098418
2371837628,105711115
2472114908,105997225
2473429628,106247571
2473668668,106466624
2473907708,106658296
2475820028,106826009
2476059068,107097757
2477493308,107335537
2477732348,107418594
2477971388,107491269
2478210428,107554860
2478449468,107610502
2478688508,107659189
2479764188,107826790
2480003228,107973441
2582073308,120851760
2583268508,119620290
2583507548,118417753
2583746588,117365533
2585658908,116694841
2585897948,115857985
2587332188,115250736
2587571228,114594394
2587810268,114020094
2588049308,113642582
2588288348,113187259
2588527388,112788851
2589483548,112565244
2589722588,112244588
2692270748,124714014
2693465948,122999762
2693704988,121374791
2693944028,119952942
2695856348,118958824
2696095388,117963971
2697529628,117218474
2697768668,116316164
2698007708,115651643
2698246748,115070187
2698485788,114436413
2698724828,113881861
2699680988,113521628
2699920028,113081424
2801512028,125446246
2802707228,123515465
2802946268,121701031
2803185308,120238402
2805097628,119208601
2805336668,118057525
2806770908,117050334
2807009948,116169042
2807248988,115397911
2807488028,114598172
2807727068,113898400
2807966108,113286100
2808922268,112875337
2809161308,112515919
2910753308,124826429
2911948508,122973125
2912187548,121351484
2912426588,119932548
2914338908,118815979
2914577948,117588981
2916012188,116765358
2916251228,115919688
2916490268,115054727
2916729308,114297886
2916968348,113635650
2917207388,113181193
2918163548,112908543
2918402588,112544975
3019994588,124726853
3021189788,123010996
3021428828,121384621
3021667868,119836543
3023580188,118731975
3023819228,117515478
3025253468,116701043
3025492508,115738412
3025731548,114896110
3025970588,114159096
3026209628,113639209
3026448668,113184307
3027404828,112786268
3027643868,112312984
3129235868,124648861
3130431068,122942753
3130670108,121199908
3130909148,119674919
3132821468,118590554
3133060508,117516734
3134494748,116702142
3134733788,115739374
3134972828,114896952
3135211868,114284833
3135450908,113749228
3135689948,113155574
3136646108,112761127
3136885148,112290986
3238477148,124629612
3239672348,122800910
3239911388,121075796
3240150428,119691321
3242062748,118729905
3242301788,117638666
3243736028,116683832
3243975068,115723353
3244214108,115007933
3244453148,114381941
3244692188,113709198
3244931228,113120548
3245887388,112730479
3246126428,112389169
3347718428,124715522
3348913628,122876081
3349152668,121266570
3349391708,119858248
3351304028,118750967
3351543068,117532096
3352977308,116590584
3353216348,115766761
3353455388,115045915
3353694428,114290175
3353933468,113628903
3354172508,113175290
3355128668,112903378
3355367708,112540455
3456959708,124722898
3458154908,123007535
3458393948,121381593
3458632988,119833893
3460545308,118729656
3460784348,117513449
3462218588,116699267
3462457628,115861858
3462696668,115004125
3462935708,114253609
3463174748,113721907
3463413788,113256668
3464369948,112849584
3464608988,112368386
3566200988,124697337
3567396188,122985169
3567635228,121237022
3567874268,119707394
3569786588,118618969
3570025628,117541597
3571459868,116723897
3571698908,115758409
3571937948,114913607
3572176988,114299406
3572416028,113761980
3572655068,113166732
3573611228,112770890
3573850268,112299528
3675442268,124637087
3676637468,122807451
3676876508,121081519
3677115548,119696329
3679027868,118734287
3679266908,117642501
3680701148,116687188
3680940188,115726289
3681179228,115010502
3681418268,114384189
3681657308,113711165
3681896348,113122269
3682852508,112731985
3683091548,112390486
3784683548,124716675
3785878748,122877090
3786117788,121267453
3786356828,119859021
3788269148,118751643
3788508188,117532687
3789942428,116591101
3790181468,115767213
3790420508,115046311
3790659548,114290522
3790898588,113629206
3791137628,113175555
3792093788,112903610
3792332828,112540658
3893924828,124723075
3895120028,123007690
3895359068,121381728
3895598108,119834012
3897510428,118729760
3897749468,117513540
3899183708,116699347
3899422748,115861928
3899661788,115004187
3899900828,114253663
3900139868,113721955
3900378908,113256710
3901335068,112849621
3901574108,112368418
4003166108,124697365
4004361308,122985194
4004600348,121237044
4004839388,119707413
4006751708,118618986
4006990748,117416612
4008424988,116614535
4008664028,115662718
4008903068,114829878
4009142108,114226143
4009381148,113697875
4009620188,113110640
4010576348,112721810
4010815388,112256583
4112407388,124599510
4113602588,122774571
4113841628,121052749
4114080668,119671155
4115992988,118587260
4116232028,117513852
4117666268,116699620
4117905308,115737167
4118144348,115020021
4118383388,114392518
4118622428,113718453
4118861468,113128646
4119817628,112737565
4120056668,112395369
4221648668,124720947
4222843868,122880828
4223082908,121270724
4223321948,119861883
4225234268,118754147
4225473308,117659878
4226907548,116702393
4227146588,115864593
4227385628,115131518
4227624668,114365078
4227863708,113694443
4228102748,113232637
4229058908,112953557
4229297948,112584362
4330889948,124761316
4332085148,123041151
4332324188,121411007
4332563228,119859631
4334475548,118752177
4334714588,117533154
4336148828,116716509
4336387868,115876945
4336626908,115017326
4336865948,114265160
4337104988,113732015
4337344028,113265513
4338300188,112857323
4338539228,112375157
4440131228,124703262
4441326428,122990354
4441565468,121241559
4441804508,119711364
4443716828,118622443
4443955868,117419637
4445390108,116617182
4445629148,115665034
4445868188,114831904
4446107228,114227916
4446346268,113699426
4446585308,113111997
4447541468,112722997
4447780508,112257622
4549372508,124600419
4550567708,122775366
4550806748,121053445
4551045788,119671764
4552958108,118587793
4553197148,117514318
4554631388,116700028
4554870428,115737524
4555109468,115020333
4555348508,114392791
4555587548,113718692
4555826588,113128855
4556782748,112737748
4557021788,112395529
4658613788,124721087
4659808988,122880951
4660048028,121270832
4660287068,119861978
4662199388,118754230
4662438428,117659951
4663872668,116702457
4664111708,115864649
4664350748,115131567
4664589788,114365121
4664828828,113694480
4665067868,113232670
4666024028,112953586
4666263068,112584387
4767855068,124761338
4769050268,123041170
4769289308,121411023
4769528348,119859645
4771440668,118752189
4771679708,117533165
4773113948,116716519
4773352988,115876954
4773592028,115017334
4773831068,114265167
4774070108,113732021
4774309148,113265518
4775265308,112857328
4775504348,112375162
4877096348,124703266
4878291548,122990357
4878530588,121241562
4878769628,119711366
4880681948,118622445
4880920988,117419639
4882355228,116617184
4882594268,115665036
4882833308,114831906
4883072348,114227917
4883311388,113699427
4883550428,113111998
4884506588,112722998
4884745628,112257623
4986337628,124600420
4987532828,122775367
4987771868,121053446
4988010908,119671765
4989923228,118587794
4990162268,117514319
4991596508,116700029
4991835548,115737525
4992074588,115020334
4992313628,114392792
4992552668,113718693
4992791708,113128856
4993747868,112737749
4993986908,112270530
5095578908,124611713
5096774108,122785248
5097013148,121187092
5097252188,119788705
5099164508,118690116
5099403548,117603851
5100837788,116653369
5101076828,115821697
5101315868,115093984
5101554908,114332236
5101793948,113665706
5102032988,113207492
5102989148,112806555
5103228188,112455735
5204824828,124773768
5206020028,123052047
5206259068,121420541
5206498108,119867973
5208410428,118759476
5208649468,117539541
5210083708,116722098
5210322748,115881835
5210561788,115021605
5210800828,114268904
5211039868,113735291
5211278908,113268379
5212235068,112859831
5212474108,112502352
5315265628,124939558
5316460828,123322113
5316699868,121656848
5316938908,120199742
5318851228,119174774
5319090268,118152927
5320524508,117383811
5320763548,116460834
5321002588,115778229
5321241628,115180950
5321480668,114658331
5321719708,114076039
5322675868,113691534
5322914908,113230092
5426180188,125826330
5427375388,124098038
5427614428,122460783
5427853468,121028185
5429765788,120024661
5430004828,119021578
5431439068,118143880
5431678108,117250895
5431917148,116469533
5432156188,115785841
5432395228,115187610
5432634268,114664158
5433590428,114331138
5433829468,113914745
5537931388,126550401
5539126588,124856600
5539365628,123249525
5539604668,121843334
5541516988,120862917
5541756028,119755052
5543190268,118910670
5543429308,118046836
5543668348,117290981
5543907388,116629608
5544146428,116050907
5544385468,115544543
5545341628,115226475
5545580668,114823165
5651116828,127720269
5652312028,126130235
5652551068,124488955
5652790108,123052835
5654702428,122046230
5654941468,120915451
5656375708,120176019
5656614748,119279016
5656853788,118494139
5657092828,117932371
5657331868,117440824
5657570908,116885721
5658527068,116525005
5658766108,116084379
5766095068,129198831
5767290268,127548977
5767529308,125980354
5767768348,124607809
5769680668,123656832
5769919708,122574728
5771353948,121877887
5771592988,121018151
5771832028,120265882
5772071068,119732646
5772310108,119141065
5772549148,118623431
5773505308,118295502
5773744348,117883564
5883105148,131273118
5884300348,129613978
5884539388,128037230
5884778428,126657576
5886690748,125700379
5886929788,124612831
5888364028,123911227
5888603068,123047323
5888842108,122291407
5889081148,121754981
5889320188,121160608
5889559228,120640532
5890515388,120310465
5890754428,119896656
6003222748,133659574
6004417948,132077127
6004656988,130567486
6004896028,129246550
6006808348,128340731
6007047388,127423139
6008481628,126745246
6008720668,125902090
6008959708,125164328
6009198748,124643787
6009437788,124063313
6009676828,123555398
6010632988,123235973
6010872028,122831476
6126567388,136977541
6127762588,135355348
6128001628,133935929
6128240668,132693937
6130152988,131607194
6130392028,130531294
6131706748,129589882
6131945788,128766146
6132184828,128170377
6132423868,127524079
6132662908,126958569
6132901948,126463747
6133858108,126030778
6134097148,125776930
6257083228,126429813
6258278428,127001086
6258517468,127375950
6260429788,127953956
6260668828,128209711
6261983548,128558497
6262222588,128863684
6262461628,129130723
6262700668,129239382
6262939708,129334459
6263178748,129542651
6264134908,129849819
6264373948,129993591
6397280188,146619392
6398475388,145916968
6398714428,145177347
6400626748,144530178
6400865788,143963905
6401941468,143468416
6402180508,143034864
6402419548,142655506
6402658588,142323567
6402897628,142033121
6403136668,141778980
6404092828,141556607
6404331868,141362031
6556719868,143566777
6557915068,145495929
6559827388,147433937
6560066428,149004694
6561142108,150504107
6561381148,151691093
6561620188,152604706
6561859228,153404117
6562098268,154228602
6562337308,154950026
6563293468,155581272
6563532508,156008613
6743768668,178882536
6744963868,180022219
6746876188,180894441
6747115228,181657635
6747951868,182200430
6748190908,182800376
6748429948,183325329
6748668988,183784662
6748908028,184061579
6749147068,184428881
6750103228,184750270
6750342268,185031486
6944203708,187027550
6947072188,189024106
6947311228,190521092
6948147868,191830955
6948386908,192977085
6948625948,193854949
6948864988,194623080
6949104028,195420195
6949343068,196117670
6950179708,196727961
6950418748,197136965
7084759228,214244844
7087388668,204964238
7087627708,196843708
7088344828,189738244
7088583868,183520963
7088822908,178080842
7089061948,173445736
7089300988,169265019
7089540028,165606891
7090376668,162406029
7090615708,159605275
7249099228,160279615
7249338268,160494663
7249935868,160682830
7250174908,160847476
7250413948,160991541
7250652988,161117598
7250892028,161102898
7251131068,161215035
7251848188,161313155
7252087228,161399010
7406028988,160849133
7406268028,160367991
7406865628,159946992
7407104668,159578618
7407343708,159256290
7407582748,158974253
7407821788,158727471
7408060828,158511537
7408777948,158322594
7557699868,176657269
7557938908,173450110
7558297468,170768846
7558536508,168422740
7558775548,166244897
7559014588,164464284
7559253628,162906248
7559492668,161542967
7560209788,160350096
7706621788,158931334
7706860828,157689917
7707219388,156603677
7707458428,155653217
7707697468,154821564
7707936508,153968868
7708175548,153347759
7708414588,152804289
7850762908,169953752
7851001948,166834533
7851240988,164105216
7851480028,161592064
7851719068,159393056
7851958108,157468924
7852197148,155910308
7852436188,154421519
7992274588,152868829
7992513628,151385225
7992752668,150087071
7992991708,148951187
7993230748,148082288
7993469788,147322002
7993708828,146531751
8128646908,162715282
8128885948,159375871
8129124988,156578887
8129364028,154131526
8129603068,151990085
8129842108,149991324
8130081148,148367408
8263345948,146696482
8263584988,145234421
8263824028,143830118
8264063068,142726353
8264302108,141760558
8264541148,140915488
8394698428,156301052
8394937468,153138420
8395176508,150496117
8395415548,148184102
8395654588,146036089
8395893628,144156577
8525333788,158762004
8525572828,155291753
8525811868,152255283
8526050908,149598372
8526289948,147273575
8526528988,145239378
8657044828,159834455
8657283868,156355148
8657522908,153310754
8657761948,150646909
8658000988,148316045
8658240028,146276539
8788875388,160741971
8789114428,157149224
8789353468,154005571
8789592508,151254874
8789831548,148848014
8790070588,146742012
8920227868,161149260
8920466908,157505602
8920705948,154192401
8920944988,151293350
8921184028,148881681
8921423068,146771470
9051938908,161050036
9052177948,157418781
9052416988,154241433
9052656028,151461253
9052895068,149028596
9053134108,146900021
9183530428,161287518
9183769468,157626578
9184008508,154423255
9184247548,151620348
9184486588,149167804
9184725628,147021828
9315360988,145144099
9315600028,143501086
9315839068,141938450
9316078108,140696143
9316317148,139609125
9316556188,138657984
9447311068,137825736
9447550108,137097519
9447789148,136460329
9448028188,135902787
9448267228,135414938
9448506268,134988070
9579261148,134614561
9579500188,134287740
9579739228,134001772
9579978268,133626550
9580217308,133423231
9580456348,133245327
9711091708,133089661
9711330748,132953453
9711569788,132834271
9711808828,132729987
9712047868,132638738
9712286908,132558895
9843161308,132489033
9843400348,132427903
9843639388,132374415
9843878428,132327613
9844117468,132286661
9844356508,132250828
9975111388,132219474
9975350428,132192039
9975589468,132168034
9975828508,132147029
9976067548,132128650
9976306588,132112568
10106941948,131973497
10107180988,131976809
10107420028,131979707
10107659068,131982243
10107898108,131859462
10108137148,131877029
10238892028,131892400
10239131068,131905850
10239370108,131917618
10239609148,131927915
10239848188,131936925
10240087228,131944809
10370961628,131951707
10371200668,131957743
10371439708,131963025
10371678748,131967646
10371917788,131971690
10372156828,131975228
10503150748,132103324
10503389788,132090408
10503628828,132079107
10503867868,132069218
10504106908,132185565
10504345948,132162369
10635339868,132142072
10635578908,132124313
10635817948,132108773
10636056988,132220176
10636296028,132192654
10636535068,132168572
10767528988,132147500
10767768028,132129062
10768007068,132237929
10768246108,132208187
10768485148,132182163
10768724188,132159392
10899837628,132139468
10900076668,132247034
10900315708,132216154
10900554748,132189134
10900793788,132165492
10901032828,132269805
11032026748,132361079
11032265788,132315944
11032504828,132276451
11032743868,132241894
11032982908,132211657
11033221948,132185199
11164215868,132162049
11164454908,132141792
11164693948,132124068
11164932988,132108559
11165172028,132219989
11165411068,132192490
11296404988,132168428
11296644028,132147374
11296883068,132128952
11297122108,132237833
11297361148,132208103
11297600188,132182090
11428713628,132159328
11428952668,132139412
11429191708,132246985
11429430748,132216111
11429669788,132189097
11429908828,132165459
11561141788,132269776
11561380828,132361054
11561619868,132315922
11561858908,132276431
11562097948,132366877
11562336988,132446017
11693569948,132390264
11693808988,132341481
11694048028,132423795
11694287068,132495820
11694526108,132433842
11694765148,132379611
11825998108,132332159
11826237148,132415639
11826476188,132363684
11826715228,132318223
11826954268,132278445
11827193308,132368639
11958545788,132447559
11958784828,132391614
11959023868,132467662
11959262908,132534204
11959501948,132592428
11959740988,132518374
12090973948,132453577
12091212988,132521879
12091452028,132456644
12091691068,132399563
12091930108,132349617
12092169148,132430914
12223402108,132502049
12223641148,132439292
12223880188,132384380
12224119228,132461332
12224358268,132528665
12224597308,132462581
12355830268,132404758
12356069308,132479163
12356308348,132544267
12356547388,132476233
12356786428,132416703
12357025468,132489615
12488377948,132553413
12488616988,132484236
12488856028,132423706
12489095068,132495742
12489334108,132558774
12489573148,132488927
12621045148,132552811
12621284188,132608709
12621523228,132657620
12621762268,132575417
12622001308,132628489
12622240348,132674927
12753712348,132590561
12753951388,132516740
12754190428,132577147
12754429468,132630003
12754668508,132551252
12754907548,132482345
12886379548,132547051
12886618588,132603669
12886857628,132528210
12887096668,132587183
12887335708,132638785
12887574748,132683936
13019166268,132723444
13019405308,132758013
13019644348,132788261
13019883388,132689728
13020122428,132728512
13020361468,132762448
13151833468,132667142
13152072508,132708749
13152311548,132745155
13152550588,132777010
13152789628,132679883
13153028668,132719897
13284500668,132754909
13284739708,132660545
13284978748,132577976
13285217788,132630729
13285456828,132676887
13285695868,132592276
13417167868,132643241
13417406908,132687835
13417645948,132726855
13417884988,132635998
13418124028,132681498
13418363068,132721310
13549954588,132631146
13550193628,132677252
13550432668,132717595
13550671708,132752895
13550910748,132658783
13551149788,132701435
13682860828,132738755
13683099868,132771410
13683338908,132799983
13683577948,132824985
13683816988,132846861
13684056028,132866003
13815767068,132882752
13816006108,132897408
13816245148,132910232
13816484188,132921453
13816723228,132931271
13816962268,132814862
13948673308,132838004
13948912348,132733253
13949151388,132766596
13949390428,132795771
13949629468,132821299
13949868508,132843636
14081699068,132863181
14081938108,132880283
14082177148,132895247
14082416188,132908341
14082655228,132919798
14082894268,132929823
14214605308,132938595
14214844348,132946270
14215083388,132952986
14215322428,132958862
14215561468,132964004
14215800508,132968503
14347511548,132972440
14347750588,132975885
14347989628,132853899
14348228668,132872161
14348467708,132888140
14348706748,132902122
14480417788,132914356
14480656828,132925061
14480895868,132934428
14481134908,132942624
14481373948,132949796
14481612988,132956071
14613443548,132961562
14613682588,132966366
14613921628,132970570
14614160668,132974248
14614399708,132977467
14614638748,132980283
14746588828,132982747
14746827868,132984903
14747066908,133111790
14747305948,133097816
14747544988,133085589
14747784028,133074890
14879734108,133065528
14879973148,133057337
14880212188,133050169
14880451228,133043897
14880690268,133038409
14880929308,133033607
15012879388,133029406
15013118428,133150730
15013357468,133131888
15013596508,133115402
15013835548,133100976
15014074588,133213354
15145905148,133186684
15146144188,133163348
15146383228,133142929
15146622268,133125062
15146861308,133109429
15147100348,133095750
15279050428,133208781
15279289468,133182683
15279528508,133159847
15279767548,133139866
15280006588,133247382
15280245628,133216459
15412195708,133189401
15412434748,133165725
15412673788,133145009
15412912828,133126882
15413151868,133111021
15413390908,133097143
15545340988,133085000
15545580028,133074375
15545819068,133065078
15546058108,133181943
15546297148,133159200
15546536188,133139300
15678605788,133121887
15678844828,133106651
15679083868,133218319
15679322908,133191029
15679561948,133167150
15679800988,133146256
15811990108,133127974
15812229148,133236977
15812468188,133207354
15812707228,133181434
15812946268,133158754
15813185308,133263909
15945135388,133355920
15945374428,133311430
15945613468,133272501
15945852508,133238438
15946091548,133333633
15946330588,133291928
16078519708,133255437
16078758748,133223507
16078997788,133195568
16079236828,133296122
16079475868,133259106
16079714908,133226717
16212023548,133323377
16212262588,133407954
16212501628,133481959
16212740668,133421714
16212979708,133368999
16213218748,133447874
16345407868,133391889
16345646908,133342902
16345885948,133300039
16346124988,133387534
16346364028,133464092
16346603068,133406080
16478672668,133355320
16478911708,133310905
16479150748,133397041
16479389788,133347410
16479628828,133303983
16479867868,133265985
16612056988,133357736
16612296028,133438019
16612535068,133383266
16612774108,133335357
16613013148,133418437
16613252188,133491132
16745560828,133429740
16745799868,133376022
16746038908,133454019
16746277948,133522266
16746516988,133456982
16746756028,133399859
16879064668,133474876
16879303708,133540516
16879542748,133472951
16879781788,133413832
16880020828,133487103
16880259868,133551215
17012688028,133482313
17012927068,133422023
17013166108,133494270
17013405148,133557486
17013644188,133487800
17013883228,133426825
17146430908,133498471
17146669948,133561162
17146908988,133491016
17147148028,133554639
17147387068,133610309
17147626108,133659020
17279934748,133576642
17280173788,133629561
17280412828,133675865
17280651868,133591381
17280890908,133517458
17281129948,133577775
17413558108,133630553
17413797148,133551733
17414036188,133607766
17414275228,133656795
17414514268,133699695
17414753308,133612233
17547181468,133660703
17547420508,133703115
17547659548,133615225
17547898588,133538321
17548137628,133596030
17548376668,133646526
17680924348,133565710
17681163388,133619996
17681402428,133667496
17681641468,133709059
17681880508,133620426
17682119548,133667872
17814786748,133709388
17815025788,133745714
17815264828,133777499
17815503868,133805311
17815742908,133829647
17815981948,133725941
17948529628,133760198
17948768668,133665173
17949007708,133707026
17949246748,133743647
17949485788,133775691
17949724828,133803729
18082392028,133828262
18082631068,133849729
18082870108,133743512
18083109148,133775573
18083348188,133803626
18083587228,133828172
18216373948,133849650
18216612988,133868443
18216852028,133884887
18217091068,133899276
18217330108,133911866
18217569148,133922882
18350236348,133932521
18350475388,133940955
18350714428,133948335
18350953468,133829793
18351192508,133851068
18351431548,133869684
18484098748,133885973
18484337788,133900226
18484576828,133912697
18484815868,133923609
18485054908,133933157
18485293948,133941512
18617961148,133823823
18618200188,133845845
18618439228,133865114
18618678268,133881974
18618917308,133771727
18619156348,133800261
18751943068,133825228
18752182108,133847074
18752421148,133866189
18752660188,133882915
18752899228,133897550
18753138268,133910356
18886044508,134046561
18886283548,134040740
18886522588,134035647
18886761628,134031191
18887000668,134152292
18887239708,134133255
19020145948,134116598
19020384988,134102023
19020624028,134089270
19020863068,134078111
19021102108,134068347
19021341148,134059803
19154247388,134052327
19154486428,134045786
19154725468,134040062
19154964508,134035054
19155203548,134030672
19155442588,134026838
19288468348,134023483
19288707388,134020547
19288946428,134017978
19289185468,134140730
19289424508,134123138
19289663548,134107745
19422569788,134094276
19422808828,134082491
19423047868,134197179
19423286908,134172531
19423525948,134150964
19423764988,134132093
19556671228,134115581
19556910268,134101133
19557149308,134088491
19557388348,134077429
19557627388,134067750
19557866428,134059281
19690772668,134051870
19691011708,134170386
19691250748,134149087
19691489788,134130451
19691728828,134114144
19691967868,134099876
19824993628,134087391
19825232668,134076467
19825471708,134066908
19825710748,134058544
19825949788,134051226
19826188828,134169822
19959334108,134273594
19959573148,134239394
19959812188,134209469
19960051228,134308285
19960290268,134394749
19960529308,134345405
20093674588,134302229
20093913628,134264450
20094152668,134356393
20094391708,134311843
20094630748,134272862
20094869788,134238754
20228015068,134333909
20228254108,134417170
20228493148,134365023
20228732188,134319395
20228971228,134279470
20229210268,134369536
20362475068,134323344
20362714108,134282926
20362953148,134247560
20363192188,134341615
20363431228,134423913
20363670268,134370923
20496815548,134324557
20497054588,134408987
20497293628,134482863
20497532668,134422505
20497771708,134369691
20498010748,134448479
20631156028,134517419
20631395068,134452741
20631634108,134396148
20631873148,134346629
20632112188,134428300
20632351228,134374762
20765496508,134327916
20765735548,134286926
20765974588,134251060
20766213628,134344677
20766452668,134301592
20766691708,134263893
20899956508,134230906
20900195548,134327042
20900434588,134411161
20900673628,134359765
20900912668,134314794
20901151708,134400444
21034536028,134475388
21034775068,134415964
21035014108,134488968
21035253148,134552847
21035492188,134608741
21035731228,134532648
21169115548,134591067
21169354588,134642183
21169593628,134561910
21169832668,134491671
21170071708,134555212
21170310748,134610810
21303695068,134534458
21303934108,134467650
21304173148,134534193
21304412188,134592418
21304651228,134518365
21304890268,134453569
21438394108,134521872
21438633148,134581638
21438872188,134508933
21439111228,134570316
21439350268,134624026
21439589308,134671022
21572973628,134587144
21573212668,134638751
21573451708,134683907
21573690748,134598418
21573929788,134523615
21574168828,134583163
21707553148,134635267
21707792188,134555858
21708031228,134611375
21708270268,134659953
21708509308,134702458
21708748348,134614650
21842252188,134662818
21842491228,134704965
21842730268,134616844
21842969308,134539738
21843208348,134597270
21843447388,134647611
21977070748,134691659
21977309788,134730201
21977548828,134763925
21977787868,134793434
21978026908,134819254
21978265948,134841847
22111889308,134736616
22112128348,134769539
22112367388,134798346
22112606428,134823552
22112845468,134720608
22113084508,134755532
22246707868,134786090
22246946908,134687828
22247185948,134726849
22247424988,134760992
22247664028,134790868
22247903068,134692009
22381645948,134730507
22381884988,134764193
22382124028,134793668
22382363068,134819459
22382602108,134842026
22382841148,134861772
22516464508,134879050
22516703548,134894168
22516942588,134782397
22517181628,134809597
22517420668,134833397
22517659708,134854222
22651283068,134872444
22651522108,134888388
22651761148,134902339
22652000188,134914546
22652239228,134925227
22652478268,134934573
22786101628,134942751
22786340668,134949907
22786579708,134956168
22786818748,134836647
22787057788,134857066
22787296828,134874932
22921039708,134890565
22921278748,134904244
22921517788,134916213
22921756828,134926686
22921995868,134810850
22922234908,134834493
23056097308,134855181
23056336348,134873283
23056575388,134889122
23056814428,134902981
23057053468,135040108
23057292508,135035094
23191154908,135030707
23191393948,135026868
23191632988,135023509
23191872028,135020570
23192111068,135017998
23192350108,135015748
23326212508,135013779
23326451548,135012056
23326690588,135010549
23326929628,135009230
23327168668,135008076
23327407708,135007066
23461389628,135006182
23461628668,135005409
23461867708,135004732
23462106748,135129140
23462345788,135112997
23462584828,135098872
23596447228,135086513
23596686268,135075698
23596925308,135066235
23597164348,135057955
23597403388,135050710
23597642428,135044371
23731504828,135038824
23731743868,135033971
23731982908,135029724
23732221948,135026008
23732460988,135022757
23732700028,135019912
23866562428,135017423
23866801468,135015245
23867040508,135138339
23867279548,135121046
23867518588,135105915
23867757628,135092675
24001739548,135081090
24001978588,135070953
24002217628,135062083
24002456668,135054322
24002695708,135047531
24002934748,135041589
24137036188,135161390
24137275228,135266216
24137514268,135232939
24137753308,135203821
24137992348,135178343
24138231388,135281050
24272332828,135245918
24272571868,135215178
24272810908,135188280
24273049948,135289745
24273288988,135378526
24273528028,135331210
24407629468,135289808
24407868508,135253582
24408107548,135346884
24408346588,135303523
24408585628,135265582
24408824668,135232384
24543045628,135328336
24543284668,135412294
24543523708,135360757
24543762748,135315662
24544001788,135401204
24544240828,135476053
24678342268,135416546
24678581308,135364477
24678820348,135318917
24679059388,135404052
24679298428,135353545
24679537468,135309351
24813638908,135270682
24813877948,135236846
24814116988,135332240
24814356028,135290710
24814595068,135254371
24814834108,135222574
24948935548,135194752
24949174588,135295408
24949413628,135258482
24949652668,135226171
24949891708,135197899
24950130748,135298161
25084351708,135385890
25084590748,135337653
25084829788,135295446
25085068828,135383515
25085307868,135460575
25085546908,135403003
25219892028,135352627
25220131068,135433548
25220370108,135504354
25220609148,135441309
25220848188,135386145
25221087228,135462876
25356627228,135655016
25356866268,135698139
25357105308,135860871
25357344348,136003262
25357583388,136127854
25357822428,136111872
25494433788,136347888
25494672828,136554402
25494911868,136610101
25495150908,136783838
25495389948,136935858
25495628988,137068875
25634152668,137435265
25634391708,137755856
25634630748,138036374
25634869788,138156827
25635108828,138387223
25635347868,138588820
25778293788,139265217
25778532828,139857064
25778771868,140374931
25779010908,140953064
25779249948,141333931
25779488988,141667189
25931040348,143083790
25931279388,144323316
25931518428,145407901
25931757468,146231913
25931996508,146952923
25932235548,147708807
26101117308,150495206
26101356348,152933305
26101595388,155066641
26101834428,156933310
26102073468,158691646
26102312508,160105190
26303464668,165342041
26303703708,169924285
26303942748,173933749
26304181788,177567030
26304420828,180621151
26304659868,183293507
26501031228,185131818
26501270268,186740340
26501509308,188147797
26501748348,189254322
26501987388,190222531
26693577948,215069714
26693816988,212185999
26694056028,209787749
26694295068,207689280
26694534108,205853120
26884451388,203996480
26884690428,202371920
26884929468,200825430
26885168508,199597251
27082017948,223147594
27082256988,220004144
27082496028,217253626
27082735068,214721922
27281974908,212756681
27282213948,211162095
27282452988,209766833
27282692028,208545978
27465796668,205477730
27466035708,202793013
27466274748,200443886
27648662268,221138400
27648901308,216371100
27649140348,212199712
27832364508,231424748
27832603548,225496654
27832842588,220309572
28017142428,238770875
28017381468,232049515
28017620508,226168325
28202398428,244147284
28202637468,236753873
28202876508,230284638
28389208188,247999058
28389447228,240374175
28389686268,233702403
28576376508,251239602
28576615548,243209651
28576854588,236183444
28764022908,253535513
28764261948,245343573
28764500988,238175626
28952744988,255403672
28952984028,246978213
28953223068,239730936
29142781788,233514569
29143020828,228200247
29143259868,223425216
29333774748,219372064
29334013788,215825556
29334252828,212722361
29524767708,210007065
29525006748,207631181
29525245788,205552283
29717314428,203983247
29717553468,202485341
29717792508,201174673
29910817308,200152838
29911056348,199383733
29911295388,198710766
30104439708,198121920
30104678748,197481680
30104917788,196921470
30297823068,220556286
30298062108,217236750
30298301148,214332156
30492760188,236040636
30492999228,230910556
30493238268,226421736
30687458268,246744019
30687697308,240276016
30687936348,234616514
30882395388,253914449
30882634428,246550142
30882873468,240106374
31076973948,258718077
31077212988,250753317
31077452028,243784152
31272389148,262061133
31272628188,253678491
31272867228,246343679
31468640988,240050719
31468880028,234544379
31469119068,229851331
31664295228,225619914
31664534268,221917424
31664773308,218552746
31860786108,215733652
31861025148,213391945
31861264188,211342951
32058233148,209675082
32058472188,208090696
32058711228,206704359
32255560668,205491314
32255799708,204429899
32256038748,203626161
32452290588,227422890
32452529628,223620028
32452768668,220292524
32649857148,241880958
32650096188,236395838
32650335228,231596358
32847065148,252021813
32847304188,245269086
32847543228,239235450
33043795068,258456018
33044034108,250774015
33044273148,244052263
33240524988,262670730
33240764028,254461888
33241003068,247279152
33438211068,241119258
33438450108,235729350
33438689148,230888181
33635538588,226652158
33635777628,222945638
33636016668,219827433
33832268508,216974003
33832507548,214477252
33832746588,212167595
34029954588,210271645
34030193628,208737689
34030432668,207395477
34228357788,206346042
34228596828,205302786
34228835868,204389937
34425804828,203466194
34426043868,202782919
34426282908,202185054
34623371388,226286922
34623610428,222751056
34623849468,219532174
34820579388,241340652
34820818428,235798070
34821057468,231073311
35018026428,251564147
35018265468,244868628
35018504508,239010049
35215353948,258383792
35215592988,250710818
35215832028,243996965
35413040028,238247344
35413279068,233216426
35413518108,228814372
35611204188,224962575
35611443228,221592253
35611682268,218643221
35809129308,216062818
35809368348,213804965
35809607388,211829344
36007173948,210100676
36007412988,208588091
36007652028,207264579
36205696668,206106506
36205935708,205093192
36206174748,204331543
36403980348,203540100
36404219388,202972587
36404458428,202476013
36602622588,226666511
36602861628,223208197
36603100668,220182172
36801384348,242284400
36801623388,236873850
36801862428,232139618
37000146108,252747165
37000385148,246028769
37000624188,240150172
37199146908,259881400
37199385948,252271225
37199624988,245612321
37398147708,264660780
37398386748,256453182
37398625788,249271534
37598224188,243112592
37598463228,237723518
37598702268,233008078
37798300668,228882068
37798539708,225271809
37798778748,222112832
37999691868,219473728
37999930908,217164512
38000169948,215268948
38202039228,213735329
38202278268,212393412
38202517308,211094235
38404028028,209957455
38404267068,208962773
38404506108,208092426
38583786108,229705872
38584144668,223492638
38584383708,218056058
38712987228,229299050
38713226268,216886668
38713465308,205900834
38844339708,212663229
38844578748,202580325
38844817788,193632784
38975811708,202178686
38976050748,193406350
38976289788,185730556
39108478908,195514236
39108717948,187699956
39108956988,180737461
39242221788,191395278
39242460828,184220868
39242699868,177943259
39377518428,189325351
39377757468,182534682
39377996508,176592846
39513771228,188393740
39514010268,181969522
39514249308,176348331
39651697308,188554789
39651936348,182235440
39652175388,176706010
39791057628,189242758
39791296668,183087413
39791535708,177701486
39931135068,190363800
39931374108,184068325
39931613148,178559784
40072407708,191364811
40072646748,185069209
40072885788,179560557
40214875548,192490487
40215114588,186304176
40215353628,180891154
40358060508,194029759
40358299548,187776039
40358538588,182179034
40502201628,195281654
40502440668,188871447
40502679708,183262516
40646820828,196354701
40647059868,189935363
40647298908,184318442
40792396188,197528636
40792635228,191087556
40792874268,185326611
40938927708,198535784
40939166748,192093811
40939405788,186457084
41086176348,199899948
41086415388,193412454
41086654428,187610897
41234261628,201034534
41234500668,194405217
41234739708,188604564
41382944508,202028993
41383183548,195400368
41383422588,189600322
41532344508,203150281
41532583548,196506495
41532822588,190568183
41682342108,204122160
41682581148,197356890
41682820188,191437278
41832937308,205007618
41833176348,198256665
41833415388,192349581
41984249628,206055883
41984488668,199298897
41984727708,193261534
42135800988,206853842
42136040028,199997111
42136279068,193997472
42287949948,207622788
42288188988,200794939
42288428028,194695571
42440696508,208358624
42440935548,201438796
42441174588,195383946
42593801628,209085952
42594040668,202200208
42594279708,196175182
42747623868,209903284
42747862908,202915373
42748101948,196800951
42901565628,210575832
42901804668,203503853
42902043708,197440871
43055985468,211135762
43056224508,204118791
43056463548,197978942
43210763868,211731574
43211002908,204765127
43211241948,198544486
43365900828,212351425
43366139868,205307496
43366378908,199019059
43521515868,212891676
43521754908,205780216
43521993948,199432689
43677130908,213378602
43677369948,206206276
43677608988,199930491
43832984988,213814179
43833224028,206587406
43833463068,200263980
43989317148,214230982
43989556188,207077109
43989795228,200692470
44146007868,214730911
44146246908,207514547
44146485948,201200228
44302698588,215175199
44302937628,207778299
44303176668,201431011
44459389308,215377134
44459628348,208079992
44459867388,201694993
44616438588,215608118
44616677628,208282103
44616916668,201871840
44773607388,215887860
44773846428,208526877
44774085468,202211017
44931134748,216309639
44931373788,209020934
44931612828,202643317
45088542588,216562902
45088781628,209117539
45089020668,202727846
45246069948,216761865
45246308988,209416631
45246548028,202989552
45403716828,216865858
45403955868,209382625
45404194908,202959796
45561602748,216964821
45561841788,209594218
45562080828,203269940
45719488668,217236197
45719727708,209831672
45719966748,203352713
45877255068,217308623
45877494108,209895045
45877733148,203408164
46035140988,217482143
46035380028,210046875
46035619068,203541015
46193146428,217598388
46193385468,210148589
46193624508,203630015
46351151868,217676263
46351390908,210216730
46351629948,203689638
46509276828,217728433
46509515868,210262378
46509754908,203729580
46667282268,217763382
46667521308,210292959
46667760348,203756339
46825407228,217786796
46825646268,210313446
46825885308,203774265
46983651708,217802481
46983890748,210327170
46984129788,203911273
47142015708,218047363
47142254748,210666442
47142493788,204208136
47300260188,218182119
47300499228,210659354
47300738268,204076934
47458504668,218067317
47458743708,210558902
47458982748,203989039
47616868668,217990409
47617107708,210616607
47617346748,204164531
47775352188,218268964
47775591228,210860343
47775830268,204252800
47933955228,218221200
47934194268,210818550
47934433308,204341231
48092438748,218423577
48092677788,210995629
48092916828,204371175
48251041788,218449778
48251280828,211018555
48251519868,204516235
48409883868,218576705
48410122908,211129616
48410361948,204613414
48568964988,218661737
48569204028,211329019
48569443068,204787891
48728165628,218939404
48728404668,211571978
48728643708,205000480
48887366268,219125420
48887605308,211609742
48887844348,205033524
49046805948,219154333
49047044988,211760041
49047284028,205290035
49206365148,219503780
49206604188,212065807
49206843228,205432581
49366163388,219628508
49366402428,212174944
49366641468,205653076
49526200668,219946441
49526439708,212453135
49526678748,205896493
49686237948,220159431
49686476988,212639502
49686716028,206059564
49846753308,220302118
49846992348,212764353
49847231388,206293808
50007627228,220632082
50007866268,213178071
50008105308,206780812
50168859708,221058210
50169098748,213675933
50169337788,207216441
50330331228,221564385
50330570268,214118836
50330809308,207478981
50491922268,221794108
50492161308,214319844
50492400348,207779863
50653991388,222182380
50654230428,214784582
50654469468,208186509
50816658108,222663195
50816897148,215205295
50817136188,208679633
50979683388,223219678
50979922428,215692218
50980161468,209230690
51143186748,223826853
51143425788,216348496
51143664828,209804934
51307287708,224454317
51307526748,216897527
51307765788,210285336
51471866748,224999669
51472105788,217499710
51472344828,210937246
51636804348,225695090
51637043388,218233203
51637282428,211579052
51802339548,226381670
51802578588,218833961
51802817628,212104715
51968233308,226966625
51968472348,219345796
51968711388,212677571
52134844188,227592874
52135083228,220018764
52135322268,213391418
52302411228,228467490
52302650268,220909053
52302889308,214170421
52470814908,229274118
52471053948,221739853
52471292988,215147371
52639816188,230378949
52640055228,222831580
52640294268,216102632
52809773628,231339803
52810012668,223797327
52810251708,217072661
52980567708,232438578
52980806748,224758755
52981045788,218038910
53152437468,233534046
53152676508,225842290
53152915548,219112003
53325382908,234723002
53325621948,227007626
53325860988,220256672
53499284508,236099588
53499523548,228337139
53499762588,221544996
53674261788,237476871
53674500828,229667262
53674739868,222833854
53850673308,238854622
53850912348,230997794
53851151388,224248069
54028399548,240467060
54028638588,232658677
54028877628,225826342
54207320988,242098049
54207560028,234210792
54207799068,227309443
54387557148,243770762
54387796188,235799416
54388035228,228949489
54569586108,245580802
54569825148,237633201
54570064188,230804050
54753049308,247578543
54753288348,239631225
54753527388,232677321
54938305308,249592655
54938544348,241518573
54938783388,234453751
55124756508,251522032
55124995548,243331778
55125234588,236290305
55313359068,253629016
55313598108,245550389
55313837148,238481590
55503634908,255921391
55503873948,247681217
55504112988,240596064
55695225468,258271556
55695464508,249987611
55695703548,242614159
55889445468,236537389
55889684508,231220215
55889923548,226567688
56086414428,222871727
56086653468,219637761
56086892508,216808040
56286610428,214707035
56286849468,212868655
56287088508,211385073
56489435868,210336938
56489674908,209419820
56489913948,208492342
56692261308,207805799
56692500348,207205074
56692739388,206679439
56856601308,201344509
56856840348,196676445
56857079388,192716889
57016638588,209127277
57016877628,202986367
57017116668,197738071
57182771388,213645812
57183010428,207815085
57183249468,202713199
57349979868,218874049
57350218908,212514792
57350457948,206825443
57518622588,222847262
57518861628,216116354
57519100668,210226809
57689297148,226323457
57689536188,219408024
57689775228,213357021
57861764508,229437393
57862003548,222382718
57862242588,216209878
58036622268,232558643
58036861308,225363812
58037100348,219068335
58214348508,235684793
58214587548,228474193
58214826588,222164918
58394465148,239019303
58394704188,231641890
58394943228,225186653
58576494108,242288321
58576733148,234752280
58576972188,228158245
58760674428,245388464
58760913468,237714906
58761152508,231125542
58946886588,248484849
58947125628,240799242
58947364668,234074336
59133337788,251315044
59133576828,243275663
59133815868,236116205
59321581788,253351679
59321820828,245182719
59322059868,238159879
59510662428,255514894
59510901468,247200532
59511140508,240050465
59701416348,233919156
59701655388,228554261
59701894428,223734978
59893365468,219768105
59893604508,216297091
59893843548,213259954
60086151228,210727459
60086390268,208511526
60086629308,206572585
60280610268,205001011
60280849308,203625884
60281088348,202547648
60476144988,201729192
60476384028,201013043
60476623068,200261412
60673352988,199853735
60673592028,199497018
60673831068,199184890
60871517148,223661778
60871756188,220454055
60871995228,217647298
61070756988,240066385
61070996028,234933086
61071235068,230566450
61270833468,251620643
61271072508,245293062
61271311548,239756429
61470909948,259661875
61471148988,252329140
61471388028,245787997
61671507548,265064497
61671823068,257056434
61672062108,250049379
61872181628,268918206
61873572828,260553430
61873811868,253234251
62073931388,271704969
62075681148,263116847
62076039708,255602241
62276159228,274026960
62278267548,265398590
62278506588,257598766
62478583068,275648920
62480973468,266442805
62481212508,258512454
62652365148,247948397
62654516508,238704847
62654755548,230491741
62793996348,219305273
62796147708,209642113
62796386748,201186848
62931205308,193288492
62933356668,186252430
62933595708,180095876
63070446108,174958891
63072597468,170464029
63072836508,166531025
63210643068,163214646
63212794428,160312815
63213033468,157898713
63351796188,173036373
63353947548,169281826
63354186588,165871597
63493666428,180137647
63495937308,175620441
63496176348,171542885
63636970908,185350024
63639361308,180431271
63639600348,175877362
63781829148,189517691
63784219548,184327979
63784458588,179411981
63927643548,192985483
63930033948,187487297
63930272988,182301384
64074414108,195763711
64076924028,189918247
64077163068,184553466
64222260348,197984282
64224650748,191986246
64224889788,186487965
64370823708,199801969
64373214108,193701722
64373453148,188114006
64520104188,201599755
64522494588,195399785
64522733628,189599811
64669982268,202899834
64672372668,196537354
64672611708,190720184
64820577468,204130161
64822967868,197738890
64823206908,191896528
64971770268,205284462
64974160668,198873904
64974399708,193014666
65123680188,206387832
65126070588,199964353
65126309628,193968808
65276187708,207472707
65278578108,200913618
65278817148,194799415
65429173308,208324488
65431563708,201658927
65431802748,195576561
65582876028,209129490
65585266428,202488303
65585505468,196427265
65736937308,209998856
65739327708,203373999
65739566748,197202249
65891715708,210801967
65894106108,204201721
65894345148,198051505
66046852668,211670066
66049243068,204961307
66049482108,198716143
66202467708,212376625
66204858108,205579546
66205097148,199382102
66358441308,213084339
66360831708,206198796
66361070748,200048946
66514892988,213667827
66517283388,206834348
66517522428,200605054
66671583708,214279422
66673974108,207369494
66674213148,201073307
66828513468,214814143
66830903868,207837375
66831142908,201607703
66985921308,215281740
66988311708,208371522
66988550748,202075081
67143807228,215815695
67146197628,208963733
67146436668,202593266
67301693148,216394107
67304083548,209469843
67304322588,203036112
67459818108,216781598
67462208508,209808898
67462447548,203332785
67618182108,217166186
67620572508,210145412
67620811548,203627235
67777024188,217548830
67779414588,210480226
67779653628,204045197
67935866268,217914547
67938256668,210800228
67938495708,204325199
68094827868,218159549
68097218268,211139605
68097457308,204622154
68254148028,218544384
68256538428,211476336
68256777468,204916794
68413468188,218802194
68415858588,211576919
68416097628,205129804
68572788348,218988578
68575178748,211865005
68575417788,205381879
68732347548,219209144
68734737948,212058001
68734976988,205425750
68892145788,219372531
68894536188,212200964
68894775228,205675843
69051824508,219591362
69054214908,212392441
69054453948,205843385
69211622748,219737961
69214013148,212645715
69214252188,206065000
69371301468,219931875
69373691868,212690390
69373930908,205979091
69531099708,219856704
69533490108,212624616
69533729148,206046539
69691017468,220040721
69693407868,212785630
69693646908,206187426
69851054748,220163997
69853445148,212893497
69853684188,206281809
70010972508,220121582
70013362908,212856384
70013601948,206249336
70170890268,220093169
70173280668,212956522
70173519708,206336956
70330927548,220169836
70333317948,213023606
70333556988,206395655
70491084348,220346198
70493474748,213177923
70493713788,206530682
70651360668,220464346
70653751068,213156302
70653990108,206511764
70811517468,220447793
70813907868,213141818
70814146908,206624090
70971793788,220546078
70974184188,213352818
70974423228,206808715
71132189628,220707625
71134580028,213494171
71134819068,206807399
71292585468,220706474
71294975868,213368164
71295214908,206822143
71453100828,220844375
71455491228,213613828
71455730268,207037099
71613616188,220907461
71616006588,213669028
71616245628,207085399
71774370588,221074724
71776760988,213815383
71777000028,207213460
71935364028,221186777
71937754428,213913429
71937993468,207299250
72096357468,221261843
72098747868,213979112
72098986908,207356723
72257350908,221437132
72259741308,214132490
72259980348,207490928
72418583388,221554562
72420973788,214235241
72421212828,207705835
72579935388,221742605
72582325788,214524779
72582564828,207959181
72741645948,221964283
72744036348,214843747
72744275388,208238278
72903595548,222333493
72905985948,215041806
72906224988,208411580
73065545148,222485132
73067935548,215174490
73068174588,208652678
73227972828,222696093
73230363228,215484081
73230602268,208923570
73390759068,223058123
73393149468,215925857
73393388508,209310124
73553784348,223521358
73556174748,216331188
73556413788,209664789
73717287708,223956690
73719678108,216712103
73719917148,209998090
73880791068,224248328
73883181468,216967287
73883420508,210346376
74044772508,224678079
74047162908,217468319
74047401948,210784779
74209351548,225186681
74211741948,217913345
74211980988,211174176
74374289148,225652404
74376679548,218320853
74376918588,211655746
74539704828,226198777
74542095228,218923929
74542334268,212308437
74705598588,226894882
74707988988,219533021
74708228028,212841393
74871970428,227361218
74874360828,220066065
74874599868,213432806
75038700828,228003705
75041091228,220753241
75041330268,214034085
75206148348,228779824
75208538748,221432346
75208777788,214628302
75374073948,229424764
75376464348,221996668
75376703388,215247084
75542716668,230091198
75545107068,222704798
75545346108,215991698
75712076508,230992735
75714466908,223618643
75714705948,216791312
75882392508,231817398
75884782908,224340223
75885021948,217672695
76053425628,232838608
76055816028,225358782
76056055068,218688934
76225175868,233852817
76227566268,226371214
76227805308,219574812
76398001788,234877960
76400392188,227393215
76400631228,220594063
76571783868,236019805
76574174268,228517329
76574413308,221702662
76746641628,237239829
76749032028,229834850
76749271068,222980493
76922455548,238607931
76924845948,231031939
76925084988,224152946
77099703708,239883827
77102094108,232398348
77102333148,225598554
77278266588,241523734
77280656988,233958267
77280896028,226963483
77458144188,243093047
77460534588,235456416
77460773628,228524364
77639216988,244833818
77641607388,237104590
77641846428,230091516
77821724028,246455076
77824114428,238773191
77824353468,231801542
78005904348,248326349
78008294748,240660555
78008533788,233577985
78191757948,250255736
78194148348,242598769
78194387388,235523922
78378806748,252333431
78381197148,244541752
78381436188,237349033
78567409308,254305403
78569799708,246392227
78570038748,239218198
78757804668,256315923
78759956028,248276432
78760195068,240991878
78950231868,234992893
78952502748,229743781
78952741788,225025808
79144690908,221147582
79147081308,217879134
79147320348,215019242
79342257468,212891836
79344647868,210905356
79344886908,209167186
79542692508,208021287
79545082908,207143626
79545321948,206375672
79745517948,205953713
79747908348,205459498
79748147388,205152060
79923841788,201758052
79926471228,199163295
79926710268,196642883
80068700028,212062522
80071209948,204054706
80071448988,196672867
80212602108,207838758
80214992508,200108913
80215231548,193095298
80358296988,204833385
80360687388,197729211
80360926428,191263059
80505784668,203605176
80508175068,196904529
80508414108,190791462
80655423708,203817529
80657814108,197340337
80658053148,191422794
80806855548,204744944
80809245948,198401826
80809484988,192601597
80960319228,206276397
80962709628,199991847
80962948668,194117866
81115456188,208103132
81117846588,201715240
81118085628,196000835
81272624988,210250730
81275015388,203969388
81275254428,198223214
81431347548,212570312
81433737948,206124023
81433976988,200108520
81591862908,214594955
81594253308,208145585
81594492348,202252386
81754051548,217095837
81756441948,210583857
81756680988,204510874
81917793948,219322014
81920184348,212656762
81920423388,206574666
82083090108,221627832
82085480508,214924353
82085719548,208683808
82249820508,223723332
82252210908,216882915
82252449948,210647550
82418104668,225941606
82420495068,219073905
82420734108,212689666
82587823068,227978457
82590213468,220981149
82590452508,214608505
82758856188,230032441
82761246588,223028385
82761485628,216524836
82931084508,232084231
82933474908,224948702
82933713948,218330114
83104747068,233913849
83107137468,226674617
83107376508,220090289
83279724348,235829002
83282114748,228600376
83282353788,221900329
83455896828,237662787
83458287228,230329938
83458526268,223538695
83632905948,239346358
83635296348,231928063
83635535388,225062055
83811229788,241054298
83813620188,233547510
83813859228,226604071
83990509788,242653562
83992900188,234946866
83993139228,228078507
84170865468,244193693
84173255868,236544481
84173494908,229601420
84351938268,245651242
84354328668,237944836
84354567708,230826731
84534086748,247098389
84536477148,239336090
84536716188,232169078
84716952348,248397943
84719342748,240473200
84719581788,233289050
84900654588,249627918
84903044988,241799428
84903284028,234574499
85084954428,250877686
85087344828,242892975
85087583868,235531353
85269254268,251839933
85271644668,243734941
85271883708,236268073
85454868828,252609563
85457259228,244533367
85457498268,237216696
85640841948,253689609
85643112828,245603407
85643351868,238152981
85827293148,254633858
85829444508,246429625
85829683548,238875921
86014461468,232391430
86016851868,226717501
86017090908,221877813
86202346908,217643086
86204737308,213937700
86204976348,210570487
86391547068,207874176
86393937468,205514904
86394176508,203575541
86580508188,201753598
86582898588,200159398
86583137628,198764473
86769349788,197543913
86771859708,196475923
86772098748,195541432
86959267068,194848753
86961896508,194242658
86962135548,193837325
87149423388,216732659
87151813788,213641076
87152052828,210810941
87339221148,231584573
87341611548,226636501
87341850588,222056938
87529496988,241424820
87531887388,235246717
87532126428,229715877
87719892348,248251392
87722282748,241344968
87722521788,235051847
87911004828,253045366
87913395228,245664695
87913634268,238831608
88101519708,256352657
88103790588,248308574
88104029628,241145002
88292393148,258376876
88294544508,249954766
88294783548,242460420
88483625148,236027867
88486015548,230524383
88486254588,225708835
88675454748,221495230
88677845148,217683326
88678084188,214472910
88867284348,211663796
88869674748,209205821
88869913788,206930093
89059233468,205063831
89061743388,203430852
89061982428,202001995
89250465468,200626745
89253094908,199548401
89253333948,198604850
89441936508,221279243
89444326908,217869337
89444565948,214510669
89633646588,235196835
89636036988,230172230
89636276028,225400701
89825117628,244850613
89827508028,238494286
89827747068,232557500
90016588668,250987812
90018979068,243739335
90019218108,237271918
90208179228,255237928
90210450108,247583187
90210689148,240635288
90400486908,258180877
90402877308,250158267
90403116348,243013483
90593033628,236761797
90595184988,231291572
90595424028,226380125
90784624188,221957609
90787014588,218212907
90787253628,214936293
90976812348,212069256
90979202748,209560599
90979441788,207365524
91169359068,205569833
91171749468,203873603
91171988508,202389402
91362264348,201215726
91364774268,200188760
91365013308,199415165
91554691548,198488269
91557081948,198052235
91557320988,197420705
91746162588,220368116
91748792028,217072101
91749031068,213938088
91939067868,234945827
91941458268,229952598
91941697308,225333523
92131853628,244916832
92134244028,238677228
92134483068,232967574
92324519868,251721627
92326790748,244631423
92327029788,238177495
92517425148,256280308
92519815548,248620269
92520054588,241792735
92711764668,235818643
92713916028,230591312
92714155068,226017398
92905865148,222015223
92908255548,218638320
92908494588,215558530
93100085148,212988713
93102475548,210615123
93102714588,208538232
93294663708,206720953
93297054108,205255833
93297293148,203973853
93489839868,202852121
93492349788,201870605
93492588828,201011779
93684896508,200260306
93687286908,199602767
93687525948,199027421
93880431228,222648993
93883060668,219692868
93883299708,216731259
94076563548,238264851
94078953948,233231744
94079192988,228577776
94272934908,248630554
94275325308,242426734
94275564348,236748392
94469425788,255904843
94471816188,248791737
94472055228,242317769
94666992348,260903047
94669263228,253290166
94669502268,246378895
94866112668,264831533
94868503068,256602591
94868742108,249402267
95065472028,243101983
95067623388,237589235
95067862428,232765580
95265070428,228669882
95267460828,225086146
95267699868,221950377
95466342108,219331579
95468732508,217040131
95468971548,215035114
95669048028,213530724
95671557948,212214383
95671796988,211062585
95871275868,209929761
95873666268,208938540
95873905308,208071222
96026173788,226437319
96028803228,217757654
96029042268,210037947
96194577468,223908203
96196967868,217169677
96197206908,211148467
96351507228,225004908
96353897628,216754294
96354136668,209410007
96510110268,222358756
96512500668,214688911
96512739708,207727797
96671462268,221386822
96673852668,214088469
96674091708,207577410
96834846108,221880233
96837236508,214895203
96837475548,208533302
97000859388,223216639
97003249788,216439559
97003488828,210134614
97168665468,225242787
97171055868,218462438
97171294908,212154633
97338503388,227510303
97340893788,220571515
97341132828,214250075
97510612188,229843815
97513002588,222988338
97513241628,216739795
97684633308,232522320
97687023708,225582030
97687262748,219134276
97860088668,235117491
97862479068,227977804
97862718108,221355578
98037456348,237436130
98039846748,230131613
98040085788,223615161
98216377788,239913265
98218768188,232549106
98219007228,225980467
98397092028,242357908
98399482428,234938169
98399721468,228195897
98579479548,244671409
98581869948,237087482
98582108988,230326546
98763062268,247035727
98765452668,239406261
98765691708,232480478
98948198748,249170418
98950589148,241399115
98950828188,234349225
99134530428,251180571
99136920828,243282999
99137159868,236247624
99322296348,253216671
99324686748,245314587
99324925788,238150263
99510659868,255006480
99513050268,247005670
99513289308,239754961
99700577148,256785590
99702608988,248687391
99702848028,241226467
99891570108,234948158
99893960508,229454638
99894199548,224772808
