1100134744,100000000
1231569828,103875000
1232286948,107390625
1232888868,110466796
1233605988,113283446
1234207908,115873015
1344009584,131888888
1344965744,129527777
1345204784,127461804
1346041424,125779078
1346997584,124306693
1347236624,123018356
1348073264,121891061
1466366620,135654678
1466605660,133947843
1467561820,132579362
1467800860,131381941
1468039900,130334198
1469354620,129417423
1470669340,128740245
1470908380,128147714
1471147420,127629249
1472103580,127300592
1472342620,126888018
1567688136,123652015
1567927176,120695513
1568166216,118233573
1569480936,116079376
1570915176,114194454
1571154216,112545147
1571393256,111102003
1572229896,109839252
1572468936,108609345
1667933972,119408176
1668173012,117107154
1668412052,115093759
1669607252,113332039
1671161012,111915534
1671400052,110551092
1671639092,109232205
1672356212,108203179
1672595252,107177781
1672834292,106280558
1769972608,105745488
1770211648,105277302
1770450688,104867639
1771406848,104509184
1773199648,104195536
1773438688,103921094
1773677728,103680957
1774155808,103470837
1774394848,103286982
1774633888,103126109
1873565004,115360345
1873804044,113940301
1874043084,112697763
1874999244,111610542
1876792044,110784224
1877031084,109936196
1877270124,109194171
1877748204,108544899
1877987244,107851786
1878226284,107370312
1878465324,106949023
1976559800,106455395
1976798840,106023470
1977037880,105645536
1977994040,105314844
1980025880,105150488
1980264920,104881677
1980503960,104646467
1980982040,104440658
1981221080,104385575
1981460120,104337378
1981699160,104170205
2080271716,116398929
2080510756,114849062
2080749796,113492929
2081825476,112306312
2083737796,111518023
2083976836,110453270
2084215876,109646611
2084454916,108940784
2084932996,108323186
2085172036,107782787
2085411076,107309938
2085650116,106896195
2183027472,106409170
2183266512,105983023
2183505552,105610145
2184820272,105283876
2186732592,104998391
2186971632,104748592
2187210672,104530018
2187449712,104338765
2187927792,104171419
2188166832,104149991
2188405872,104006242
2188644912,103880461
2286739388,116020403
2286978428,114392852
2287217468,113093745
2288532188,112082026
2290444508,111321772
2290683548,110406550
2290922588,109605731
2291161628,108905014
2291400668,108291887
2291878748,107755401
2292117788,107285975
2292356828,106875228
2292595868,106515824
2390841308,106201346
2391080348,106051177
2391319388,105794779
2392873148,105570431
2394785468,105374127
2395024508,105327361
2395263548,105286440
2395502588,105250635
2395741628,105094305
2396219708,105082516
2396458748,105072201
2396697788,104938175
2396936828,104820903
2499724028,117593290
2499963068,116519128
2500202108,115579237
2501755868,114881832
2503668188,114396603
2503907228,113722027
2504146268,113131773
2504385308,112615301
2504624348,112163388
2504863388,111767964
2505341468,111421968
2505580508,111119222
2505819548,110854319
2506058588,110747529
2609682428,110654087
2609921468,110572326
2610160508,110500785
2611953308,110438186
2613865628,110383412
2614104668,110460485
2614343708,110527924
2614582748,110461933
2614821788,110404191
2615060828,110478667
2615538908,110543833
2615777948,110475853
2616016988,110541371
2616256028,110598699
2719521308,123398861
2719760348,121724003
2719999388,120258502
2721672668,119101189
2723584988,118213540
2723824028,117186847
2724063068,116288491
2724302108,115502429
2724541148,114814625
2724780188,114212796
2725258268,113686196
2725497308,113225421
2725736348,112822243
2725975388,112344462
2828762588,124801404
2829001628,122951228
2829240668,121332324
2830913948,120040783
2832826268,118910685
2833065308,117796849
2833304348,116822242
2833543388,115844461
2833782428,114988903
2834021468,114365290
2834499548,113819628
2834738588,113217174
2834977628,112690027
2835216668,112353773
2938003868,124934551
2938242908,123067732
2938481948,121309265
2940155228,120020606
2942067548,119018030
2942306588,117890776
2942545628,116779429
2942784668,115807000
2943023708,115081125
2943262748,114445984
2943740828,113765236
2943979868,113169581
2944218908,112773383
2944457948,112426710
3047245148,124873371
3047484188,122889199
3047723228,121153049
3049396508,119883917
3051308828,118773427
3051547868,117551748
3051786908,116482779
3052025948,115672431
3052264988,114963377
3052504028,114217954
3052982108,113565709
3053221148,113119995
3053460188,112729995
3053699228,112263745
3156486428,124730776
3156725468,122764429
3156964508,121043875
3158637788,119788390
3160550108,118689841
3160789148,117478610
3161028188,116543783
3161267228,115725810
3161506268,114885083
3161745308,114149447
3162223388,113630766
3162462428,113176920
3162701468,112654805
3162940508,112197954
3265727708,124673209
3265966748,122714057
3266205788,121124799
3267879068,119859199
3269791388,118751799
3270030428,117657824
3270269468,116700596
3270508508,115738021
3270747548,114895768
3270986588,114158797
3271464668,113638947
3271703708,113059078
3271942748,112551693
3272181788,112232731
3374968988,124703639
3375208028,122865684
3375447068,121257473
3377120348,119975288
3379032668,118978377
3379271708,117856079
3379510748,116749069
3379749788,115780435
3379988828,114932880
3380227868,114316270
3380705948,113776736
3380944988,113179644
3381184028,112782188
3381423068,112434414
3484210268,124880112
3484449308,123020098
3484688348,121267585
3486361628,119984136
3488273948,118861119
3488512988,117628479
3488752028,116549919
3488991068,115606179
3489230108,114905406
3489469148,114292230
3489947228,113630701
3490186268,113176863
3490425308,112779755
3490664348,112307285
3593451548,124768874
3593690588,122797764
3593929628,121073043
3595602908,119813912
3597515228,118712173
3597754268,117498151
3597993308,116435882
3598232348,115631396
3598471388,114927471
3598710428,114186537
3599188508,113663219
3599427548,113205316
3599666588,112679651
3599905628,112219694
3702692828,124692232
3702931868,122730703
3703170908,121139365
3704844188,119871944
3706756508,118762951
3706995548,117542582
3707234588,116599759
3707473628,115774789
3707712668,114927940
3707951708,114186947
3708429788,113663578
3708668828,113080630
3708907868,112570551
3709146908,112249232
3811934108,124718078
3812173148,122878318
3812412188,121268528
3814085468,119984962
3815997788,118861841
3816236828,117754110
3816475868,116784846
3816714908,115811740
3816953948,114960272
3817192988,114340238
3817671068,113797708
3817910108,113197994
3818149148,112798244
3818388188,112448463
3921175388,124892405
3921414428,123030854
3921653468,121276997
3923326748,119992372
3925239068,118868325
3925478108,117759784
3925717148,116664811
3925956188,115706709
3926195228,114993370
3926434268,114369198
3926912348,113698048
3927151388,113235792
3927390428,112831318
3927629468,112352403
4030416668,124808352
4030655708,122832308
4030894748,121103269
4032568028,119840360
4034480348,118735315
4034719388,117518400
4034958428,116453600
4035197468,115646900
4035436508,114941037
4035675548,114198407
4036153628,113673606
4036392668,113214405
4036631708,112687604
4036870748,112226653
4139657948,124698321
4139896988,122736030
4140136028,121144026
4141809308,119876022
4143721628,118766519
4143960668,117545704
4144199708,116602491
4144438748,115777179
4144677788,114930031
4144916828,114188777
4145394908,113665179
4145633948,113082031
4145872988,112571777
4146112028,112250304
4248899228,124719016
4249138268,122879139
4249377308,121269246
4251050588,119985590
4252962908,118862391
4253201948,117754592
4253440988,116785268
4253680028,115812109
4253919068,114960595
4254158108,114340520
4254636188,113797955
4254875228,113198210
4255114268,112798433
4255353308,112448628
4358140508,124892549
4358379548,123030980
4358618588,121277107
4360291868,119992468
4362204188,118868409
4362443228,117759857
4362682268,116664874
4362921308,115706764
4363160348,114993418
4363399388,114369240
4363877468,113698085
4364116508,113235824
4364355548,112831346
4364594588,112352427
4467381788,124808373
4467620828,122832326
4467859868,121103285
4469533148,119840374
4471445468,118735327
4471684508,117518411
4471923548,116453609
4472162588,115646907
4472401628,114941043
4472640668,114198412
4473118748,113673610
4473357788,113214408
4473596828,112687607
4473835868,112226656
4576623068,124698324
4576862108,122736033
4577101148,121144028
4578774428,119876024
4580686748,118766521
4580925788,117545705
4581164828,116602491
4581403868,115777179
4581642908,114930031
4581881948,114188777
4582360028,113665179
4582599068,113082031
4582838108,112571777
4583077148,112250304
4685864348,124719016
4686103388,122879139
4686342428,121269246
4688015708,119985590
4689928028,118862391
4690167068,117754592
4690406108,116785268
4690645148,115812109
4690884188,114960595
4691123228,114340520
4691601308,113797955
4691840348,113198210
4692079388,112798433
4692318428,112448628
4795105628,124892549
4795344668,123030980
4795583708,121277107
4797256988,119992468
4799169308,118868409
4799408348,117759857
4799647388,116664874
4799886428,115706764
4800125468,114993418
4800364508,114369240
4800842588,113698085
4801081628,113235824
4801320668,112831346
4801559708,112352427
4904346908,124808373
4904585948,122832326
4904824988,121103285
4906498268,119840374
4908410588,118735327
4908649628,117518411
4908888668,116453609
4909127708,115646907
4909366748,114941043
4909605788,114198412
4910083868,113673610
4910322908,113214408
4910561948,112687607
4910800988,112226656
5013588188,124698324
5013827228,122736033
5014066268,121144028
5015739548,119876024
5017651868,118766521
5017890908,117545705
5018129948,116602491
5018368988,115777179
5018608028,114930031
5018847068,114188777
5019325148,113665179
5019564188,113082031
5019803228,112571777
5020042268,112250304
5122834108,124719016
5123073148,122879139
5123312188,121269246
5124985468,119860590
5126897788,118753016
5127136828,117658889
5127375868,116701527
5127614908,115738836
5127853948,114896481
5128092988,114284420
5128571068,113748867
5128810108,113155258
5129049148,112760850
5129288188,112415743
5233274908,124988775
5233513948,123240178
5233752988,121585155
5235426268,120387010
5237338588,119463633
5237577628,118405678
5237816668,117354968
5238055708,116560597
5238294748,115865522
5238533788,115257331
5239011868,114725164
5239250908,114259518
5239489948,113852078
5239728988,113370568
5344189468,126074247
5344428508,124189966
5344667548,122541220
5346340828,121348567
5348253148,120304996
5348492188,119141871
5348731228,118124137
5348970268,117233619
5349209308,116454416
5349448348,115772614
5349926428,115176037
5350165468,114654032
5350404508,114197278
5350643548,113797618
5455940668,126572915
5456179708,124751300
5456418748,123157387
5458092028,122012713
5460004348,121011123
5460243388,119884732
5460482428,118899140
5460721468,118036747
5460960508,117282153
5461199548,116621883
5461677628,116044147
5461916668,115538628
5462155708,115096299
5462394748,114709261
5569126108,127745603
5569365148,126027402
5569604188,124398976
5571277468,123224104
5573189788,122196091
5573428828,121046579
5573667868,120040756
5573906908,119160661
5574145948,118515578
5574384988,117951130
5574863068,117332238
5575102108,116915708
5575341148,116551244
5575580188,116107338
5684104348,129343920
5684343388,127550930
5684582428,125982063
5686255708,124859305
5688168028,123876891
5688407068,122767279
5688646108,121796369
5688885148,120946822
5689124188,120328469
5689363228,119662410
5689841308,119079608
5690080348,118694657
5690319388,118232824
5690558428,117828721
5801951068,131350130
5802190108,129681363
5802429148,128221192
5804102428,127193543
5806014748,126294350
5806253788,125257556
5806492828,124350361
5806731868,123556565
5806970908,122861994
5807209948,122254244
5807688028,121722463
5807927068,121257155
5808166108,120850010
5808405148,120493758
5923263868,134557038
5923502908,132987408
5923741948,131488982
5925415228,130427859
5927327548,129499376
5927566588,128436954
5927805628,127507334
5928044668,126818917
5928283708,126216552
5928522748,125689483
5929000828,125228297
5929239868,124824759
5929478908,124471664
5929717948,124037706
6049118428,138657992
6049357468,137075743
6049596508,135691275
6051269788,134729865
6053182108,133638631
6053421148,132683802
6053660188,131848326
6053899228,130992285
6054138268,130368249
6054377308,129822217
6054735868,129219439
6054974908,128692009
6055213948,128355507
6055452988,128061068
6182024668,128678434
6182263708,129218629
6182502748,129691300
6185849308,130229887
6186088348,130576151
6186327388,130879132
6186566428,131144240
6186805468,131376210
6187044508,131579183
6187403068,131756785
6187642108,131912186
6187881148,132048162
6188120188,132167141
6325568188,149396248
6325807228,148596717
6326046268,148022127
6329273308,147519361
6329512348,146954440
6329751388,146460135
6329990428,146027618
6330229468,145774165
6330468508,145427394
6330707548,145123969
6330946588,144858472
6331185628,144751163
6331424668,144532267
6487398268,146715733
6487637308,148626266
6490864348,150547982
6491103388,151979484
6491342428,153232048
6491581468,154328042
6491820508,155287036
6492059548,156126156
6492298588,156860386
6492537628,157502837
6492776668,158064982
6493015708,158556859
6677793628,181987251
6678032668,183113844
6681020668,184099613
6681259708,184837161
6681498748,185482515
6681737788,186047200
6681976828,186541300
6682215868,186973637
6682454908,187351932
6682693948,187682940
6682932988,187972572
6683172028,188226000
6880619068,190072750
6883607068,191938656
6883846108,193196324
6884085148,194421783
6884324188,195494060
6884563228,196432302
6884802268,197253264
6885041308,197971606
6885280348,198600155
6885519388,199150135
6885758428,199631368
7025238268,217427447
7027987228,208249016
7028226268,200342889
7028465308,193300027
7028704348,187137523
7028943388,181745332
7029182428,177152165
7029421468,173008144
7029660508,169382126
7029899548,166209360
7030138588,163558190
7192805308,163988416
7193044348,164239864
7193283388,164334881
7193522428,164418020
7193761468,164490767
7194000508,164679421
7194239548,164719493
7194478588,164754556
7194717628,164785236
7194956668,164812081
7353440188,164335570
7353679228,163793623
7353918268,163319420
7354157308,163029492
7354396348,162775805
7354635388,162428829
7354874428,162125225
7355113468,161984571
7355352508,161861499
7508577148,180878811
7508816188,177643959
7509055228,174938464
7509294268,172571156
7509533308,170374761
7509772348,168452915
7510011388,166896300
7510250428,165534262
7510489468,164217479
7659889468,162565294
7660128508,161244632
7660367548,159964053
7660606588,158843546
7660845628,157863102
7661084668,157130214
7661323708,156363937
7661562748,155693444
7807257628,173356763
7807496668,170187167
7807735708,167288771
7807974748,164752674
7808213788,162658589
7808452828,160826265
7808691868,159097981
7808930908,157585733
7951159708,155887516
7951398748,154401576
7951637788,153101379
7951876828,151963706
7952115868,150968242
7952354908,150097211
7952593948,149335059
8090878588,165918176
8091117628,162678404
8091356668,159843603
8091595708,157363152
8091834748,155192758
8092073788,153293663
8092312828,151631955
8227131388,149802960
8227370428,148077590
8227609468,146567891
8227848508,145246904
8228087548,144216041
8228326588,143189035
8360993788,158790405
8361232828,155691604
8361471868,152980153
8361710908,150607633
8361949948,148531678
8362188988,146715218
8491868188,161250815
8492107228,157594463
8492346268,154270155
8492585308,151361385
8492824348,148816211
8493063388,146714184
8622862108,160874911
8623101148,157265547
8623340188,153982353
8623579228,151109558
8623818268,148595863
8624057308,146521380
8754692668,160831207
8754931708,157227306
8755170748,154073892
8755409788,151314655
8755648828,148900323
8755887868,146787782
8886403708,161189309
8886642748,157540645
8886881788,154348064
8887120828,151554556
8887359868,149110236
8887598908,146971456
9017756188,161350024
9017995228,157556271
9018234268,154361737
9018473308,151566519
9018712348,148995704
9018951388,146746241
9149467228,161152960
9149706268,157508840
9149945308,154320235
9150184348,151530205
9150423388,149088929
9150662428,146952812
9281058748,161458710
9281297788,157776371
9281536828,154554324
9281775868,151735033
9282014908,149268153
9282253948,147109633
9413008828,161595928
9413247868,157896437
9413486908,154659382
9413725948,151826959
9413964988,149348589
9414204028,147180015
9544958908,161532513
9545197948,157840948
9545436988,154610829
9545676028,151784475
9545915068,149311415
9546154108,147272488
9676908988,161613427
9677148028,158036748
9677387068,154782154
9677626108,151934384
9677865148,149442586
9678104188,147387262
9808859068,161713854
9809098108,158124622
9809337148,154859044
9809576188,152001663
9809815228,149501455
9810054268,147438773
9940809148,161758926
9941048188,158164060
9941287228,154893552
9941526268,152031858
9941765308,149527875
9942004348,147461890
10072639708,161779153
10072878748,158056758
10073117788,154799663
10073356828,151949705
10073595868,149455991
10073834908,147273992
10204589788,161614743
10204828828,157912900
10205067868,154798787
10205306908,151948938
10205545948,149455320
10205784988,147273405
10336659388,161739229
10336898428,158021825
10337137468,154894096
10337376508,152032334
10337615548,149528292
10337854588,147337255
10468848508,161795098
10469087548,158195710
10469326588,155046246
10469565628,152165465
10469804668,149644781
10470043708,147564183
10601037628,162118660
10601276668,158478827
10601515708,155168973
10601754748,152272851
10601993788,149738744
10602232828,147646401
10733226748,162065600
10733465788,158307400
10733704828,155018975
10733943868,152141603
10734182908,149748902
10734421948,147655289
10865535388,162073377
10865774428,158314204
10866013468,155149928
10866252508,152381187
10866491548,149958538
10866730588,147713720
10997724508,162124505
10997963548,158358941
10998202588,155189073
10998441628,152290438
10998680668,149754133
10998919708,147534866
11129913628,161968007
11130152668,158347006
11130391708,155178630
11130630748,152281301
11130869788,149746138
11131108828,147652870
11262102748,162196261
11262341788,158546728
11262580828,155228387
11262819868,152324838
11263058908,149909233
11263297948,147795578
11394411388,162196130
11394650428,158421613
11394889468,155118911
11395128508,152354047
11395367548,149934791
11395606588,147692942
11526839548,162106324
11527078588,158468033
11527317628,155284528
11527556668,152498962
11527795708,149936591
11528034748,147819517
11659267708,162342077
11659506748,158674317
11659745788,155340027
11659984828,152422523
11660223868,149994707
11660462908,147870368
11791695868,162261572
11791934908,158478875
11792173948,155294015
11792412988,152507263
11792652028,150068855
11792891068,147810248
11924243548,162333967
11924482588,158667221
11924721628,155458818
11924960668,152526465
11925199708,150085656
11925438748,147949949
12056671708,162456205
12056910748,158649179
12057149788,155443031
12057388828,152637652
12057627868,150182945
12057866908,147910076
12189099868,162421316
12189338908,158743651
12189577948,155525694
12189816988,152584982
12190056028,150136859
12190295068,147994751
12321528028,162495407
12321767068,158683481
12322006108,155473045
12322245148,152663914
12322484188,150205924
12322723228,147930183
12454075708,162438910
12454314748,158759046
12454553788,155539165
12454792828,152596769
12455031868,150147172
12455270908,148003775
12586742908,162503303
12586981948,158690390
12587220988,155479091
12587460028,152669204
12587699068,150210553
12587938108,147934233
12719410108,162442453
12719649148,158762146
12719888188,155541877
12720127228,152724142
12720366268,150258624
12720605308,148101296
12852077308,162713634
12852316348,158999429
12852555388,155749500
12852794428,152905812
12853033468,150417585
12853272508,148240386
12984864028,162710337
12985103068,158996544
12985342108,155746976
12985581148,152903604
12985820188,150415653
12986059228,148238696
13117531228,162708859
13117770268,158995251
13118009308,155745844
13118248348,152902613
13118487388,150414786
13118726428,148237937
13250198428,162708194
13250437468,158994669
13250676508,155745335
13250915548,152777168
13251154588,150305022
13251393628,148141894
13382865628,162624157
13383104668,158921137
13383343708,155680994
13383582748,152845869
13383821788,150365135
13384060828,148194493
13515652348,162670181
13515891388,158961408
13516130428,155716232
13516369468,152876703
13516608508,150392115
13516847548,148218100
13648558588,162690837
13648797628,158979482
13649036668,155857046
13649275708,152999915
13649514748,150499925
13649753788,148312434
13781464828,162898379
13781703868,159161081
13781942908,155890945
13782181948,153029576
13782420988,150525879
13782660028,148335144
13914371068,162918251
13914610108,159178469
13914849148,155906160
13915088188,153167890
13915327228,150646903
13915566268,148441040
14047396828,163010910
14047635868,159259546
14047874908,155977102
14048113948,153229964
14048352988,150701218
14048592028,148488565
14180303068,163052494
14180542108,159295932
14180781148,156008940
14181020188,153257822
14181259228,150725594
14181498268,148509894
14313209308,163071157
14313448348,159312262
14313687388,156023229
14313926428,153145325
14314165468,150627159
14314404508,148423764
14446115548,162995793
14446354588,159246318
14446593628,155965528
14446832668,153094837
14447071708,150707982
14447310748,148494484
14579141308,163057673
14579380348,159300463
14579619388,156012905
14579858428,153136291
14580097468,150744254
14580336508,148526222
14712286588,163085444
14712525628,159324763
14712764668,156034167
14713003708,153279896
14713242748,150869909
14713481788,148636170
14845431868,163181648
14845670908,159408942
14845909948,156107824
14846148988,153344346
14846388028,150801302
14846627068,148576139
14978577148,163129121
14978816188,159362980
14979055228,156192607
14979294268,153418531
14979533308,150866214
14979772348,148632937
15111602908,163178819
15111841948,159406466
15112080988,156230657
15112320028,153326824
15112559068,150785971
15112798108,148562724
15244748188,163117383
15244987228,159352710
15245226268,156183621
15245465308,153285668
15245704348,150749959
15245943388,148531214
15377893468,163089812
15378132508,159453585
15378371548,156271886
15378610588,153362900
15378849628,150817537
15379088668,148715344
15511038748,163375926
15511277788,159703935
15511516828,156365943
15511755868,153445200
15511994908,150889550
15512233948,148778356
15644303548,163306061
15644542588,159517803
15644781628,156203077
15645020668,153427692
15645259708,150999230
15645498748,148874326
15777687868,163390035
15777926908,159591280
15778165948,156392370
15778404988,153593323
15778644028,151019157
15778883068,148766762
15910952668,163295916
15911191708,159633926
15911430748,156429685
15911669788,153500974
15911908828,150938352
15912147868,148821058
16044217468,163468425
16044456508,159784871
16044695548,156436762
16044934588,153507166
16045173628,151068770
16045412668,148935173
16177721308,163443276
16177960348,159637866
16178199388,156433132
16178438428,153628990
16178677468,151175366
16178916508,148903445
16311105628,163540514
16311344668,159847949
16311583708,156616955
16311822748,153664835
16312061788,151206730
16312300828,149055888
16444489948,163673902
16444728988,159839664
16444968028,156484706
16445207068,153674117
16445446108,151214852
16445685148,148937995
16577874268,146945745
16578113308,145327526
16578352348,143911585
16578591388,142547636
16578830428,141354181
16579069468,140434908
16711378108,139630544
16711617148,138801726
16711856188,138076510
16712095228,137566946
16712334268,137121077
16712573308,136605942
16845001468,136280199
16845240508,135995174
16845479548,135745777
16845718588,135402554
16845957628,135102234
16846196668,134964454
16978505308,134718897
16978744348,134504034
16978983388,134316029
16979222428,134276525
16979461468,134241959
16979700508,134086714
17112248188,134075874
17112487228,134066389
17112726268,134058090
17112965308,133925828
17113204348,133935099
17113443388,133943211
17245871548,133825309
17246110588,133847145
17246349628,133866251
17246588668,133882969
17246827708,133772597
17247066748,133801022
17379375388,133825894
17379614428,133722657
17379853468,133632324
17380092508,133678283
17380331548,133718497
17380570588,133628684
17512998748,133550098
17513237788,133606335
17513476828,133655543
17513715868,133573600
17513954908,133501900
17514193948,133564162
17646741628,133618641
17646980668,133541310
17647219708,133598646
17647458748,133648815
17647697788,133692713
17647936828,133606123
17780604028,133655357
17780843068,133698437
17781082108,133736132
17781321148,133769115
17781560188,133797975
17781799228,133823228
17914466428,133845324
17914705468,133864658
17914944508,133756575
17915183548,133787003
17915422588,133813627
17915661628,133836923
18048209308,133857307
18048448348,133875143
18048687388,133890750
18048926428,133779406
18049165468,133806980
18049404508,133831107
18182191228,133852218
18182430268,133870690
18182669308,133886853
18182908348,133900996
18183147388,133913371
18183386428,133924199
18316053628,133933674
18316292668,133941964
18316531708,133949218
18316770748,133955565
18317009788,133961119
18317248828,133965979
18449916028,133845231
18450155068,133864577
18450394108,133881504
18450633148,133896316
18450872188,133784276
18451111228,133811241
18583778428,133834835
18584017468,133855480
18584256508,133873545
18584495548,133889351
18584734588,133903182
18584973628,133790284
18717760348,133816498
18717999388,133714435
18718238428,133750130
18718477468,133781363
18718716508,133808692
18718955548,133832605
18851861788,133853529
18852100828,133996837
18852339868,133997232
18852578908,133997578
18852817948,133997880
18853056988,134123145
18985963228,134107751
18986202268,134094282
18986441308,134082496
18986680348,134072184
18986919388,134063161
18987158428,134055265
19120064668,134173356
19120303708,134151686
19120542748,134132725
19120781788,134116134
19121020828,134226617
19121259868,134198289
19254285628,134173502
19254524668,134151814
19254763708,134132837
19255002748,134241232
19255241788,134211078
19255480828,134184693
19388387068,134161606
19388626108,134141405
19388865148,134123729
19389104188,134108262
19389343228,134094729
19389582268,134082887
19522488508,134072526
19522727548,134063460
19522966588,134055527
19523205628,134048586
19523444668,134042512
19523683708,134037198
19656589948,134032548
19656828988,134028479
19657068028,134149919
19657307068,134131179
19657546108,134114781
19657785148,134100433
19790810908,134087878
19791049948,134201893
19791288988,134176656
19791528028,134154574
19791767068,134135252
19792006108,134243345
19925151388,134337926
19925390428,134295685
19925629468,134258724
19925868508,134226383
19926107548,134323085
19926346588,134282699
20059491868,134247361
20059730908,134216440
20059969948,134189385
20060208988,134290711
20060448028,134254372
20060687068,134222575
20193832348,134194753
20194071388,134295408
20194310428,134383482
20194549468,134335546
20194788508,134293602
20195027548,134381901
20328292348,134459163
20328531388,134401767
20328770428,134351546
20329009468,134432602
20329248508,134503526
20329487548,134440585
20462632828,134385511
20462871868,134337322
20463110908,134420156
20463349948,134367636
20463588988,134321681
20463828028,134281470
20596973308,134246286
20597212348,134340500
20597451388,134297937
20597690428,134260694
20597929468,134228107
20598168508,134324593
20731313788,134409018
20731552828,134357890
20731791868,134313153
20732030908,134399008
20732269948,134474132
20732508988,134414865
20865773788,134363006
20866012828,134442630
20866251868,134512301
20866490908,134448263
20866729948,134392230
20866968988,134343201
21000353308,134425300
21000592348,134372137
21000831388,134325619
21001070428,134409916
21001309468,134483676
21001548508,134548216
21134932828,134479689
21135171868,134544727
21135410908,134601636
21135649948,134526431
21135888988,134460627
21136128028,134528048
21269512348,134587042
21269751388,134513661
21269990428,134449453
21270229468,134518271
21270468508,134578487
21270707548,134506176
21404211388,134567904
21404450428,134621916
21404689468,134669176
21404928508,134585529
21405167548,134637337
21405406588,134682669
21538790908,134597335
21539029948,134647668
21539268988,134691709
21539508028,134730245
21539747068,134638964
21539986108,134559093
21673370428,134614206
21673609468,134537430
21673848508,134470251
21674087548,134536469
21674326588,134594410
21674565628,134645108
21808069468,134689469
21808308508,134728285
21808547548,134762249
21808786588,134666967
21809025628,134708596
21809264668,134745021
21942888028,134651893
21943127068,134695406
21943366108,134733480
21943605148,134766795
21943844188,134670945
21944083228,134712076
22077706588,134748066
22077945628,134654557
22078184668,134697737
22078423708,134735519
22078662748,134768579
22078901788,134672506
22212525148,134713442
22212764188,134749261
22213003228,134780603
22213242268,134808027
22213481308,134832023
22213720348,134853020
22347463228,134871392
22347702268,134887468
22347941308,134776534
22348180348,134804467
22348419388,134828908
22348658428,134850294
22482281788,134869007
22482520828,134885381
22482759868,134899708
22482998908,134787244
22483237948,134813838
22483476988,134837108
22617100348,134857469
22617339388,134875285
22617578428,134890874
22617817468,134904514
22618056508,134916449
22618295548,134926892
22751918908,134811030
22752157948,134834651
22752396988,134855319
22752636028,134873404
22752875068,134764228
22753114108,134793699
22886856988,134819486
22887096028,134842050
22887335068,134861793
22887574108,134879068
22887813148,134894184
22888052188,134907411
23021914588,134918984
23022153628,134929111
23022392668,134937972
23022631708,134945725
23022870748,134952509
23023109788,134958445
23156972188,134963639
23157211228,134968184
23157450268,134972161
23157689308,134975640
23157928348,134978685
23158167388,134981349
23292029788,135108680
23292268828,135095095
23292507868,135083208
23292746908,135072807
23292985948,135063706
23293224988,135055742
23427206908,135048774
23427445948,135042677
23427684988,135037342
23427924028,135032674
23428163068,135153589
23428402108,135134390
23562264508,135117591
23562503548,135102892
23562742588,135090030
23562981628,135078776
23563220668,135068929
23563459708,135060312
23697322108,135052773
23697561148,135046176
23697800188,135040404
23698039228,135160353
23698278268,135140308
23698517308,135122769
23832379708,135107422
23832618748,135093994
23832857788,135082244
23833096828,135071963
23833335868,135062967
23833574908,135055096
23967556828,135048209
23967795868,135042182
23968034908,135161909
23968273948,135141670
23968512988,135123961
23968752028,135108465
24102853468,135094906
24103092508,135208042
24103331548,135182036
24103570588,135159281
24103809628,135139370
24104048668,135246948
24238150108,135341079
24238389148,135298444
24238628188,135261138
24238867228,135228495
24239106268,135324933
24239345308,135284316
24373446748,135248776
24373685788,135217679
24373924828,135190469
24374163868,135291660
24374402908,135255202
24374641948,135223301
24508862908,135195388
24509101948,135295964
24509340988,135383968
24509580028,135335972
24509819068,135293975
24510058108,135382228
24644159548,135459449
24644398588,135402017
24644637628,135351764
24644876668,135307793
24645115708,135394318
24645354748,135345028
24779456188,135301899
24779695228,135264161
24779934268,135231140
24780173308,135327247
24780412348,135286341
24780651388,135250548
24914752828,135219229
24914991868,135191825
24915230908,135292846
24915469948,135256240
24915708988,135224210
24915948028,135196183
25050168988,135296660
25050408028,135384577
25050647068,135336504
25050886108,135294441
25051125148,135382635
25051364188,135459805
25185709308,135402329
25185948348,135352037
25186187388,135433032
25186426428,135503903
25186665468,135440915
25186904508,135385800
25322444508,135587575
25322683548,135764128
25322922588,135793612
25323161628,135944410
25323400668,136076358
25323639708,136191813
25460251068,136417836
25460490108,136615606
25460729148,136788655
25460968188,136815073
25461207228,136963188
25461446268,137092789
25600089468,137456190
25600328508,137774166
25600567548,138052395
25600806588,138295845
25601045628,138508864
25601284668,138695256
25744111068,139358349
25744350108,139938555
25744589148,140446235
25744828188,140890455
25745067228,141279148
25745306268,141619254
25896857628,142916847
25897096668,144177241
25897335708,145280085
25897574748,146245074
25897813788,146964439
25898052828,147718884
26066934588,150504023
26067173628,152941020
26067412668,155073392
26067651708,156939218
26067890748,158571815
26068129788,160000338
26269760028,165375295
26269999068,169953383
26270238108,174084210
26270477148,177698683
26270716188,180861347
26270955228,183503678
26470673148,185690718
26470912188,187604378
26471151228,189278830
26471390268,190743976
26471629308,192025979
26668000668,217772731
26668239708,215301139
26668478748,213138496
26668717788,211121184
26668956828,209356036
26860308348,207186531
26860547388,205288214
26860786428,203627187
26861025468,202298788
27061144988,226136439
27061699548,222994384
27061938588,220245086
27062177628,217964450
27261058908,240718893
27261536988,235629031
27261776028,231175402
27262015068,227278476
27446792988,221993666
27447032028,217494457
27447271068,213557649
27630614748,232862942
27630853788,226755074
27631092828,221410689
27814197468,239609352
27814436508,232658183
27814675548,226575910
27998975388,244128921
27999214428,236737805
27999453468,230270579
28184709468,247736756
28184948508,240019661
28185187548,233267203
28371041148,250608802
28371280188,242657701
28371519228,235700488
28558568028,252862927
28558807068,244630061
28559046108,237551303
28746572988,254732390
28746812028,246390841
28747051068,239216985
28934697468,256189861
28934936508,247666128
28935175548,240332862
29124495228,257416254
29124734268,248989222
29124973308,241615569
29315129628,258913622
29315368668,250424419
29315607708,242996366
29506959228,236496820
29507198268,230934717
29507437308,226067877
29698788828,221809392
29699027868,218083218
29699266908,214822815
29891933148,212094963
29892172188,209708092
29892411228,207619580
30086153148,206042132
30086392188,204536865
30086631228,203219756
30280253628,202067286
30280492668,201058875
30280731708,200176515
30474234588,199404450
30474473628,198728893
30474712668,198137781
30669291228,221995558
30669530268,218621113
30669769308,215668473
30864467388,237459913
30864706428,232152423
30864945468,227508370
31059643548,247819823
31059882588,241217345
31060121628,235565176
31254341628,254869529
31254580668,247385837
31254819708,240837607
31449876348,259357906
31450115388,251438167
31450354428,244508396
31646367228,262944846
31646606268,254576740
31646845308,247254647
31842499548,240847816
31842738588,235241839
31842977628,230336609
32039229468,226169532
32039468508,222523340
32039707548,219332922
32237274108,216666306
32237513148,214333017
32237752188,212291389
32434721148,210379965
32434960188,208707469
32435199228,207369035
32631690108,206072905
32631929148,204938791
32632168188,203946442
32829017628,227703136
32829256668,223990244
32829495708,220741463
33026225628,242398780
33026464668,236723932
33026703708,231758440
33222477468,251913635
33222716508,244924430
33222955548,238808876
33419446428,258082766
33419685468,250447420
33419924508,243766492
33617252028,262670680
33617491068,254586845
33617730108,247513489
33814460028,265949302
33814699068,257330639
33814938108,249789309
34011548508,243190645
34011787548,237416814
34012026588,232489712
34209354108,228178498
34209593148,224406185
34209832188,220980411
34407996348,218107859
34408235388,215719376
34408474428,213629454
34605323868,211675772
34605562908,209841300
34605801948,208236137
34802890428,206831619
34803129468,205727666
34803368508,204761707
35000337468,203916493
35000576508,203176931
35000815548,202404814
35197186908,226354212
35197425948,222684935
35197664988,219474318
35394753468,241290028
35394992508,235753774
35395231548,231034552
35592439548,251530233
35592678588,244838953
35592917628,238984083
35790842748,258486072
35791081788,251050313
35791320828,244544023
35988767868,263476020
35989006908,255416517
35989245948,248239452
36186932028,241959520
36187171068,236464580
36187410108,231656507
36386291388,227699443
36386530428,224112012
36386769468,220973010
36584575068,218101383
36584814108,215588710
36585053148,213515121
36783336828,211700730
36783575868,210113138
36783814908,208598995
36982337628,207399120
36982576668,206349230
36982815708,205430576
37181577468,204626754
37181816508,203923409
37182055548,203432982
37379980668,227628859
37380219708,224050251
37380458748,220918969
37579459548,242929097
37579698588,237562959
37579937628,232742589
37780057148,253649765
37780253148,247068544
37780492188,241309976
37780731228,236271229
37980688188,231737325
37980927228,227770159
37981166268,224423889
38181285788,246495902
38182557468,240933914
38182796508,236067174
38183035548,231808777
38385263388,228332679
38385502428,225166094
38385741468,222395332
38564782428,242220915
38565021468,234443300
38565260508,227637887
38695178748,237933151
38695417788,224566507
38695656828,212745693
38826531228,218777481
38826770268,207805295
38827009308,198329633
38958122748,206413428
38958361788,197111749
38958600828,188972780
39090789948,198226182
39091028988,190072909
39091268028,182938795
39224413308,193321445
39224652348,185906264
39224891388,179292981
39359351388,190381358
39359590428,183458688
39359829468,177401352
39495843228,189101183
39496082268,182588535
39496321308,176889968
39633769308,189028722
39634008348,182775131
39634247388,177178239
39773010108,189655959
39773249148,183448964
39773488188,177892843
39913207068,190531237
39913446108,184214832
39913685148,178687978
40054479708,191476980
40054718748,185167357
40054957788,179646437
40196947548,192565632
40197186588,186369928
40197425628,180948687
40340132508,194080101
40340371548,187820088
40340610588,182217577
40484273628,195315379
40484512668,188900956
40484751708,183288336
40628892828,196377294
40629131868,189955132
40629370908,184335740
40774468188,197543772
40774707228,191100800
40774946268,185338200
40920999708,198545925
40921238748,192102684
40921477788,186464848
41068248348,199906742
41068487388,193418399
41068726428,187616099
41216333628,201039086
41216572668,194409200
41216811708,188608050
41365016508,202157043
41365255548,195512412
41365494588,189698360
41514416508,203236065
41514655548,196456556
41514894588,190524486
41664414108,204083925
41664653148,197323434
41664892188,191408004
41815009308,205107003
41815248348,198343627
41815487388,192425673
41966321628,206122463
41966560668,199232155
41966799708,193203135
42117872988,206802743
42118112028,199952400
42118351068,193958350
42270021948,207713556
42270260988,200874361
42270500028,194765065
42422768508,208419431
42423007548,201492002
42423246588,195430501
42575873628,209126688
42576112668,202235852
42576351708,196081370
42729695868,209821198
42729934908,202843548
42730173948,196738104
42883637628,210520841
42883876668,203455735
42884115708,197398768
43038057468,211223922
43038296508,204195931
43038535548,198046439
43192835868,211790634
43193074908,204691804
43193313948,198480328
43347972828,212295287
43348211868,205258376
43348450908,198976079
43503587868,212854069
43503826908,205747310
43504065948,199528896
43659202908,213462784
43659441948,206279936
43659680988,199994944
43815056988,213870576
43815296028,206636754
43815535068,200307159
43971389148,214268764
43971628188,206985168
43971867228,200612022
44128079868,214660519
44128318908,207452954
44128557948,201146334
44284770588,215128042
44285009628,207862036
44285248668,201504281
44441461308,215441245
44441700348,208136089
44441939388,201619077
44598510588,215541692
44598749628,208223980
44598988668,201820982
44755679388,215843359
44755918428,208487939
44756157468,202176946
44913206748,216279827
44913445788,208994848
44913684828,202620492
45070614588,216542930
45070853628,209100063
45071092668,202712555
45228141948,216748485
45228380988,209404924
45228620028,202979308
45385788828,216856894
45386027868,209499782
45386266908,203062309
45543674748,217054520
45543913788,209672705
45544152828,203213616
45701560668,217186914
45701799708,209788549
45702038748,203439980
45859327068,217384982
45859566108,209961859
45859805148,203466626
46017212988,217408297
46017452028,209982259
46017691068,203484476
46175218428,217548916
46175457468,210105301
46175696508,203592138
46333223868,217643120
46333462908,210187730
46333701948,203664263
46491348828,217706230
46491587868,210242951
46491826908,203712582
46649354268,217748509
46649593308,210279945
46649832348,203744951
46807479228,217776832
46807718268,210304728
46807957308,203766637
46965723708,217795807
46965962748,210321331
46966201788,203906164
47124087708,218042893
47124326748,210662531
47124565788,204204714
47282332188,218179124
47282571228,210656733
47282810268,204074641
47440576668,218065310
47440815708,210557146
47441054748,204112502
47598940668,218098439
47599179708,210711134
47599418748,204247242
47757424188,218216336
47757663228,210814294
47757902268,204212507
47916027228,218310943
47916266268,210897075
47916505308,204409940
48074510748,218483697
48074749788,210923234
48074988828,204307829
48233113788,218394350
48233352828,210970056
48233591868,204473799
48391955868,218539574
48392194908,211097127
48392433948,204584986
48551036988,218761862
48551276028,211416629
48551515068,204864550
48710237628,219006481
48710476668,211505670
48710715708,204942461
48869438268,219074653
48869677308,211565321
48869916348,204994655
49028877948,219120323
49029116988,211730282
49029356028,205263996
49188437148,219480996
49188676188,212045871
49188915228,205415137
49348235388,219613244
49348474428,212161588
49348713468,205641389
49508272668,219936215
49508511708,212444188
49508750748,205888664
49668309948,220152581
49668548988,212633508
49668788028,206054319
49828825308,220297529
49829064348,212885337
49829303388,206399669
49989699228,220724710
49989938268,213259121
49990177308,206726730
50150931708,221010888
50151170748,213634527
50151409788,207180211
50312403228,221532684
50312642268,214091098
50312881308,207454710
50473994268,221772871
50474233308,214301262
50474472348,207763604
50636063388,222293153
50636302428,214881508
50636541468,208271319
50798730108,222737404
50798969148,215145228
50799208188,208627074
50961755388,223173689
50961994428,215651977
50962233468,209195479
51125258748,223796044
51125497788,216321538
51125736828,209781345
51289359708,224433676
51289598748,216879466
51289837788,210269532
51453938748,224985840
51454177788,217487610
51454416828,210926658
51618876348,225685825
51619115388,218225096
51619354428,211571959
51784411548,226375464
51784650588,218828531
51784889628,212099964
51950305308,226962468
51950544348,219342159
51950783388,212674389
52116916188,227590090
52117155228,220016328
52117394268,213389287
52284483228,228465626
52284722268,220907422
52284961308,214168994
52452886908,229272869
52453125948,221738760
52453364988,215146415
52621888188,230378113
52622127228,222830848
52622366268,216101992
52791845628,231339243
52792084668,223796837
52792323708,217072232
52962639708,232438203
52962878748,224758427
52963117788,218038623
53134509468,233533795
53134748508,225842070
53134987548,219111811
53307454908,234722834
53307693948,227007479
53307932988,220256544
53481356508,236099476
53481595548,228337041
53481834588,221544910
53656333788,237476796
53656572828,229667196
53656811868,222833796
53832745308,238854571
53832984348,230997749
53833223388,224248030
54010471548,240467026
54010710588,232658647
54010949628,225826316
54189392988,242098026
54189632028,234210772
54189871068,227309425
54369629148,243770746
54369868188,235799402
54370107228,228949476
54551658108,245580791
54551897148,237633192
54552136188,230804043
54735121308,247578537
54735360348,239631219
54735599388,232677316
54920377308,249592651
54920616348,241518569
54920855388,234453747
55107187068,251647028
55107426108,243566149
55107665148,236495380
55295670108,253808457
55295909148,245582399
55296148188,238509599
55486184988,256070899
55486424028,247937036
55486663068,240819906
55678253628,258467417
55678492668,250158989
55678731708,242889115
55871636988,260652975
55871876028,252196353
55872115068,244921808
56068725468,238931582
56068964508,233690134
56069203548,229103867
56268323868,225465883
56268562908,222282647
56268801948,219372316
56471029788,217325776
56471268828,215535054
56471507868,213968172
56673855228,212472150
56674094268,211288131
56674333308,210252114
56838673308,204595599
56838912348,199521149
56839151388,195206005
56999547228,190930254
56999786268,187188972
57000025308,184040350
57166038588,201910306
57166277628,197546517
57166516668,193728202
57333725148,211137176
57333964188,205620029
57334203228,200917525
57502367868,217802834
57502606908,211702479
57502845948,206364669
57673042428,222944085
57673281468,216451074
57673520508,210769689
57845509788,227298477
57845748828,220386167
57845987868,214337896
58019889468,230795659
58020128508,223821201
58020367548,217718550
58196779068,234378731
58197018108,227331389
58197257148,221039965
58376537148,237909969
58376776188,230671222
58377015228,224337319
58558566108,241420154
58558805148,233992634
58559044188,227618554
58742268348,244791234
58742507388,237192329
58742746428,230543287
58928600028,247850376
58928839068,240119079
58929078108,233479194
59115768348,250919294
59116007388,243054382
59116246428,236172584
59303653788,253401011
59303892828,245225884
59304131868,238072648
59493332028,255438567
59493571068,247258746
59493810108,240101402
59683846908,257463726
59684085948,249155760
59684324988,241886290
59875437468,259400503
59875676508,250975440
59875915548,243478510
60068581788,237168696
60068820828,231647609
60069059868,226941657
60262562748,222823949
60262801788,219220955
60263040828,216068335
60458336508,213559793
60458575548,211364818
60458814588,209319215
60655066428,207779313
60655305468,206431898
60655544508,205252910
60853230588,204346296
60853469628,203553009
60853708668,202858882
61052470428,202376521
61052709468,201954455
61052948508,201585148
61253024988,226387004
61253264028,223213628
61253503068,220436924
61453460028,243007308
61453699068,237631394
61453938108,232927469
61654057628,253936535
61654373148,247319468
61654612188,241529534
61654851228,236463342
61855764348,232030424
61856003388,228276621
61856361948,224992043
62056481468,247118037
62058111708,241603282
62058350748,236652871
62058589788,232321262
62260817628,228781104
62261056668,225558466
62261295708,222738657
62461415228,245271324
62463404028,239987408
62463643068,235238982
62464001628,231209109
62636110428,224182970
62636349468,217785098
62636588508,212186960
62778817308,224913590
62779056348,214674391
62779295388,205715092
62916504348,215000705
62916743388,205375616
62916982428,196828664
63055625628,206725081
63055864668,198259445
63056103708,190977014
63195583548,201979887
63195822588,194232401
63196061628,187578350
63337095228,199256056
63337334268,192099049
63337573308,185836667
63478965468,197857083
63479204508,190874947
63479443548,184765578
63622030908,197294880
63622269948,190633020
63622508988,184678892
63766769628,197469030
63767008668,190910401
63767247708,185171600
63912584028,198275150
63912823068,191740756
63913062108,186023161
64059235068,199270265
64059474108,192736481
64059713148,187019420
64207081308,200391992
64207320348,193842993
64207559388,188112618
64355764188,201598540
64356003228,195023722
64356242268,189270756
64505044668,202861911
64505283708,196254172
64505522748,190347400
64654922748,203803975
64655161788,197078478
64655400828,191193668
64805517948,204794459
64805756988,198070151
64805996028,192061382
64956710748,205678709
64956949788,198843870
64957188828,192988386
65108620668,206739837
65108859708,199897357
65109098748,194035187
65261128188,207780788
65261367228,200933189
65261606268,194941540
65414113788,208698847
65414352828,201736491
65414591868,195644429
65567816508,209438875
65568055548,202509015
65568294588,196445388
65721877788,210264714
65722116828,203356624
65722355868,197187046
65876656188,211038665
65876895228,204033831
65877134268,197904602
66031793148,211791526
66032032188,204817585
66032271228,198715386
66187408188,212625962
66187647228,205547716
66187886268,199229251
66343381788,213200594
66343620828,206050519
66343859868,199794204
66499833468,213819928
66500072508,206717437
66500311548,200502757
66656524188,214564912
66656763228,207369298
66657002268,201073135
66813453948,215063993
66813692988,207805993
66813932028,201455243
66970861788,215398337
66971100828,208223544
66971339868,201945601
67128747708,216077400
67128986748,208817725
67129225788,202465509
67286633628,216532320
67286872668,209215780
67287111708,202938807
67444758588,216946456
67444997628,209578149
67445236668,203255880
67603122588,217348895
67603361628,210055283
67603600668,203673372
67761964668,217714200
67762203708,210374925
67762442748,203953059
67920806748,218083926
67921045788,210823435
67921284828,204345505
68079768348,218427316
68080007388,211123901
68080246428,204608413
68239088508,218782361
68239327548,211434565
68239566588,204880244
68398408668,219020213
68398647708,211517686
68398886748,204952975
68557728828,219083853
68557967868,211573371
68558206908,205126699
68717288028,219360861
68717527068,211940753
68717766108,205448158
68877086268,219642138
68877325308,212186870
68877564348,205663511
69036764988,219830572
69037004028,212351750
69037243068,205807781
69196563228,219956808
69196802268,212462207
69197041308,205904431
69356241948,220041377
69356480988,212536204
69356720028,205969178
69516040188,220098030
69516279228,212585776
69516518268,206012554
69675957948,220135984
69676196988,212618986
69676436028,206041612
69835995228,220161410
69836234268,212766233
69836473308,206170453
69995912988,220274146
69996152028,212864877
69996391068,206256767
70155830748,220349671
70156069788,212930962
70156308828,206314591
70315868028,220400267
70316107068,212975233
70316346108,206353328
70476024828,220559162
70476263868,213114266
70476502908,206474982
70636301148,220665609
70636540188,213082407
70636779228,206447106
70796457948,220641217
70796696988,213061064
70796936028,206428431
70956734268,220624877
70956973308,213046767
70957212348,206540921
71117130108,220848305
71117369148,213367266
71117608188,206821357
71277525948,220968687
71277764988,213347601
71278004028,206804150
71438041308,221078631
71438280348,213568802
71438519388,206997701
71598556668,221122988
71598795708,213482614
71599034748,206922287
71759311068,221182001
71759550108,213659250
71759789148,207076843
71920304508,221317237
71920543548,213777582
71920782588,207180384
72081297948,221532836
72081536988,213966231
72081776028,207345452
72242291388,221677270
72242530428,214092611
72242769468,207456034
72403523868,221774029
72403762908,214177275
72404001948,207655115
72564875868,221948225
72565114908,214454696
72565353948,207897859
72726586428,222160626
72726825468,214640547
72727064508,208060478
72888536028,222427918
72888775068,214874428
72889014108,208390124
73050485628,222716358
73050724668,215126813
73050963708,208485961
73212913308,222800215
73213152348,215325188
73213391388,208784539
73375699548,223311471
73375938588,215772537
73376177628,209175969
73538724828,223653972
73538963868,216072225
73539202908,209563196
73702228188,224117796
73702467228,216603071
73702706268,210027687
73865731548,224524226
73865970588,216833697
73866209628,210229484
74029712988,224825798
74029952028,217222573
74030191068,210694751
74194292028,225357907
74194531068,217813168
74194770108,211211522
74359229628,225935081
74359468668,218318195
74359707708,211653420
74524645308,226446742
74524884348,218765899
74525123388,212170161
74690539068,227023890
74690778108,219395903
74691017148,212846415
74856910908,227615613
74857149948,220038661
74857388988,213408828
75023641308,228232724
75023880348,220578633
75024119388,213881303
75191088828,228896140
75191327868,221284122
75191566908,214623606
75359014428,229670655
75359253468,221961823
75359492508,215216595
75527657148,230314520
75527896188,222525205
75528135228,215834554
75697016988,231105234
75697256028,223467079
75697495068,216783694
75867332988,232060732
75867572028,224303140
75867811068,217515247
76038366108,232950841
76038605148,225206985
76038844188,218431111
76210116348,234002222
76210355388,226251944
76210594428,219470451
76382942268,235036644
76383181308,227282063
76383420348,220496805
76556724348,236184704
76556963388,228411616
76557202428,221610164
76731582108,237408893
76731821148,229607781
76732060188,222906808
76907396028,238793457
76907635068,230944274
76907874108,224076239
77084644188,240066709
77084883228,232183370
77085122268,225410448
77263207068,241734142
77263446108,233892374
77263685148,227030827
77443084668,243401973
77443323708,235476726
77443562748,228542135
77624157468,245099368
77624396508,237086947
77624635548,230076078
77806664508,246691568
77806903548,238605122
77807142588,231654481
77990844828,248447670
77991083868,240516711
77991322908,233577122
78176698428,250504981
78176937468,242441858
78177176508,235386625
78364225308,252588296
78364464348,244514759
78364703388,237450414
78552947388,254644112
78553186428,246438598
78553425468,239258773
78743581788,256726426
78743820828,248510622
78744059868,241321794
78935052828,258906569
78935291868,250543247
78935530908,243225341
79129989948,260947173
79130228988,252703776
79130468028,245490804
79327078428,239554453
79327317468,234235146
79327556508,229580752
79527035388,225883158
79527274428,222647763
79527513468,219816792
79729860828,217589693
79730099868,215765981
79730338908,214170233
79908065148,209773953
79908304188,205802208
79908543228,202326932
80053520988,195161065
80053760028,188890931
80053999068,183404564
80197542588,196603993
80197781628,190028493
80198020668,184399931
80343476508,197599939
80343715548,191149946
80343954588,185506202
80490964188,198817926
80491203228,192465685
80491442268,186907474
80640483708,200669039
80640722748,194335409
80640961788,188668482
80791796028,202584921
80792035068,196261805
80792274108,190729079
80945259708,205012944
80945498748,198636326
80945737788,192931785
81100396668,207315311
81100635708,200775897
81100874748,195053909
81257445948,209672170
81257684988,203088148
81257924028,197327129
81416288028,212161237
81416527068,205516082
81416766108,199701571
81576803388,214613874
81577042428,207912139
81577281468,202048121
81738992028,217042105
81739231068,210286841
81739470108,204250985
81902734428,219344611
81902973468,212426534
81903212508,206373217
82068030588,221701564
82068269628,214738868
82068508668,208646509
82234760988,223940695
82235000028,216823108
82235239068,210595219
82403045148,226145816
82403284188,219002589
82403523228,212627265
82572763548,228173856
82573002588,220902124
82573241628,214539358
82743796668,230221938
82744035708,222944195
82744274748,216451170
82916024988,232269773
82916264028,224861051
82916503068,218253419
83089687548,234096741
83089926588,226459648
83090165628,219902192
83264664828,235914418
83264903868,228300115
83265142908,221762600
83440837308,237792275
83441076348,230193240
83441315388,223544085
83617846428,239601074
83618085468,231900939
83618324508,225038321
83796170268,241283530
83796409308,233498088
83796648348,226560827
83975450268,242865723
83975689308,234882507
83975928348,227897193
84155805948,244285043
84156044988,236374412
84156284028,229452610
84336878748,245896033
84337117788,237909028
84337356828,230795399
84519027228,247320974
84519266268,239280852
84519505308,232120745
84701892828,248605651
84702131868,240404944
84702370908,233229326
84885595068,249825660
84885834108,241597452
84886073148,234397770
85069894908,250973048
85070133948,242726417
85070372988,235510614
85255031388,252196787
85255270428,243922188
85255509468,236556914
85440048348,253237299
85440287388,244707636
85440526428,237244181
85626260508,253963658
85626499548,245468200
85626738588,238034675
85812592188,254780340
85812831228,246182797
85813070268,238784947
85999282428,255561828
85999521468,246991599
85999760508,239492649
86186928828,256181067
86187167868,247658433
86187406908,240201128
86375650908,257175987
86375889948,248653988
86376128988,241197239
86565209628,258297584
86565448668,249760386
86565687708,242290337
86754170748,259254044
86754409788,250472288
86754648828,242788252
86943968508,236064720
86944207548,230306630
86944446588,225268301
87134483388,220984763
87134722428,217111667
87134961468,213722708
87324878748,210757369
87325117788,208287697
87325356828,206126734
87514556988,204110892
87514796028,202222030
87515035068,200694276
87705191388,199482491
87705430428,198422179
87705669468,197369406
87896064828,196573230
87896303868,195876576
87896542908,195267004
88086938268,218483628
88087177308,215048174
88087416348,212042152
88277333628,233161883
88277572668,227891647
88277811708,223155191
88467848508,242760792
88468087548,236290693
88468326588,230629356
88660036668,249675686
88660275708,242591225
88660514748,236267321
88851866268,254608905
88852105308,246782791
88852344348,239934942
89043576348,257818074
89043815388,249590814
89044054428,242391962
89235405948,259967966
89235644988,251471970
89235884028,244037973
89427355068,237533226
89427594108,231841572
89427833148,226861375
89619065148,222503703
89619304188,218690740
89619543228,215354397
89810536188,212310097
89810775228,209646334
89811014268,207440542
90001887708,205385474
90002126748,203712289
90002365788,202123252
90193478268,200857845
90193717308,199625614
90193956348,198547412
90385427388,197728985
90385666428,197012861
90385905468,196386253
90577256988,219837971
90577496028,216358224
90577735068,213313446
90769445148,234649265
90769684188,229318106
90769923228,224653342
90961274748,244571674
90961513788,238000214
90961752828,232250187
91153821468,251218913
91154060508,243941548
91154299548,237573854
91346607228,256002122
91346846268,248126856
91347085308,241235999
91539512508,259206499
91539751548,250930686
91539990588,243689350
91732059228,261353181
91732298268,252809033
91732537308,245332903
91924486428,238666290
91924725468,232833003
91924964508,227728877
92117152668,223387767
92117391708,219589296
92117630748,216265634
92310057948,213357429
92310296988,210812750
92310536028,208586156
92502724188,206512886
92502963228,204698775
92503202268,203236428
92696107548,202081874
92696346588,201071639
92696585628,200062684
92890208028,223429848
92890447068,219751117
92890686108,216532227
93084547548,237965698
93084786588,232469985
93085025628,227786236
93279245628,247937956
93279484668,241320711
93279723708,235530622
93474302268,254714294
93474541308,247250007
93474780348,240718756
93670195548,259503911
93670434588,251565922
93670673628,244620181
93865491228,262917658
93865730268,254427950
93865969308,246999456
94062101628,240749524
94062340668,235280833
94062579708,230495728
94258353468,226183762
94258592508,222410791
94258831548,219109442
94454963868,216220761
94455202908,213818165
94455441948,211715894
94652291388,210001407
94652530428,208376231
94652769468,206954202
94850455548,205834926
94850694588,204855560
94850933628,203998615
95049934428,203373788
95050173468,202952064
95050412508,202583056
95249652348,227135174
95249891388,223743277
95250130428,220775367
95450249948,243178446
95450684988,237906140
95450924028,233292872
95451163068,229256263
95653271388,225974230
95653510428,223102451
95653868988,220589644
95853988508,243265938
95855618748,238107695
95855857788,233594233
95856096828,229769953
96011114268,220798708
96011353308,212698869
96011592348,205611510
96180115548,220410071
96180354588,213983812
96180593628,208360835
96337403868,223065730
96337642908,214807513
96337881948,207581573
96496006908,221133876
96496245948,213367141
96496484988,206571248
96656880828,220624842
96657119868,213171736
96657358908,206650269
96820384188,221318985
96820623228,214154111
96820862268,207759847
96985919388,222789866
96986158428,215691132
96986397468,209479740
97153605948,224919772
97153844988,217804800
97154084028,211579200
97323443868,227256800
97323682908,220099700
97323921948,213837237
97495194108,229732582
97495433148,222516009
97495672188,216201507
97669454268,232426318
97669693308,225123028
97669932348,218732649
97845029148,235141067
97845268188,227748433
97845507228,221279878
98022396828,237744893
98022635868,230151781
98022874908,223507808
98201318268,240069332
98201557308,232435665
98201796348,225756206
98382032508,242536680
98382271548,234844595
98382510588,228114020
98564420028,244974767
98564659068,237102921
98564898108,230215055
98748002748,247188173
98748241788,239289651
98748480828,232378444
98933139228,249456138
98933378268,241399120
98933617308,234349230
99119709948,251430576
99119948988,243251754
99120188028,236220284
99307595388,253442748
99307834428,245262404
99308073468,238229603
99496436988,255450902
99496676028,247144539
99496915068,239876471
99685995708,257016912
99686234748,248639798
99686473788,241309823
99876391068,258646095
99876630108,250190333
99876869148,242666541
