1100120824,100000000
1227971268,103375000
1228688388,106453125
1229290308,109271484
1230007428,111862548
1230609348,114129729
1338989744,129613512
1339945904,127411823
1340184944,125485345
1341021584,123799676
1341977744,122324716
1342216784,121034126
1343053424,120029860
1458836860,133526127
1459075900,131960361
1460032060,130590315
1460271100,129391525
1460510140,128217584
1461824860,127190386
1463139580,126541587
1463378620,125973888
1463617660,125352152
1464573820,124933133
1464812860,124441491
1560158376,121511304
1560397416,118822391
1560636456,116469592
1561951176,114535893
1563385416,112968906
1563624456,111347792
1563863496,109929318
1564700136,108813153
1564939176,107711508
1660523732,118747569
1660762772,116404122
1661001812,114478606
1662077492,112918780
1663750772,111553932
1663989812,110109690
1664228852,108970978
1664826452,107974605
1665065492,107102779
1665304532,106339931
1762681888,105797439
1762920928,105322759
1763159968,104907414
1764235648,104543987
1765669888,104225988
1765908928,103947739
1766147968,103704271
1766626048,103491237
1766865088,103179832
1767104128,103032353
1866035244,115278308
1866274284,113868519
1866513324,112634954
1867828044,111555584
1869262284,110736136
1869501324,109894119
1869740364,109157354
1870218444,108512684
1870457484,107948598
1870696524,107455023
1870935564,106898145
1968551960,106285876
1968791000,105750141
1969030040,105406373
1970344760,105105576
1971779000,104717379
1972018040,104502706
1972257080,104314867
1972735160,104025508
1972974200,103772319
1973213240,103675779
1973452280,103591306
2072024836,115892392
2072263876,114405843
2072502916,113105112
2074056676,112091973
2075490916,111205476
2075729956,110304791
2075968996,109391692
2076208036,108717730
2076686116,108128013
2076925156,107612011
2077164196,107160509
2077403236,106765445
2174302512,106169764
2174541552,105648543
2174780592,105192475
2176334352,104793415
2177768592,104444238
2178007632,104263708
2178246672,104105744
2178485712,103967526
2178963792,103721585
2179202832,103631386
2179441872,103552462
2179680912,103358404
2277775388,115438603
2278014428,114008777
2278253468,112757679
2280046268,111912969
2281480508,111048847
2281719548,110167741
2281958588,109271773
2282197628,108612801
2282436668,108036200
2282914748,107531675
2283153788,107090215
2283392828,106703938
2283631868,106365945
2381518748,106070201
2381757788,105686425
2381996828,105350621
2383670108,105056793
2385104348,104924693
2385343388,104809106
2385582428,104707967
2385821468,104619471
2386060508,104542037
2386538588,104474282
2386777628,104414996
2387016668,104363121
2387255708,104317730
2490401468,117153013
2490640508,116133886
2490879548,115242150
2492552828,114711881
2493987068,114122895
2494226108,113482533
2494465148,112922216
2494704188,112431939
2494943228,112002946
2495182268,111627577
2495660348,111299129
2495899388,111011737
2496138428,110760269
2496377468,110540235
2599881788,110347705
2600120828,110304241
2600359868,110266210
2602033148,110232933
2603467388,110203816
2603706428,110178339
2603945468,110031046
2604184508,110027165
2604423548,110023769
2604662588,110020797
2605140668,110018197
2605379708,110015922
2605618748,110013931
2605857788,109887189
2709959708,122776290
2710198748,121304253
2710437788,119891221
2712111068,118904818
2713545308,117916715
2713784348,116927125
2714023388,116186234
2714262428,115537954
2714501468,114845709
2714740508,114239995
2715218588,113834995
2715457628,113355620
2715696668,112936167
2715935708,112569146
2819200988,125248002
2819440028,123342001
2819679068,121549250
2821352348,120230593
2822786588,118951768
2823025628,117832797
2823264668,116853697
2823503708,115871984
2823742748,115012986
2823981788,114261362
2824459868,113728691
2824698908,113137604
2824937948,112620403
2825176988,112292852
2928442268,124881245
2928681308,122896089
2928920348,121159077
2930593628,119889192
2932027868,118778043
2932266908,117680787
2932505948,116595688
2932744988,115646227
2932984028,114815448
2933223068,114213517
2933701148,113686827
2933940188,113100973
2934179228,112713351
2934418268,112374182
3037683548,124827409
3037922588,122848982
3038161628,121242859
3039834908,119962501
3041269148,118842188
3041508188,117611914
3041747228,116535424
3041986268,115593496
3042225308,114894309
3042464348,114282520
3042942428,113622205
3043181468,113169429
3043420508,112773250
3043659548,112301593
3146924828,124763893
3147163868,122918406
3147402908,121303605
3149076188,120015654
3150510428,118888697
3150749468,117652609
3150988508,116571032
3151227548,115749653
3151466588,115030946
3151705628,114277077
3152183708,113742442
3152422748,113274636
3152661788,112740306
3152900828,112272767
3256166108,124863671
3256405148,123005712
3256644188,121254998
3258317468,119973123
3259751708,118726482
3259990748,117510671
3260229788,116571837
3260468828,115750357
3260707868,114906562
3260946908,114168241
3261424988,113647210
3261664028,113066308
3261903068,112558019
3262142108,112238266
3365407388,124833482
3365646428,122854296
3365885468,121122509
3367558748,119857195
3368992988,118625045
3369232028,117546914
3369471068,116603549
3369710108,115653105
3369949148,114821466
3370188188,114218782
3370666268,113691434
3370905308,113105004
3371144348,112716878
3371383388,112377268
3474648668,124830109
3474887708,122851345
3475126748,121244926
3476800028,119964310
3478234268,118843771
3478473308,117738299
3478712348,116646011
3478951388,115690259
3479190428,114978976
3479429468,114356604
3479907548,113687028
3480146588,113226149
3480385628,112822880
3480624668,112345020
3583889948,124801892
3584128988,122951655
3584368028,121332698
3586041308,120041110
3587475548,118910971
3587714588,117672099
3587953628,116588086
3588192668,115764575
3588431708,115044003
3588670748,114288502
3589148828,113752439
3589387868,113283384
3589626908,112747961
3589865948,112279465
3693131228,124869531
3693370268,123010839
3693609308,121259484
3695282588,119977048
3696716828,118729917
3696955868,117513677
3697194908,116574467
3697433948,115752658
3697672988,114908575
3697912028,114170003
3698390108,113648752
3698629148,113067658
3698868188,112559200
3699107228,112239300
3802372508,124834387
3802611548,122855088
3802850588,121123202
3804523868,119857801
3805958108,118625575
3806197148,117547378
3806436188,116603955
3806675228,115653460
3806914268,114821777
3807153308,114219054
3807631388,113691672
3807870428,113105213
3808109468,112717061
3808348508,112377428
3911613788,124830249
3911852828,122851467
3912091868,121245033
3913765148,119964403
3915199388,118843852
3915438428,117738370
3915677468,116646073
3915916508,115690313
3916155548,114979023
3916394588,114356645
3916872668,113687064
3917111708,113226181
3917350748,112822908
3917589788,112345044
4020855068,124801913
4021094108,122951673
4021333148,121332713
4023006428,120041123
4024440668,118910982
4024679708,117672109
4024918748,116588095
4025157788,115764583
4025396828,115044010
4025635868,114288508
4026113948,113752444
4026352988,113283388
4026592028,112747964
4026831068,112279468
4130096348,124869534
4130335388,123010842
4130574428,121259486
4132247708,119977050
4133681948,118729918
4133920988,117513678
4134160028,116574468
4134399068,115752659
4134638108,114908576
4134877148,114170004
4135355228,113648753
4135594268,113067658
4135833308,112559200
4136072348,112239300
4239337628,124834387
4239576668,122855088
4239815708,121123202
4241488988,119857801
4242923228,118625575
4243162268,117547378
4243401308,116603955
4243640348,115653460
4243879388,114821777
4244118428,114219054
4244596508,113691672
4244835548,113105213
4245074588,112717061
4245313628,112377428
4348578908,124830249
4348817948,122851467
4349056988,121245033
4350730268,119964403
4352164508,118843852
4352403548,117738370
4352642588,116646073
4352881628,115690313
4353120668,114979023
4353359708,114356645
4353837788,113687064
4354076828,113226181
4354315868,112822908
4354554908,112345044
4457820188,124801913
4458059228,122951673
4458298268,121332713
4459971548,119916123
4461405788,118801607
4461644828,117576406
4461883868,116504355
4462122908,115691310
4462361948,114979896
4462600988,114232409
4463079068,113703357
4463318108,113240437
4463557148,112710382
4463796188,112246584
4567061468,124840761
4567300508,122985665
4567539548,121237456
4569212828,119957774
4570647068,118838052
4570886108,117608295
4571125148,116657258
4571364188,115825100
4571603228,114971962
4571842268,114225466
4572320348,113697282
4572559388,113110121
4572798428,112596355
4573037468,112271810
4676302748,124862833
4676541788,122879978
4676780828,121144980
4678454108,119876857
4679888348,118642249
4680127388,117561967
4680366428,116616721
4680605468,115664630
4680844508,114831551
4681083548,114227607
4681561628,113699156
4681800668,113111761
4682039708,112722790
4682278748,112382441
4785544028,124834635
4785783068,122855305
4786022108,121248391
4787695388,119967342
4789129628,118846424
4789368668,117740621
4789607708,116648043
4789846748,115692037
4790085788,114980532
4790324828,114357965
4790802908,113688219
4791041948,113227191
4791280988,112823792
4791520028,112345818
4894785308,124802590
4895024348,122952266
4895263388,121333232
4896936668,119916578
4898370908,118802005
4898609948,117576754
4898848988,116504659
4899088028,115691576
4899327068,114980129
4899566108,114232612
4900044188,113703535
4900283228,113240593
4900522268,112710518
4900761308,112246703
5004026588,124840865
5004265628,122985756
5004504668,121237536
5006177948,119957844
5007612188,118838113
5007851228,117608348
5008090268,116657304
5008329308,115825141
5008568348,114971998
5008807388,114225498
5009285468,113697310
5009524508,113110146
5009763548,112596377
5010002588,112271829
5113272508,124862850
5113511548,122879993
5113750588,121144993
5115423868,119876868
5116858108,118642259
5117097148,117561976
5117336188,116616729
5117575228,115664637
5117814268,114831557
5118053308,114227612
5118531388,113699160
5118770428,113111765
5119009468,112722794
5119248508,112382444
5223713308,124959638
5223952348,123089683
5224191388,121578472
5225864668,120381163
5227298908,119333517
5227537948,118291827
5227776988,117255348
5228016028,116473429
5228255068,115789250
5228494108,115190593
5228972188,114541768
5229211228,114099047
5229450268,113711666
5229689308,113247707
5334627868,125966743
5334866908,124095900
5335105948,122583912
5336779228,121260923
5338213468,120228307
5338452508,119074768
5338691548,118065422
5338930588,117182244
5339169628,116409463
5339408668,115733280
5339886748,115141620
5340125788,114748917
5340364828,114280302
5340603868,113870264
5446379068,126761481
5446618108,124916295
5446857148,123301758
5448530428,122014038
5449964668,120887283
5450203708,119776372
5450442748,118804325
5450681788,117953784
5450920828,117209561
5451159868,116558365
5451637948,115988569
5451876988,115489997
5452116028,115053747
5452355068,114672028
5559564508,127713024
5559803548,125873896
5560042588,124389659
5561715868,123215951
5563150108,122188957
5563389148,121165337
5563628188,120144669
5563867228,119251585
5564106268,118595136
5564345308,118020744
5564823388,117393151
5565062428,116969007
5565301468,116597881
5565540508,116148145
5674542748,129379626
5674781788,127582172
5675020828,126134400
5676694108,124867600
5678128348,123884150
5678367388,122773631
5678606428,121801927
5678845468,120951686
5679084508,120332725
5679323548,119666134
5679801628,119082867
5680040668,118697508
5680279708,118235319
5680518748,117830904
5792389468,131477041
5792628508,129792410
5792867548,128318358
5794540828,127153563
5795975068,126134367
5796214108,125117571
5796453148,124227874
5796692188,123449389
5796931228,122768215
5797170268,122172188
5797648348,121650664
5797887388,121194331
5798126428,120795039
5798365468,120445659
5913702268,134514951
5913941308,132825582
5914180348,131472384
5915853628,130413336
5917287868,129486669
5917526908,128550835
5917765948,127606980
5918004988,126906107
5918244028,126292843
5918483068,125756237
5918961148,125161707
5919200188,124766493
5919439228,124420681
5919678268,123993095
6039915388,138618958
6040154428,137166588
6040393468,135895764
6042066748,134908793
6043500988,133795193
6043740028,132820793
6043979068,131968193
6044218108,131222168
6044457148,130569397
6044696188,129998222
6045054748,129623444
6045293788,129170513
6045532828,128774198
6045771868,128427423
6172821628,128998995
6173060668,129499120
6173299708,129936730
6176168188,130444638
6176407228,130764058
6176646268,131043550
6176885308,131288106
6177124348,131502092
6177363388,131689330
6177721948,131853163
6177960988,131871517
6178200028,132012577
6178439068,132136004
6317082268,149619003
6317321308,149041627
6317560348,148411423
6320309308,147859995
6320548348,147377495
6320787388,146955308
6321026428,146710894
6321265468,146372032
6321504508,146075528
6321743548,145816087
6321982588,145589076
6322221628,145390441
6322460668,145216635
6478912348,147189555
6479151388,149040860
6481900348,150910752
6482139388,152296908
6482378428,153509794
6482617468,154571069
6482856508,155374685
6483095548,156202849
6483334588,156927492
6483573628,157561555
6483812668,158116360
6484051708,158601815
6670024828,182276588
6670263868,183492014
6672773788,184430512
6673012828,185251698
6673251868,185970235
6673490908,186598955
6673729948,187149085
6673968988,187505449
6674208028,187942267
6674447068,188324483
6674686108,188658922
6674925148,188826556
6872850268,190473236
6875360188,192289081
6875599228,193627945
6875838268,194674451
6876077308,195715144
6876316348,196625751
6876555388,197422532
6876794428,198119715
6877033468,198729750
6877272508,199263531
6877511548,199730589
7018186588,217764265
7020457468,208668731
7020696508,200710139
7020935548,193746371
7021174588,187653074
7021413628,182321439
7021652668,177656259
7021891708,173574226
7022130748,170002447
7022369788,166877141
7022608828,164142498
7182287548,164124685
7183004668,163984099
7183721788,163861086
7184438908,163878450
7185156028,163893643
7186112188,164031937
7186829308,164152944
7187307388,164383826
7187546428,164460847
7187785468,164528241
7343280988,164087210
7343998108,163576308
7344715228,163254269
7345432348,162972485
7346149468,162725924
7347105628,162510183
7347822748,162321410
7348300828,162156233
7348539868,162011703
7499135068,180760240
7499852188,177665210
7500569308,175082058
7501286428,172821800
7502003548,170844075
7502959708,168988565
7503676828,167364994
7504154908,166069369
7504393948,164810697
7650447388,163084359
7651164508,161698814
7651881628,160361462
7652598748,159191279
7653315868,158167369
7654272028,157396447
7654989148,156596891
7655467228,155897279
7798532668,173160119
7799249788,170140104
7799966908,167372591
7800684028,165076017
7801401148,163066514
7802357308,161308199
7803074428,159769674
7803552508,158423464
7942434748,156620531
7943151868,155042964
7943868988,153662593
7944586108,152454768
7945303228,151397922
7946259388,150473181
7946976508,149539033
8082870748,165721653
8083587868,162631446
8084304988,159927515
8085022108,157686575
8085739228,155600753
8086695388,153775658
8087412508,152178700
8219123548,150281362
8219840668,148496191
8220557788,146934167
8221274908,145567396
8221992028,144371471
8222948188,143325037
8353344508,158659407
8354061628,155701981
8354778748,153114233
8355495868,150849953
8356212988,148868708
8357169148,147260119
8484218908,161602604
8484936028,157777278
8485653148,154430118
8486370268,151626353
8487087388,149173058
8488043548,147026425
8615212828,160898121
8615929948,157160855
8616647068,154015748
8617364188,151263779
8618081308,148855806
8619037468,146748830
8747043388,160780226
8747760508,157182697
8748477628,154159859
8749194748,151514876
8749911868,149075516
8750868028,146941076
8878754428,160948441
8879471548,157329885
8880188668,154288649
8880905788,151502567
8881622908,149064746
8882579068,147056652
9010106908,161174570
9010824028,157527748
9011541148,154336779
9012258268,151544681
9012975388,149101595
9013931548,146963895
9141817948,160968408
9142535068,157347357
9143252188,154303937
9143969308,151515944
9144686428,149076451
9145642588,147066894
9273409468,161183532
9274126588,157660590
9274843708,154453016
9275560828,151646389
9276277948,149315590
9277234108,147276141
9405359548,161366623
9406076668,157820795
9406793788,154593195
9407510908,151894045
9408228028,149532289
9409184188,147465752
9537309628,161532533
9538026748,157965966
9538743868,154720220
9539460988,152005192
9540178108,149629543
9541134268,147550850
9669259708,161606993
9669976828,157906118
9670693948,154667853
9671411068,151959371
9672128188,149589449
9673084348,147515767
9801209788,161576296
9801926908,157879259
9802644028,154769351
9803361148,152048182
9804078268,149667159
9805034428,147583764
9933159868,161635793
9933876988,157931318
9934594108,154814903
9935311228,152088040
9936028348,149702035
9936984508,147489280
10064990428,161428120
10065707548,157749605
10066424668,154655904
10067141788,151948916
10067858908,149455301
10068815068,147273388
10196940508,161364214
10197657628,157818687
10198374748,154716351
10199091868,152001807
10199808988,149501581
10200765148,147438883
10329010108,161634022
10329727228,158054769
10330444348,154922922
10331161468,152182556
10331878588,149659736
10332834748,147577269
10461199228,161755110
10461916348,158035721
10462633468,154906255
10463350588,152167973
10464067708,149771976
10465023868,147800479
10593388348,161950419
10594105468,158331616
10594822588,155165164
10595539708,152394518
10596256828,149970203
10597212988,147848927
10725577468,161867811
10726294588,158259334
10727011708,155101917
10727728828,152339177
10728445948,149921779
10729402108,147806556
10857886108,161830736
10858603228,158226894
10859320348,155073532
10860037468,152314340
10860754588,149900047
10861710748,147787541
10990075228,161939098
10990792348,158321710
10991509468,155156496
10992226588,152386934
10992943708,149838567
10993899868,147733746
11122264348,161892027
11122981468,158155523
11123698588,155011082
11124415708,152259696
11125132828,149852234
11126088988,147870704
11254453468,162011866
11255170588,158385382
11255887708,155212209
11256604828,152435682
11257321948,150006221
11258278108,147880443
11386762108,161895387
11387479228,158283463
11388196348,155123030
11388913468,152357651
11389630588,149937944
11390586748,147820701
11519190268,161968113
11519907388,158347098
11520624508,155178710
11521341628,152406371
11522058748,150105574
11523014908,148092377
11651618428,162205829
11652335548,158555100
11653052668,155485712
11653769788,152674998
11654486908,150215623
11655443068,148063670
11784046588,162180711
11784763708,158533122
11785480828,155341481
11786197948,152548795
11786915068,150105195
11787871228,147967045
11916594268,162096164
11917311388,158459143
11918028508,155401750
11918745628,152601531
11919462748,150151339
11920418908,148132421
12049022428,162365868
12049739548,158695134
12050456668,155483242
12051173788,152672836
12051890908,150213731
12052847068,148062014
12181450588,162179262
12182167708,158531854
12182884828,155340372
12183601948,152547825
12184319068,150104346
12185275228,148091302
12313878748,162204889
12314595868,158554277
12315312988,155359992
12316030108,152689993
12316747228,150228743
12317703388,148075150
12446426428,162190756
12447143548,158666911
12447860668,155458547
12448577788,152651228
12449294908,150194824
12450251068,148170471
12579093628,162399162
12579810748,158724266
12580527868,155508732
12581244988,152820140
12581962108,150342622
12582918268,148174794
12711760828,162277944
12712477948,158618201
12713195068,155540925
12713912188,152723309
12714629308,150257895
12715585468,148225658
12844428028,162447450
12845145148,158891518
12845862268,155655078
12846579388,152823193
12847296508,150470293
12848252668,148411506
12977214748,162610067
12977931868,158908808
12978648988,155670207
12979366108,152961431
12980083228,150591252
12981039388,148517345
13109881948,162577676
13110599068,158880466
13111316188,155770407
13112033308,153049106
13112750428,150542967
13113706588,148350096
13242549148,162431334
13243266268,158877417
13243983388,155642739
13244700508,152812396
13245417628,150335846
13246373788,148293865
13375216348,162507131
13375933468,158818739
13376650588,155591396
13377367708,152892471
13378084828,150530912
13379040988,148464548
13508003068,162656479
13508720188,158949419
13509437308,155830741
13510154428,153101898
13510871548,150589160
13511827708,148390515
13640909308,162466700
13641626428,158783362
13642343548,155685441
13643060668,152974760
13643777788,150477915
13644733948,148418175
13773815548,162615903
13774532668,159038915
13775249788,155909050
13775966908,153045418
13776684028,150539740
13777640188,148472272
13906721788,162663238
13907438908,159080333
13908156028,155945291
13908873148,153077129
13909590268,150692487
13910546428,148605926
14039747548,162780185
14040464668,159182661
14041181788,156034828
14041898908,153155474
14042616028,150761039
14043572188,148665909
14172653788,162832670
14173370908,159228586
14174088028,156075012
14174805148,153190635
14175522268,150791805
14176478428,148692829
14305560028,162856225
14306277148,159249196
14306994268,155968046
14307711388,153097040
14308428508,150709910
14309384668,148621171
14438466268,162793524
14439183388,159194333
14439900508,155920041
14440617628,153180035
14441334748,150782530
14442290908,148684713
14571492028,162849123
14572209148,159242982
14572926268,155962609
14573643388,153217282
14574360508,150815121
14575316668,148713230
14704637308,162874076
14705354428,159264816
14706071548,156106714
14706788668,153343374
14707505788,150925452
14708461948,148809770
14837782588,162958548
14838499708,159338729
14839216828,156171387
14839933948,153274963
14840651068,150865592
14841607228,148757393
14970927868,162912718
14971644988,159298628
14972362108,156136299
14973079228,153369261
14973796348,150948103
14974752508,148829590
15104192668,163100891
15104909788,159463279
15105626908,156280369
15106344028,153495322
15107061148,151058406
15108017308,149051105
15237218428,147044716
15237935548,145289126
15238652668,143752985
15239369788,142408861
15240086908,141232753
15241043068,140203658
15370363708,139303200
15371080828,138640300
15371797948,137935262
15372515068,137318354
15373232188,136778559
15374188348,136306239
15503508988,135892959
15504226108,135531339
15504943228,135214921
15505660348,134938055
15506377468,134695798
15507333628,134483823
15636773788,134298345
15637490908,134136051
15638208028,134119044
15638925148,133979163
15639642268,133856767
15640598428,133749671
15770158108,133780962
15770875228,133683341
15771592348,133597923
15772309468,133648182
15773026588,133692159
15773982748,133605639
15903542428,133529934
15904259548,133588692
15904976668,133515105
15905693788,133450716
15906410908,133394376
15907367068,133470079
16036687708,133411319
16037404828,133359904
16038121948,133439916
16038839068,133384926
16039556188,133336810
16040512348,133294708
16170191548,133382869
16170908668,133335010
16171625788,133293133
16172342908,133381491
16173060028,133458804
16174016188,133526453
16303575868,133460646
16304292988,133528065
16305010108,133587056
16305727228,133513674
16306444348,133449464
16307400508,133393281
16436960188,133344120
16437677308,133301105
16438394428,133263466
16439111548,133355532
16439828668,133311090
16440784828,133272203
16570224988,133363177
16570942108,133317779
16571659228,133278056
16572376348,133243299
16573093468,133337886
16574049628,133420650
16703728828,133368068
16704445948,133447059
16705163068,133516176
16705880188,133451654
16706597308,133395197
16707553468,133345797
16837352188,133427572
16838069308,133499125
16838786428,133436734
16839503548,133507142
16840220668,133568749
16841176828,133622655
16970856028,133544823
16971573148,133476720
16972290268,133542130
16973007388,133599363
16973724508,133524442
16974680668,133458886
17104598908,133526525
17105316028,133585709
17106033148,133637495
17106750268,133557808
17107467388,133613082
17108423548,133661446
17238222268,133703765
17238939388,133615794
17239656508,133538819
17240373628,133596466
17241090748,133646907
17242046908,133691043
17371726108,133604662
17372443228,133654079
17373160348,133697319
17373877468,133610154
17374594588,133533884
17375550748,133467148
17505349468,133533754
17506066588,133592034
17506783708,133518029
17507500828,133578275
17508217948,133630990
17509174108,133677116
17639092348,133717476
17639809468,133627791
17640526588,133674317
17641243708,133715027
17641960828,133625648
17642916988,133547442
17772954748,133479011
17773671868,133544134
17774388988,133601117
17775106108,133650977
17775823228,133694604
17776779388,133732778
17906817148,133766180
17907534268,133795407
17908251388,133820981
17908968508,133718358
17909685628,133753563
17910641788,133784367
18040560028,133811321
18041277148,133834905
18041994268,133730541
18042711388,133764223
18043428508,133793695
18044384668,133819483
18174541948,133842047
18175259068,133861791
18175976188,133879067
18176693308,133894183
18177410428,133907410
18178366588,133918983
18308404348,133929110
18309121468,133937971
18309838588,133945724
18310555708,133952508
18311272828,133958444
18312228988,133963638
18442266748,133968183
18442983868,133847160
18443700988,133866265
18444418108,133882981
18445135228,133897608
18446091388,133910407
18576129148,133921606
18576846268,133931405
18577563388,133939979
18578280508,133947481
18578997628,133829045
18579953788,133725414
18710111068,133759737
18710828188,133789769
18711545308,133816047
18712262428,133839041
18712979548,133859160
18713935708,133876765
18844212508,133892169
18844929628,133905647
18845646748,133917441
18846363868,133927760
18847080988,134061790
18848037148,134179066
18978313948,134156682
18979031068,134262096
18979748188,134229334
18980465308,134200667
18981182428,134175583
18982138588,134153635
19112415388,134134430
19113132508,134117626
19113849628,134102922
19114566748,134090056
19115283868,134078799
19116240028,134068949
19246636348,134060330
19247353468,134052788
19248070588,134171189
19248787708,134149790
19249504828,134131066
19250460988,134114682
19380737788,134100346
19381454908,134087802
19382172028,134076826
19382889148,134067222
19383606268,134058819
19384562428,134051466
19514839228,134045032
19515556348,134039403
19516273468,134034477
19516990588,134030167
19517707708,134026396
19518663868,134023096
19648940668,134020209
19649657788,134017682
19650374908,134015471
19651092028,134138537
19651809148,134121219
19652765308,134106066
19783161628,134217807
19783878748,134190581
19784595868,134166758
19785312988,134145913
19786030108,134252673
19786986268,134221088
19917502108,134193452
19918219228,134294270
19918936348,134257486
19919653468,134225300
19920370588,134197137
19921326748,134297494
20051842588,134260307
20052559708,134227768
20053276828,134324297
20053993948,134283759
20054711068,134248289
20055667228,134217252
20186183068,134315095
20186900188,134275708
20187617308,134241244
20188334428,134336088
20189051548,134419077
20190007708,134491692
20320643068,134430230
20321360188,134501451
20322077308,134563769
20322794428,134493297
20323511548,134431634
20324467708,134377679
20454983548,134330469
20455700668,134289160
20456417788,134253015
20457134908,134346388
20457852028,134303089
20458808188,134265202
20589324028,134357051
20590041148,134437419
20590758268,134382741
20591475388,134334898
20592192508,134418035
20593148668,134490780
20723664508,134429432
20724381628,134375753
20725098748,134453783
20725815868,134397060
20726532988,134347427
20727489148,134303998
20858124508,134390998
20858841628,134342123
20859558748,134299357
20860275868,134386937
20860992988,134338569
20861949148,134296247
20992704028,134259216
20993421148,134351814
20994138268,134432837
20994855388,134378732
20995572508,134456390
20996528668,134524341
21127283548,134583798
21128000668,134635823
21128717788,134556345
21129434908,134611801
21130152028,134660325
21131108188,134702784
21261863068,134614936
21262580188,134538069
21263297308,134595810
21264014428,134646333
21264731548,134565541
21265687708,134494848
21396562108,134557992
21397279228,134613243
21397996348,134536587
21398713468,134469513
21399430588,134535823
21400386748,134593845
21531141628,134644614
21531858748,134564037
21532575868,134618532
21533292988,134666215
21534010108,134707938
21534966268,134619445
21665721148,134542014
21666438268,134599262
21667155388,134649354
21667872508,134568184
21668589628,134497161
21669545788,134560015
21800300668,134615013
21801137308,134663136
21801854428,134580244
21802571548,134632713
21803288668,134678623
21804244828,134718795
21934999708,134628945
21935955868,134550326
21936672988,134606535
21937390108,134655718
21938107228,134698753
21939063388,134736408
22069818268,134769357
22070774428,134798187
22071491548,134823413
22072208668,134845486
22072925788,134739800
22073881948,134647325
22204636828,134691409
22205592988,134729982
22206310108,134763734
22207027228,134793267
22207744348,134819108
22208700508,134841719
22339574908,134861504
22340531068,134878816
22341248188,134893964
22341965308,134782218
22342682428,134809440
22343638588,134833260
22474393468,134854102
22475349628,134872339
22476066748,134888296
22476783868,134902259
22477500988,134914476
22478457148,134925166
22609212028,134934520
22610168188,134942705
22610885308,134824866
22611602428,134846757
22612319548,134865912
22613275708,134882673
22744030588,134897338
22744986748,134785170
22745703868,134812023
22746420988,134835520
22747138108,134856080
22748094268,134874070
22878968668,134764811
22879924828,134794209
22880641948,134819932
22881359068,134842440
22882076188,134862135
22883032348,134879368
23014026268,135019447
23014982428,135017016
23015699548,135014889
23016416668,135013027
23017133788,135011398
23018089948,135009973
23149083868,135008726
23150040028,135132635
23150757148,135116055
23151474268,135101548
23152191388,135088854
23153147548,135077747
23284141468,135068028
23285097628,135059524
23285814748,135052083
23286531868,135045572
23287248988,135039875
23288205148,135034890
23419318588,135030528
23420274748,135026712
23420991868,135023373
23421708988,135020451
23422426108,135017894
23423382268,135015657
23554376188,135013699
23555332348,135011986
23556049468,135135487
23556766588,135118551
23557483708,135103732
23558439868,135090765
23689433788,135079419
23690389948,135069491
23691107068,135060804
23691824188,135053203
23692541308,135046552
23693497468,135040733
23824491388,135035641
23825447548,135031185
23826164668,135027286
23826881788,135023875
23827598908,135020890
23828555068,135018278
23959668508,135015993
23960624668,135013993
23961341788,135012243
23962058908,135135712
23962776028,135118748
23963732188,135103904
24094965148,135090916
24095921308,135079551
24096638428,135069607
24097355548,135060906
24098072668,135178292
24099028828,135281005
24230261788,135370879
24231217948,135449519
24231935068,135393329
24232652188,135344162
24233369308,135301141
24234325468,135263498
24365558428,135230560
24366514588,135201740
24367231708,135301522
24367948828,135263831
24368665948,135230852
24369622108,135201995
24500974588,135176745
24501930748,135154651
24502647868,135135319
24503364988,135243404
24504082108,135337978
24505038268,135420730
24636271228,135493138
24637227388,135556495
24637944508,135486933
24638661628,135426066
24639378748,135372807
24640334908,135326206
24771567868,135285430
24772524028,135249751
24773241148,135343532
24773958268,135300590
24774675388,135263016
24775631548,135230139
24906864508,135201371
24907820668,135176199
24908537788,135154174
24909254908,135259902
24909972028,135227414
24910928188,135198987
25042280668,135299113
25043236828,135386723
25043953948,135338382
25044671068,135296084
25045388188,135384073
25046344348,135461063
25177820988,135403430
25178777148,135353001
25179494268,135433875
25180211388,135504640
25180928508,135441560
25181884668,135386365
25314556188,135588069
25315512348,135764560
25316229468,135918990
25316946588,135929116
25317663708,136062976
25318619868,136180104
25452362748,136407591
25453318908,136606642
25454036028,136780811
25454753148,136933209
25455470268,137066557
25456426428,137183237
25592201148,137535332
25593157308,137843415
25593874428,137987988
25594591548,138239489
25595308668,138459552
25596264828,138652108
25736222748,139320594
25737178908,139905519
25737896028,140417329
25738613148,140865162
25739330268,141257016
25740286428,141599889
25888969308,142899902
25889925468,144037414
25890642588,145157737
25891359708,146138019
25892076828,146995766
25893032988,147746295
26059046268,150653008
26060002428,153196382
26060719548,155296834
26061436668,157134729
26062153788,158742887
26063109948,160150026
26261871708,165381272
26262827868,169958613
26263544988,174088786
26264262108,177702687
26264979228,180739851
26265935388,183397369
26463143388,185722697
26464099548,187757359
26464816668,189412689
26466011868,190986102
26466968028,192362839
26661188028,217817484
26662144188,215465298
26662861308,213282135
26664056508,211371868
26665012668,209825384
26853495708,207597211
26854451868,205647559
26856125148,204191614
26857081308,202792662
27055484508,226193579
27056440668,223294381
27058113948,220632583
27059070108,218303510
27255202428,216015571
27256158588,214013624
27257831868,212136921
27258907548,210494805
27441414588,207432954
27443087868,204878834
27444283068,202643979
27625594908,223188481
27627268188,218539920
27628463388,214347430
27809177628,233179001
27810850908,227156625
27812046108,221887046
27993955548,239776165
27995628828,233054144
27996824028,227172376
28179689628,244650829
28181362908,237569475
28182558108,231248290
28366021308,248592253
28367694588,241018221
28368889788,234265943
28553548188,251357700
28555221468,243562987
28556416668,236742613
28741553148,253774786
28743226428,245802937
28744421628,238702569
28929558108,255489747
28931231388,247303528
28932426588,240015587
29119355868,256888638
29121029148,248777558
29122224348,241555363
29309990268,258485942
29311663548,250175199
29312858748,242778299
29501819868,236431011
29503493148,230877134
29504568828,226017492
29693529948,221765305
29695203228,218044641
29696398428,214789060
29886674268,212065427
29888347548,209682248
29889542748,207596967
30080894268,205897346
30082567548,204410177
30083762748,203108904
30274875228,201970291
30276548508,200974004
30277743708,200102253
30468736668,199339471
30470409948,198672037
30471605148,198213032
30664032348,221811403
30665705628,218709977
30666900828,215871229
30859208508,237387325
30860881788,232213909
30862076988,227812170
31054384668,247835648
31056057948,241481192
31057253148,235921043
31249082748,254805912
31250756028,247455173
31251951228,240898276
31444736988,259160991
31446410268,251390867
31447605468,244592008
31641347388,262768007
31643020668,254547006
31644215868,247353630
31837240668,240934426
31838913948,235192622
31840109148,230293544
32033970588,226006851
32035643868,222380994
32036839068,219083369
32232015228,216572947
32233688508,214251328
32234883708,212219912
32429342748,210317423
32431016028,208777745
32432211228,207430526
32626311708,206126710
32627984988,204860871
32629180188,203878262
32823639228,227268479
32825312508,223734919
32826627228,220643054
33020966748,241937672
33022640028,236570463
33023835228,231749155
33217218588,251655510
33218891868,244948571
33220087068,239079999
33414187548,258069999
33415860828,250561249
33417056028,244116092
33612112668,262601580
33613785948,254651382
33614981148,247694959
33809440188,265733089
33811113468,257391452
33812308668,249967520
34006289628,243346580
34007962908,237428257
34009158108,232374724
34204095228,228077883
34205768508,224318147
34206963708,220903378
34402737468,218040455
34404410748,215660398
34405605948,213577848
34600064988,211630617
34601738268,209801789
34602933468,208201565
34797512028,206801369
34799185308,205701197
34800380508,204738547
34994839548,203771228
34996512828,203174824
34997708028,202527971
35191928028,226086974
35193601308,222701102
35194796508,219613464
35389494588,241161781
35391167868,236016558
35392363068,231389488
35587180668,251590802
35588853948,245016951
35590049148,239264832
35785703388,258481728
35787376668,251171512
35788571868,244775073
35983628508,263303188
35985301788,255390289
35986496988,248341502
36181792668,242048814
36183465948,236542712
36184541628,231724873
36381032508,227759263
36382705788,224164355
36383900988,221018810
36579316188,218141458
36580989468,215623775
36582184668,213545803
36778077948,211727577
36779751228,210136629
36780946428,208619550
36976959228,207292106
36978632508,206255592
36979827708,205348643
37176079548,204680062
37177752828,203970054
37178948028,203473797
37374721788,227414572
37376395068,223987750
37377590268,220989281
37574200668,242865620
37575873948,237632417
37577069148,233053364
37774874748,253546693
37776548028,247103356
37777743228,241465436
37975309788,261032256
37976983068,253653224
37978178268,247196571
38177418108,266296999
38179091388,258384874
38180286588,251336764
38381797960,245419668
38692549308,253367209
38692788348,237946307
38823782268,240828018
38824021308,227224515
38955493308,231696450
38955732348,219234393
39088160508,224830093
39088399548,213351331
39221783868,219932414
39222022908,209190862
39356602428,216542004
39356841468,206349253
39492855228,214305596
39493094268,204642396
39493333308,196187096
39630661788,188913709
39630900828,182424495
39631139868,176871433
39769783068,172137503
39770022108,168120315
39770261148,164480275
39909980028,161420240
39910219068,158742710
39910458108,156399871
40051133148,154599887
40051372188,152899901
40051611228,151412413
40193481468,167860861
40193720508,164628253
40193959548,161799721
40336785948,177199755
40337024988,173049785
40337264028,169418561
40480927068,184116240
40481166108,179226710
40481405148,174823371
40625546268,188970449
40625785308,183474142
40626024348,178664874
40771121628,192581764
40771360668,186759043
40771599708,181664162
40917653148,195331141
40917892188,189164748
40918131228,183894154
41064901788,197532384
41065140828,191340836
41065379868,185923231
41212987068,199432827
41213226108,193128723
41213465148,187487632
41361669948,201051678
41361908988,194545218
41362148028,188852065
41511069948,202495556
41511308988,195933611
41511548028,190191909
41661067548,203792920
41661306588,197068805
41661545628,191185204
41811662748,204787053
41811901788,197938671
41812140828,192071337
41962975068,205687419
41963214108,198976491
41963453148,193104429
42114526428,206716375
42114765468,199876828
42115004508,193892224
42266675388,207530696
42266914428,200589359
42267153468,194640689
42419421948,208310602
42419660988,201396776
42419900028,195347179
42572527068,209053781
42572766108,202047058
42573005148,196041175
42726349308,209911028
42726588348,202922149
42726827388,196806880
42880291068,210581020
42880530108,203508392
42880769148,197319843
43034710908,211154862
43034949948,204010504
43035188988,197884191
43189489308,211773667
43189728348,204676958
43189967388,198467338
43344626268,212283920
43344865308,205123430
43345104348,198983001
43500241308,212985125
43500480348,205861984
43500719388,199629236
43655856348,213425581
43656095388,206247383
43656334428,199966460
43811710428,213845652
43811949468,206614945
43812188508,200288076
43968042588,214252066
43968281628,207095557
43968520668,200833612
44124733308,214729410
44124972348,207388233
44125211388,201089703
44281424028,215078490
44281663068,207818678
44281902108,201466343
44438114748,215408050
44438353788,208107043
44438592828,201718662
44595164028,215753829
44595403068,208409600
44595642108,201983400
44752332828,215985475
44752571868,208612290
44752810908,202160753
44909860188,216140658
44910099228,208873075
44910338268,202513940
45067268028,216574697
45067507068,209252859
45067746108,202721251
45224795388,216631094
45225034428,209302207
45225273468,202889431
45382442268,216903252
45382681308,209540345
45382920348,202972801
45540328188,216976200
45540567228,209604175
45540806268,203153653
45698214108,217259446
45698453148,209852015
45698692188,203370513
45855980508,217324198
45856219548,209908673
45856458588,203420088
46013866428,217367577
46014105468,210071629
46014344508,203562675
46171871868,217492340
46172110908,210180797
46172349948,203658197
46329877308,217575922
46330116348,210253931
46330355388,203722189
46488002268,217756915
46488241308,210412300
46488480348,203860762
46646007708,217878166
46646246748,210393395
46646485788,203844220
46804132668,217863692
46804371708,210380730
46804610748,203833138
46962377148,217853995
46962616188,210372245
46962855228,203825714
47120621628,217847499
47120860668,210366561
47121099708,203945740
47278985628,217952522
47279224668,210583456
47279463708,204135524
47437230108,218118583
47437469148,210728760
47437708188,204137665
47595594108,218120456
47595833148,210605399
47596072188,204154724
47754077628,218260383
47754316668,210852835
47754555708,204371230
47912680668,218324826
47912919708,210784222
47913158748,204311194
48071164188,218397294
48071403228,210972632
48071642268,204476053
48229767228,218416546
48230006268,210989477
48230245308,204490792
48388609308,218554443
48388848348,211110137
48389087388,204596369
48547690428,218646822
48547929468,211190969
48548168508,204792097
48706891068,218818084
48707130108,211465823
48707369148,205032595
48866091708,219153520
48866330748,211759330
48866569788,205164413
49025531388,219268861
49025770428,211735253
49026009468,205268346
49185090588,219484802
49185329628,212049201
49185568668,205543050
49344888828,219600168
49345127868,212150147
49345366908,205631378
49504926108,219802455
49505165148,212452148
49505404188,205895629
49664963388,220033675
49665202428,212654465
49665441468,206072656
49825478748,220313574
49825717788,212899377
49825956828,206286954
49986352668,220626084
49986591708,213172823
49986830748,206651220
50147585148,221069817
50147824188,213561089
50148063228,207115952
50309056668,221601458
50309295708,214151275
50309534748,207632365
50470647708,221928319
50470886748,214312279
50471125788,207773244
50632716828,222176588
50632955868,214654514
50633194908,208197699
50795383548,222672986
50795622588,215213862
50795861628,208687129
50958408828,223226237
50958647868,215697957
50958886908,209110712
51121912188,223721873
51122151228,216256638
51122390268,209724558
51286013148,224508988
51286252188,217070364
51286491228,210436568
51450592188,225131997
51450831228,217490497
51451070268,210929184
51615529788,225688036
51615768828,218102031
51616007868,211589277
51781064988,226390617
51781304028,218841789
51781543068,212236565
51946958748,226956994
51947197788,219337369
51947436828,212670197
52113569628,227586422
52113808668,220013119
52114047708,213386479
52281136668,228463169
52281375708,220905272
52281614748,214292113
52449540348,229380598
52449779388,221708023
52450018428,215119520
52618541628,230354580
52618780668,222685257
52619019708,216099599
52788499068,231337149
52788738108,223670005
52788977148,216961254
52959293148,232341097
52959532188,224673459
52959771228,217964276
53131162908,233593741
53131401948,225894523
53131640988,219157707
53304108348,234887993
53304347388,227151993
53304586428,220382993
53478009948,236210118
53478248988,228433853
53478488028,221629621
53652987228,237425918
53653226268,229622678
53653465308,222794843
53829398748,238820487
53829637788,231092926
53829876828,224206310
54007124988,240430521
54007364028,232626705
54007603068,225798366
54186046428,242198570
54186285468,234298748
54186524508,227386404
54366282588,243838103
54366521628,235858340
54366760668,228876047
54548311548,245516541
54548550588,237576973
54548789628,230629851
54731774748,247426119
54732013788,239497854
54732252828,232560622
54917030748,249615544
54917269788,241663601
54917508828,234580650
55103840508,251633068
55104079548,243553934
55104318588,236484692
55292323548,253799105
55292562588,245699216
55292801628,238486814
55482838428,255925962
55483077468,247810216
55483316508,240708939
55674907068,258370321
55675146108,250199030
55675385148,242924151
55868648988,260683632
55868888028,252348178
55869127068,245054655
56065378908,239047823
56065617948,233791845
56065856988,229067864
56264977308,225309381
56265216348,222145708
56265455388,219377494
56467683228,217330307
56467922268,215414018
56468161308,213862265
56670508668,212504481
56670747708,211316420
56670986748,210151867
56835087708,204507883
56835326748,199569397
56835565788,195248222
56996081148,190967194
56996320188,187221294
56996559228,183943632
57162692028,201825678
57162931068,197347468
57163170108,193554034
57330378588,211109779
57330617628,205721056
57330856668,201005924
57499021308,217880183
57499260348,211770160
57499499388,206423890
57669695868,222995903
57669934908,216371415
57670173948,210699988
57842163228,227237489
57842402268,220457802
57842641308,214525576
58016542908,230959879
58016781948,223839894
58017020988,217734907
58193432508,234393043
58193671548,227218912
58193910588,220941548
58373190588,237823854
58373429628,230595872
58373668668,224271388
58555219548,241487464
58555458588,234051531
58555697628,227545089
58738921788,244726952
58739160828,237136083
58739399868,230494072
58925253468,247932313
58925492508,240315773
58925731548,233526301
59112421788,250960513
59112660828,242965448
59112899868,235969767
59300307228,253348546
59300546268,245179977
59300785308,238032479
59489985468,255403419
59490224508,247227991
59490463548,240074492
59680500348,257565180
59680739388,249244532
59680978428,241838965
59872210428,259359094
59872449468,250939207
59872688508,243571806
60065474268,237250330
60065713308,231719038
60065952348,226879158
60259216188,222769263
60259455228,219173105
60259694268,216026466
60454989948,213398157
60455228988,211223387
60455468028,209320463
60651719868,207780405
60651958908,206307854
60652197948,205144372
60849884028,204251325
60850123068,203594909
60850362108,202895545
61049004348,202533601
61049243388,202091900
61049482428,201705412
61249439388,226367235
61249678428,223071330
61249917468,220187413
61450036988,242788986
61450232988,237565362
61450472028,232994691
61450711068,228995354
61650907068,225370934
61651146108,222324567
61651385148,219658996
61851504668,242326621
61852298268,237285793
61852537308,232750068
61852776348,228781309
62054765148,225558645
62055004188,222738814
62055243228,220271462
62255362748,243112529
62257471068,238098462
62257710108,233586154
62257949148,229637884
62460057468,226558148
62460296508,223613379
62460535548,221036706
62633839548,240407117
62634078588,232106227
62634317628,224842948
62776904988,236237579
62777144028,224707881
62777383068,214494395
62914592028,222682595
62914831068,212097270
62915070108,202835111
63053713308,211980722
63053952348,202858131
63054191388,195000864
63193671228,205375756
63193910268,197203786
63194149308,190178312
63335063388,201531023
63335302428,194089645
63335541468,187578439
63477053148,199506134
63477292188,192317867
63477531228,186028133
63620118588,198399616
63620357628,191474664
63620596668,185415331
63764857308,198113414
63765096348,191474237
63765335388,185664957
63910671708,198706837
63910910748,192118482
63911149788,186353671
64057322748,199559462
64057561788,192989529
64057800828,187240837
64205168988,200585732
64205408028,194012515
64205647068,188260950
64353851868,201728331
64354090908,195137289
64354329948,189370127
64503132348,202948861
64503371388,196330253
64503610428,190413971
64653010428,203987224
64653249468,197238821
64653488508,191333968
64803605628,204917222
64803844668,198052569
64804083708,192170997
64954798428,205774622
64955037468,199052794
64955276508,193171194
65106708348,206774794
65106947388,199927944
65107186428,193936951
65259215868,207694832
65259454908,200857978
65259693948,194875730
65412201468,208641263
65412440508,201686105
65412679548,195600341
65565904188,209400298
65566143228,202475260
65566382268,196415852
65719965468,210238870
65720204508,203334011
65720443548,197167259
65874743868,211021351
65874982908,204018682
65875221948,197891346
66029880828,211779927
66030119868,204807436
66030358908,198706506
66185495868,212618192
66185734908,205540918
66185973948,199223303
66341469468,213195390
66341708508,206045966
66341947548,199790220
66497921148,213816442
66498160188,206714386
66498399228,200500087
66654611868,214562576
66654850908,207367254
66655089948,201071347
66811541628,215062428
66811780668,207804624
66812019708,201579046
66968949468,215506665
66969188508,208318331
66969427548,202028539
67126835388,216024971
67127074428,208896849
67127313468,202534742
67284721308,216592899
67284960348,209268786
67285199388,202860187
67442846268,216877663
67443085308,209642955
67443324348,203312585
67601210268,217398511
67601449308,210098697
67601688348,203586359
67760052348,217763064
67760291388,210417681
67760530428,203990470
67918894428,218116661
67919133468,210727078
67919372508,204261193
68077856028,218353543
68078095068,211059350
68078334108,204551931
68237176188,218732939
68237415228,211391321
68237654268,204842405
68396496348,218987104
68396735388,211488716
68396974428,204927626
68555816508,219061672
68556055548,211678963
68556294588,205219092
68715375708,219441705
68715614748,212011491
68715853788,205385054
68875173948,219586922
68875412988,212138556
68875652028,205621236
69034852668,219793581
69035091708,212319383
69035330748,205779460
69194650908,219932027
69194889948,212440523
69195128988,205885457
69354329628,220024774
69354568668,212521677
69354807708,205956467
69514127868,220086908
69514366908,212576044
69514605948,206004038
69674045628,220253533
69674284668,212721841
69674523708,206131610
69834082908,220365158
69834321948,212819513
69834560988,206217073
69994000668,220439938
69994239708,212884945
69994478748,206274326
70153918428,220365035
70154157468,212819405
70154396508,206216979
70313955708,220314856
70314194748,212900499
70314433788,206287936
70474112508,220501944
70474351548,213064201
70474590588,206431175
70634388828,220627278
70634627868,213048868
70634866908,206417759
70794545628,220615539
70794784668,213038596
70795023708,206533771
70954821948,220717049
70955060988,213252417
70955300028,206720864
71115217788,220880756
71115456828,213395661
71115695868,206721203
71275613628,220881052
71275852668,213270920
71276091708,206737055
71436128988,221019923
71436368028,213517432
71436607068,206952753
71596644348,221083658
71596883388,213448200
71597122428,206892175
71757398748,221155653
71757637788,213636196
71757876828,207056671
71918392188,221299587
71918631228,213762138
71918870268,207166870
72079385628,221521011
72079624668,213955884
72079863708,207336398
72240379068,221669348
72240618108,214085679
72240857148,207449969
72401611548,221768722
72401850588,214172631
72402089628,207651052
72562963548,221944670
72563202588,214451586
72563441628,207895137
72724674108,222158244
72724913148,214638463
72725152188,208058655
72886623708,222426323
72886862748,214873032
72887101788,208388903
73048573308,222715290
73048812348,215125878
73049051388,208610143
73211000988,223033875
73211240028,215529640
73211479068,208963435
73373787228,223343005
73374026268,215800129
73374265308,209200112
73536812508,223675098
73537051548,216215710
73537290588,209563746
73700315868,224118277
73700554908,216603492
73700793948,209903055
73863819228,224415173
73864058268,216863276
73864297308,210255366
74027800668,224848445
74028039708,217367389
74028278748,210696465
74192379708,225359406
74192618748,217814480
74192857788,211087670
74357317308,225826711
74357556348,218223372
74357795388,211570450
74522732988,226374143
74522972028,218702375
74523211068,212114578
74688626748,226975255
74688865788,219353348
74689104828,212809179
74854998588,227583031
74855237628,220010152
74855476668,213383883
75021728988,228210897
75021968028,220559534
75022207068,213864592
75189176508,228881518
75189415548,221271328
75189654588,214612412
75357102108,229660860
75357341148,221953252
75357580188,215209095
75525744828,230307958
75525983868,222519463
75526222908,215829530
75695104668,231100838
75695343708,223463233
75695582748,216780328
75865420668,232057787
75865659708,224300563
75865898748,217512992
76036453788,232948868
76036692828,225205259
76036931868,218429601
76208204028,234000900
76208443068,226250787
76208682108,219469438
76381029948,235160758
76381268988,227390663
76381508028,220591830
76554812028,236267851
76555051068,228484369
76555290108,221673822
76729669788,237464594
76729908828,229656519
76730147868,222824454
76905483708,238721397
76905722748,230881222
76905961788,224021069
77082731868,240018435
77082970908,232141130
77083209948,225373488
77261294748,241701802
77261533788,233864076
77261772828,227006066
77441172348,243380307
77441411388,235457768
77441650428,228525547
77622245148,245084853
77622484188,237074246
77622723228,230064965
77804752188,246681844
77804991228,238596613
77805230268,231647036
77988932508,248441156
77989171548,240511011
77989410588,233572134
78174786108,250500617
78175025148,242563039
78175264188,235492659
78362312988,252681076
78362552028,244595941
78362791068,237396448
78551035068,254721892
78551274108,246506655
78551513148,239318323
78741669468,256778532
78741908508,248431215
78742147548,241252313
78933260028,258845773
78933499068,250490051
78933738108,243178794
79128197148,261031444
79128436188,252777513
79128675228,245555323
79325166108,239485907
79325405148,234175168
79325644188,229528272
79525123068,225837238
79525362108,222607583
79525601148,219781635
79727948508,217558930
79728187548,215739063
79728426588,214146680
79906152828,209753345
79906391868,205784176
79906630908,202311154
80051250108,195147259
80051489148,188878851
80051728188,183393994
80195630268,196594744
80195869308,190020401
80196108348,184392850
80341564188,197593743
80341803228,191144525
80342042268,185626459
80489051868,199048151
80489290908,192667132
80489529948,187083740
80638571388,200698272
80638810428,194235988
80639049468,188706489
80789883708,202618177
80790122748,196290904
80790361788,190754541
80943347388,204910223
80943586428,198546445
80943825468,192853139
81098484348,207246496
81098723388,200715684
81098962428,195001223
81255533628,209626070
81255772668,203047811
81256011708,197416834
81414375708,212239729
81414614748,205584762
81414853788,199761666
81574891068,214541457
81575130108,207848774
81575369148,201992677
81737079708,217118592
81737318748,210353768
81737557788,204309547
81900822108,219395853
81901061148,212471371
81901300188,206412449
82066118268,221735892
82066357308,214768905
82066596348,208547791
82232848668,223854317
82233087708,216747527
82233326748,210529086
82401132828,226087950
82401371868,218951956
82401610908,212582961
82570851228,228135090
82571090268,220868203
82571329308,214509677
82741884348,230195967
82742123388,222921471
82742362428,216431287
82914112668,232252376
82914351708,224845829
82914590748,218240100
83087775228,234085087
83088014268,226574451
83088253308,220002644
83262752508,236002313
83262991548,228377023
83263230588,221704895
83438924988,237741783
83439164028,230149060
83439403068,223505427
83615934108,239567248
83616173148,231871342
83616412188,225012424
83794257948,241260871
83794496988,233478262
83794736028,226543479
83973537948,242850544
83973776988,234869226
83974016028,228010572
84153893628,244384250
84154132668,236461218
84154371708,229528565
84334966428,245837494
84335205468,237857807
84335444508,230750581
84517114908,247281758
84517353948,239246538
84517592988,232090720
84699980508,248579380
84700219548,240381957
84700458588,233209212
84883682748,249808060
84883921788,241582052
84884160828,234384295
85067982588,250961258
85068221628,242716100
85068460668,235501587
85253119068,252188888
85253358108,243915277
85253597148,236550867
85438136028,253232008
85438375068,244703007
85438614108,237240131
85624348188,253960114
85624587228,245465099
85624826268,238031961
85810679868,254777965
85810918908,246180719
85811157948,238783129
85997370108,255560237
85997609148,246990207
85997848188,239491431
86185016508,256305002
86185255548,247766876
86185494588,240296016
86373738588,257259014
86373977628,248601637
86374216668,241151432
86563297308,258257503
86563536348,249725315
86563775388,242259650
86752616988,259227193
86752856028,250448793
86753095068,242892693
86942056188,236281106
86942295228,230495967
86942534268,225308971
87132571068,220895349
87132810108,217033430
87133049148,213779251
87322966428,210806844
87323205468,208330988
87323444508,206039614
87512644668,204034662
87512883708,202155329
87513122748,200635912
87703159548,199431423
87703398588,198377495
87703637628,197330308
87894032988,196539019
87894272028,195846641
87894511068,195240810
88085025948,218585708
88085264988,215137494
88085504028,212120307
88275421308,233230268
88275660348,227826484
88275899388,223098173
88465936188,242710901
88466175228,236247038
88466414268,230591158
88658124348,249642263
88658363388,242561980
88658602428,236241732
88849953948,254586515
88850192988,246763200
88850432028,239917800
89041664028,257803075
89041903068,249577690
89042142108,242380478
89233852188,259957918
89234091228,251588178
89234330268,244264655
89425442748,237731573
89425681788,231890126
89425920828,226778860
89617152828,222431502
89617391868,218627564
89617630908,215299118
89808623868,212261728
89808862908,209604012
89809101948,207403510
89999975388,205353071
90000214428,203683937
90000453468,202098444
90191565948,200836138
90191804988,199606620
90192044028,198655792
90383156508,197823818
90383395548,197095840
90383634588,196458860
90575344668,219776502
90575583708,216304439
90575822748,213266384
90767532828,234608086
90767771868,229282075
90768010908,224746815
90959362428,244653463
90959601468,238071780
90959840508,232312807
91151909148,251148706
91152148188,243880117
91152387228,237520102
91344694908,255955089
91344933948,248085702
91345172988,241199989
91537719708,259174990
91537958748,250903116
91538197788,243790226
91730266428,261441447
91730505468,252886266
91730744508,245275482
91922574108,238616046
91922813148,232789040
91923052188,227815410
92115240348,223463483
92115479388,219655547
92115718428,216198603
92308145628,213298777
92308384668,210761429
92308623708,208541250
92500811868,206473593
92501050908,204789393
92501289948,203315718
92693836668,202026253
92694075708,200897971
92694314748,199910724
92888295708,223296883
92888534748,219759772
92888773788,216539800
93082635228,237972325
93082874268,232475784
93083113308,227791311
93277333308,247942397
93277572348,241324597
93277811388,235534022
93472389948,254717269
93472628988,247252610
93472868028,240721033
93668283228,259505903
93668522268,251567665
93668761308,244621706
93863937468,262918992
93864176508,254554118
93864415548,247234853
94060189308,240955496
94060428348,235336059
94060667388,230419051
94256441148,226116669
94256680188,222352085
94256919228,219058074
94453051548,216300814
94453290588,213888212
94453529628,211777185
94650379068,209930036
94650618108,208313781
94650857148,206899558
94848423708,205787113
94848662748,204813723
94848901788,203962007
95047902588,203341756
95048141628,202924036
95048380668,202558531
95247740028,227113714
95247979068,223724499
95248218108,220758936
95448337628,243164069
95448772668,237893560
95449011708,233406865
95449250748,229356006
95651120028,226061505
95651359068,223178816
95651598108,220531464
95851717628,243215031
95853825948,238063152
95854064988,233680258
95854304028,229845225
96009082428,220864571
96009440988,212756499
96009680028,205536936
96178203228,220344819
96178442268,213926716
96178681308,208310876
96335491548,223022016
96335730588,214769264
96335969628,207548106
96494094588,221104592
96494333628,213341518
96494572668,206548828
96654968508,220605224
96655207548,213154571
96655446588,206635249
96818471868,221305842
96818710908,214142611
96818949948,207749784
96984007068,222906061
96984246108,215792803
96984485148,209568702
97151693628,224997614
97151932668,217747912
97152171708,211529423
97321531548,227213245
97321770588,220061589
97322009628,213928890
97493281788,229812778
97493520828,222586180
97493759868,216262907
97667541948,232355043
97667780988,225060662
97668020028,218803079
97843116828,235202694
97843355868,227802357
97843594908,221327062
98020484508,237661179
98020723548,230078531
98020962588,223443714
98199405948,240013249
98199644988,232386592
98199884028,225713268
98380120188,242499109
98380359228,234811720
98380598268,228085255
98562507708,244949598
98562746748,237080898
98562985788,230195785
98746090428,247171311
98746329468,239274897
98746568508,232365534
98931226908,249444842
98931465948,241389236
98931704988,234340581
99117797628,251423008
99118036668,243370132
99118275708,236323865
99305683068,253533381
99305922108,245341708
99306161148,238173994
99494524668,255402244
99494763708,247101963
99495002748,239964217
99684083388,257218689
99684322428,248816352
99684561468,241464308
99874717788,258656269
99874956828,250074235
99875195868,242689955
