1100130104,100000000
1230370308,103750000
1231087428,107156250
1231689348,110136718
1232406468,112869628
1233008388,115385924
1342336304,131212683
1343292464,128936097
1343531504,126819084
1344368144,125091698
1345324304,123705235
1345563344,122367080
1346399984,121196195
1463856700,134796670
1464095740,133197086
1465051900,131797450
1465290940,130572768
1465529980,129501172
1466844700,128563525
1468159420,127993084
1468398460,127368948
1468637500,126822829
1469593660,126469975
1469832700,126036228
1565178216,122906699
1565417256,120043361
1565656296,117537940
1566971016,115470697
1568405256,113786859
1568644296,112063501
1568883336,110555563
1569719976,109361117
1569959016,108190977
1665424052,119167104
1665663092,116771216
1665902132,114674814
1667097332,113090462
1668651092,111704154
1668890132,110241134
1669129172,109085992
1669846292,108075243
1670085332,107190837
1670324372,106416982
1767462688,105864859
1767701728,105381751
1767940768,104959032
1768896928,104464153
1770689728,104156133
1770928768,103886616
1771167808,103650789
1771645888,103444440
1771884928,103138885
1772123968,102996524
1871055084,115246958
1871294124,113841088
1871533164,112610952
1872489324,111659583
1874282124,110952135
1874521164,110083118
1874760204,109322728
1875238284,108657387
1875477324,108075213
1875716364,107565811
1875955404,106995084
1973810840,106370698
1974049880,105949360
1974288920,105580690
1975245080,105258103
1977276920,104975840
1977515960,104728860
1977755000,104512752
1978233080,104323658
1978472120,104158200
1978711160,104013425
1978950200,103886746
2077522756,116150902
2077761796,114632039
2078000836,113303034
2079076516,112265154
2080988836,111357009
2081227876,110437382
2081466916,109632709
2081705956,108928620
2082184036,108312542
2082423076,107773474
2082662116,107301789
2082901156,106889065
2180039472,106402931
2180278512,105977564
2180517552,105480368
2181832272,105045322
2183744592,104789656
2183983632,104440949
2184222672,104260830
2184461712,104103226
2184939792,103965322
2185178832,103844656
2185417872,103739074
2185656912,103646689
2283751388,115815852
2283990428,114213870
2284229468,112937136
2285544188,111944994
2287456508,111201869
2287695548,110301635
2287934588,109513930
2288173628,108824688
2288412668,108221602
2288890748,107693901
2289129788,107232163
2289368828,106828142
2289607868,106474624
2387614268,106165296
2387853308,105894634
2388092348,105657804
2389646108,105450578
2391558428,105269255
2391797468,105110598
2392036508,105096773
2392275548,105084676
2392514588,104949091
2392992668,104830454
2393231708,104851647
2393470748,104745191
2393709788,104652042
2496496988,117445536
2496736028,116389844
2496975068,115466113
2498528828,114782848
2500441148,114309992
2500680188,113646243
2500919228,113065462
2501158268,112557279
2501397308,112112619
2501636348,111723541
2502114428,111508098
2502353468,111194585
2502592508,110920261
2502831548,110680228
2606216348,110595199
2606455388,110520799
2606694428,110455699
2608487228,110398736
2610399548,110348894
2610638588,110305282
2610877628,110267121
2611116668,110358730
2611355708,110313888
2611594748,110274652
2612072828,110365320
2612311868,110319655
2612550908,110279698
2612789948,110244735
2716174748,123214143
2716413788,121562375
2716652828,120117078
2718326108,119102443
2720238428,118214637
2720477468,117187807
2720716508,116289331
2720955548,115503164
2721194588,114815268
2721433628,114213359
2721911708,113686689
2722150748,113225852
2722389788,112822620
2722628828,112469792
2825416028,125036068
2825655068,123031559
2825894108,121277614
2827567388,119992912
2829479708,118868798
2829718748,117635198
2829957788,116555798
2830196828,115736323
2830435868,115019282
2830674908,114266871
2831152988,113733512
2831392028,113266823
2831631068,112733470
2831870108,112266786
2934657308,124733437
2934896348,122766757
2935135388,121170912
2936808668,119899548
2938720988,118787104
2938960028,117563716
2939199068,116618251
2939438108,115790969
2939677148,114942097
2939916188,114199334
2940394268,113674417
2940633308,113090114
2940872348,112578849
2941111388,112256492
3043898588,124724430
3044137628,122883876
3044376668,121273391
3046049948,119989217
3047962268,118865564
3048201308,117757368
3048440348,116787697
3048679388,115814234
3048918428,114962454
3049157468,114342147
3049635548,113799378
3049874588,113199455
3050113628,112799523
3050352668,112449582
3153139868,124893384
3153378908,123031711
3153617948,121277747
3155291228,119993028
3157203548,118868899
3157442588,117760286
3157681628,116665250
3157920668,115707093
3158159708,114993706
3158398748,114369492
3158876828,113698305
3159115868,113236016
3159354908,112831514
3159593948,112352574
3262381148,124808502
3262620188,122832439
3262859228,121103384
3264532508,119840461
3266444828,118735403
3266683868,117518477
3266922908,116453667
3267161948,115646958
3267400988,114941088
3267640028,114198452
3268118108,113673645
3268357148,113214439
3268596188,112687634
3268835228,112226679
3371622428,124698344
3371861468,122736051
3372100508,121144044
3373773788,119876038
3375686108,118766533
3375925148,117545716
3376164188,116602501
3376403228,115777188
3376642268,114930039
3376881308,114188784
3377359388,113665186
3377598428,113082037
3377837468,112571782
3378076508,112250309
3480863708,124719020
3481102748,122879142
3481341788,121269249
3483015068,119985592
3484927388,118862393
3485166428,117754593
3485405468,116785268
3485644508,115812109
3485883548,114960595
3486122588,114340520
3486600668,113797955
3486839708,113198210
3487078748,112798433
3487317788,112448628
3590104988,124892549
3590344028,123030980
3590583068,121277107
3592256348,119992468
3594168668,118868409
3594407708,117759857
3594646748,116664874
3594885788,115706764
3595124828,114993418
3595363868,114369240
3595841948,113698085
3596080988,113235824
3596320028,112831346
3596559068,112352427
3699346268,124808373
3699585308,122832326
3699824348,121103285
3701497628,119840374
3703409948,118735327
3703648988,117518411
3703888028,116453609
3704127068,115646907
3704366108,114941043
3704605148,114198412
3705083228,113673610
3705322268,113214408
3705561308,112687607
3705800348,112226656
3808587548,124698324
3808826588,122736033
3809065628,121144028
3810738908,119876024
3812651228,118766521
3812890268,117545705
3813129308,116602491
3813368348,115777179
3813607388,114930031
3813846428,114188777
3814324508,113665179
3814563548,113082031
3814802588,112571777
3815041628,112250304
3917828828,124719016
3918067868,122879139
3918306908,121269246
3919980188,119860590
3921892508,118753016
3922131548,117658889
3922370588,116701527
3922609628,115738836
3922848668,114896481
3923087708,114284420
3923565788,113748867
3923804828,113155258
3924043868,112760850
3924282908,112415743
4027070108,124863775
4027309148,123005803
4027548188,121255077
4029221468,119973192
4031133788,118976543
4031372828,117854475
4031611868,116747665
4031850908,115779206
4032089948,115056805
4032328988,114424704
4032807068,113746616
4033046108,113278289
4033285148,112868502
4033524188,112384939
4136311388,124836821
4136550428,122857218
4136789468,121125065
4138462748,119859431
4140375068,118752002
4140614108,117533001
4140853148,116466375
4141092188,115658078
4141331228,114950818
4141570268,114206965
4142048348,113681094
4142287388,113220957
4142526428,112693337
4142765468,112231669
4245552668,124702710
4245791708,122739871
4246030748,121147387
4247704028,119878963
4249616348,118769092
4249855388,117547955
4250094428,116604460
4250333468,115778902
4250572508,114931539
4250811548,114190096
4251289628,113666334
4251528668,113083042
4251767708,112572661
4252006748,112251078
4354793948,124719693
4355032988,122879731
4355272028,121269764
4356945308,119861043
4358857628,118753412
4359096668,117659235
4359335708,116701830
4359574748,115739101
4359813788,114896713
4360052828,114284623
4360530908,113749045
4360769948,113155414
4361008988,112760987
4361248028,112415863
4464035228,124863880
4464274268,123005895
4464513308,121255158
4466186588,119973263
4468098908,118976605
4468337948,117854529
4468576988,116747712
4468816028,115779248
4469055068,115056842
4469294108,114424736
4469772188,113746644
4470011228,113278313
4470250268,112868523
4470489308,112384957
4573276508,124836837
4573515548,122857232
4573754588,121125078
4575427868,119859443
4577340188,118752012
4577579228,117533010
4577818268,116466383
4578057308,115658085
4578296348,114950824
4578535388,114206971
4579013468,113681099
4579252508,113220961
4579491548,112693340
4579730588,112231672
4682517788,124702713
4682756828,122739873
4682995868,121022388
4684669148,119769589
4686581468,118673390
4686820508,117464216
4687059548,116531189
4687298588,115714790
4687537628,114875441
4687776668,114141010
4688254748,113623383
4688493788,113045460
4688732828,112539777
4688971868,112097304
4791759068,124585141
4791998108,122636998
4792237148,121057373
4793910428,119800201
4795822748,118700175
4796061788,117612653
4796300828,116661071
4796539868,115703437
4796778908,114865507
4797017948,114257318
4797496028,113725153
4797735068,113134508
4797974108,112617694
4798213148,112290482
4901000348,124879171
4901239388,123019274
4901478428,121391864
4903151708,120092881
4905064028,119081270
4905303068,117946111
4905542108,116827847
4905781148,115849366
4906020188,115118195
4906259228,114478420
4906737308,113793617
4906976348,113194414
4907215388,112795112
4907454428,112445723
5010241628,124890007
5010480668,122903756
5010719708,121165786
5012392988,119895062
5014305308,118783179
5014544348,117560281
5014783388,116490245
5015022428,115678964
5015261468,114969093
5015500508,114222956
5015978588,113570086
5016217628,113123825
5016456668,112733346
5016695708,112266677
5119487548,124733342
5119726588,122766674
5119965628,121045839
5121638908,119790109
5123551228,118691345
5123790268,117479926
5124029308,116544935
5124268348,115726818
5124507388,114885965
5124746428,114150219
5125224508,113631441
5125463548,113177510
5125702588,112655321
5125941628,112198405
5229928348,124798604
5230167388,123073778
5230406428,121564555
5232079708,120493985
5233992028,119432236
5234231068,118378206
5234470108,117455930
5234709148,116523938
5234948188,115708445
5235187228,115119889
5235665308,114604902
5235904348,114029289
5236143388,113650627
5236382428,113319298
5340842908,126029385
5341081948,124275711
5341320988,122616247
5342994268,121289216
5344906588,120128064
5345145628,119112056
5345384668,118098049
5345623708,117210792
5345862748,116434443
5346101788,115880137
5346579868,115270119
5346818908,114736354
5347057948,114394309
5347296988,113970020
5452594108,126723767
5452833148,124883296
5453072188,123272884
5454745468,121988773
5456657788,120990176
5456896828,119866404
5457135868,118883103
5457374908,118022715
5457613948,117269875
5457852988,116611140
5458331068,116034747
5458570108,115530403
5458809148,115089102
5459048188,114702964
5565779548,127615093
5566018588,125913206
5566257628,124424055
5567930908,123121048
5569843228,122105917
5570082268,121092677
5570321308,120206092
5570560348,119305330
5570799388,118517163
5571038428,117952517
5571516508,117458452
5571755548,116901145
5571994588,116413501
5572233628,116111813
5680757788,129222836
5680996828,127444981
5681235868,125889358
5682909148,124653188
5684821468,123696539
5685060508,122734471
5685299548,121767662
5685538588,120921704
5685777628,120181491
5686016668,119658804
5686494748,119076453
5686733788,118566896
5686972828,118121034
5687211868,117855904
5798604508,131373916
5798843548,129702176
5799082588,128364404
5800755868,127193853
5802668188,126294621
5802907228,125257793
5803146268,124350568
5803385308,123556747
5803624348,122862153
5803863388,122254383
5804341468,121722585
5804580508,121257261
5804819548,120850103
5805058588,120618840
5919917308,134541485
5920156348,132973799
5920395388,131602074
5922068668,130526814
5923980988,129585962
5924220028,128637716
5924459068,127808001
5924698108,126957000
5924937148,126212375
5925176188,125685828
5925654268,125225099
5925893308,124696961
5926132348,124359840
5926371388,124064860
6045891388,138556752
6046130428,137112158
6046369468,135723138
6048042748,134757745
6049955068,133663026
6050194108,132705147
6050433148,131867003
6050672188,131133627
6050911228,130491923
6051150268,129930432
6051508828,129439128
6051747868,129009237
6051986908,128508082
6052225948,128194571
6178797628,128795249
6179036668,129320842
6179275708,129780736
6182622268,130308144
6182861308,130644626
6183100348,130939047
6183339388,131196666
6183578428,131422082
6183817468,131619321
6184176028,131791905
6184415068,131942916
6184654108,132075051
6184893148,132190669
6322580188,149416835
6322819228,148739730
6323058268,148147263
6326285308,147628855
6326524348,147175248
6326763388,146653342
6327002428,146321674
6327241468,146031464
6327480508,145777531
6327719548,145430339
6327958588,145126546
6328197628,144985727
6328436668,144862511
6484410268,147004697
6484649308,148879109
6487876348,150769220
6488115388,152173067
6488354428,153401433
6488593468,154476253
6488832508,155291721
6489071548,156130255
6489310588,156863973
6489549628,157505976
6489788668,158067729
6490027708,158559262
6675044668,182114354
6675283708,183225059
6678271708,184196926
6678510748,184922310
6678749788,185557021
6678988828,186112393
6679227868,186723343
6679466908,187132925
6679705948,187491309
6679944988,187804895
6680184028,188204283
6680423068,188428747
6877870108,190125153
6880858108,191984508
6881097148,193361444
6881336188,194566263
6881575228,195620480
6881814268,196542920
6882053308,197350055
6882292348,198056298
6882531388,198674260
6882770428,199214977
6883009468,199688104
7022728348,217477091
7025477308,208417454
7025716348,200365272
7025955388,193319613
7026194428,187279661
7026433468,181994703
7026672508,177245365
7026911548,173089694
7027150588,169578482
7027389628,166506171
7027628668,163692899
7190414908,164231286
7190653948,164327375
7190892988,164411453
7191132028,164610021
7191371068,164658768
7191610108,164701422
7191849148,164738744
7192088188,164896401
7192327228,164909350
7192566268,164920681
7351169308,164430595
7351408348,164001770
7351647388,163626548
7351886428,163173229
7352125468,162901575
7352364508,162663878
7352603548,162455893
7352842588,162148906
7353081628,162005292
7506545308,181004630
7506784348,177754051
7507023388,175034794
7507262428,172655444
7507501468,170573513
7507740508,168626823
7507979548,166923470
7508218588,165558036
7508457628,164363281
7657857628,162692870
7658096668,161356261
7658335708,160061728
7658574748,158929012
7658813788,157937885
7659052828,157195649
7659291868,156546192
7659530908,155852918
7805464828,173496303
7805703868,170309265
7805942908,167395606
7806181948,164971155
7806420988,162849760
7806660028,160993540
7806899068,159244347
7807138108,157838803
7949366908,156108952
7949605948,154595333
7949844988,153270916
7950084028,152112051
7950323068,151098044
7950562108,150210788
7950801148,149434439
8089324828,166005134
8089563868,162754492
8089802908,159910180
8090041948,157546407
8090280988,155353106
8090520028,153433967
8090759068,151754721
8225577628,149785380
8225816668,148062207
8226055708,146679431
8226294748,145344502
8226533788,144176439
8226772828,143154384
8359559548,158885086
8359798588,155774450
8360037628,153177643
8360276668,150780437
8360515708,148682882
8360754748,146847521
8490433948,161491580
8490672988,157680132
8490912028,154345115
8491151068,151426975
8491390108,148873603
8491629148,146639402
8621427868,160934476
8621666908,157192666
8621905948,153918582
8622144988,151178759
8622384028,148656414
8622623068,146449362
8753258428,160893191
8753497468,157281542
8753736508,154121349
8753975548,151356180
8754214588,148936657
8754453628,146819574
8884969468,161217127
8885208508,157564986
8885447548,154369362
8885686588,151573191
8885925628,149126542
8886164668,146985724
9016321948,161362508
9016560988,157692194
9016800028,154355669
9017039068,151561210
9017278108,149116058
9017517148,146976550
9148032988,161354481
9148272028,157685170
9148511068,154474523
9148750108,151665207
9148989148,149082056
9149228188,146946799
9279624508,161328449
9279863548,157537392
9280102588,154345218
9280341628,151552065
9280580668,149108056
9280819708,146969549
9411574588,161348355
9411813628,157679810
9412052668,154594833
9412291708,151770478
9412530748,149299168
9412769788,147136772
9543524668,161619675
9543763708,157917215
9544002748,154802563
9544241788,151952242
9544480828,149458211
9544719868,147275934
9675474748,161741442
9675713788,158023761
9675952828,154770790
9676191868,151924441
9676430908,149433885
9676669948,147254649
9807424828,161722817
9807663868,158007464
9807902908,154756531
9808141948,152036964
9808380988,149532343
9808620028,147340800
9939374908,161798200
9939613948,158073425
9939852988,154814246
9940092028,152087465
9940331068,149576531
9940570108,147379464
10071205468,161832031
10071444508,158103027
10071683548,154840148
10071922588,151985129
10072161628,149486987
10072400668,147301113
10203155548,161763473
10203394588,158043038
10203633628,154787658
10203872668,151939200
10204111708,149571800
10204350748,147375325
10335225148,161828409
10335464188,158099857
10335703228,154837374
10335942268,151982702
10336181308,149609864
10336420348,147408631
10467414268,161857552
10467653308,158125358
10467892348,154859688
10468131388,152127227
10468370428,149736323
10468609468,147519282
10599603388,161954371
10599842428,158210074
10600081468,155058814
10600320508,152301462
10600559548,149763779
10600798588,147543306
10731792508,161975392
10732031548,158353468
10732270588,155184284
10732509628,152286248
10732748668,149750467
10732987708,147531658
10864101148,162090200
10864340188,158453925
10864579228,155147184
10864818268,152253786
10865057308,149847062
10865296348,147741179
10996290268,162273531
10996529308,158489339
10996768348,155178171
10997007388,152405899
10997246428,149980161
10997485468,147732640
11128479388,162141060
11128718428,158373427
11128957468,155076748
11129196508,152317154
11129435548,149777509
11129674588,147555320
11260668508,161985905
11260907548,158237666
11261146588,155082957
11261385628,152322587
11261624668,149782263
11261863708,147559480
11392977148,161989545
11393216188,158365851
11393455228,155195119
11393694268,152295729
11393933308,149758762
11394172348,147663916
11525405308,162205926
11525644348,158555185
11525883388,155235786
11526122428,152456312
11526361468,150024273
11526600508,147896238
11657833468,162284208
11658072508,158623682
11658311548,155420721
11658550588,152618130
11658789628,150040863
11659028668,147910755
11790261628,162421910
11790500668,158744171
11790739708,155401149
11790978748,152476005
11791217788,150041504
11791456828,147911316
11922809308,162297401
11923048348,158635225
11923287388,155430821
11923526428,152626968
11923765468,150173597
11924004508,148026897
12055237468,162523534
12055476508,158833092
12055715548,155478955
12055954588,152544085
12056193628,150101074
12056432668,147963439
12187665628,162343009
12187904668,158550132
12188143708,155356365
12188382748,152561819
12188621788,150116591
12188860828,147852017
12320093788,162370514
12320332828,158699199
12320571868,155486799
12320810908,152550949
12321049948,150107080
12321288988,147968695
12452641468,162472608
12452880508,158663532
12453119548,155455590
12453358588,152648641
12453597628,150192560
12453836668,147918490
12585308668,162428678
12585547708,158750093
12585786748,155531331
12586025788,152714914
12586264828,150250549
12586503868,148094230
12717975868,162582451
12718214908,158884644
12718453948,155649063
12718692988,152817930
12718932028,150215688
12719171068,148063727
12850643068,162555761
12850882108,158861290
12851121148,155628628
12851360188,152800049
12851599228,150325042
12851838268,148159411
12983429788,162639484
12983668828,158934548
12983907868,155692729
12984146908,152856137
12984385948,150374119
12984624988,148202354
13116096988,162802059
13116336028,159076801
13116575068,155817200
13116814108,152965050
13117053148,150469418
13117292188,148285740
13248764188,162750022
13249003228,159031269
13249242268,155777360
13249481308,152930190
13249720348,150438916
13249959388,148134051
13381431388,162617294
13381670428,158915132
13381909468,155550740
13382148508,152731897
13382387548,150265409
13382626588,148107232
13514218108,162718828
13514457148,159003974
13514696188,155753477
13514935228,152909292
13515174268,150420630
13515413308,148243051
13647124348,162837669
13647363388,159107960
13647602428,155844465
13647841468,152988906
13648080508,150615292
13648319548,148413380
13780030588,162986707
13780269628,159238368
13780508668,155958572
13780747708,153088750
13780986748,150577656
13781225788,148380449
13912936828,162832892
13913175868,159103780
13913414908,155840807
13913653948,152985706
13913892988,150487492
13914132028,148426555
14045962588,162873235
14046201628,159264080
14046440668,155981070
14046679708,153108436
14046918748,150594881
14047157788,148520520
14178868828,162955455
14179107868,159336023
14179346908,156044020
14179585948,153163517
14179824988,150643077
14180064028,148562692
14311775068,162992355
14312014108,159368310
14312253148,156072271
14312492188,153188237
14312731228,150664707
14312970268,148456618
14444681308,162899540
14444920348,159162097
14445159388,155891834
14445398428,153030354
14445637468,150526559
14445876508,148335739
14577707068,162918771
14577946108,159178924
14578185148,156031558
14578424188,153152613
14578663228,150633536
14578902268,148429344
14710852348,163000676
14711091388,159375591
14711330428,156203642
14711569468,153303186
14711808508,150765287
14712047548,148669626
14843997628,163210922
14844236668,159559556
14844475708,156239611
14844714748,153334659
14844953788,150792826
14845192828,148693722
14977142908,163232006
14977381948,159578005
14977620988,156255754
14977860028,153348784
14978099068,150930186
14978338108,148813912
15110288188,163337173
15110527228,159545026
15110766268,156226897
15111005308,153448534
15111244348,151017467
15111483388,148765283
15243433468,146794622
15243672508,145070294
15243911548,143561507
15244150588,142241318
15244389628,141086153
15244628668,140075383
15376578748,139190960
15376817788,138417090
15377056828,137864953
15377295868,137256833
15377534908,136724728
15377773948,136259137
15509724028,135851744
15509963068,135495276
15510202108,135183366
15510441148,134910445
15510680188,134671639
15510919228,134462684
15642988828,134279848
15643227868,134244867
15643466908,134089258
15643705948,133953100
15643944988,133833962
15644184028,133854716
15776373148,133872876
15776612188,133763766
15776851228,133668295
15777090268,133709758
15777329308,133746038
15777568348,133652783
15909637948,133571185
15909876988,133499786
15910116028,133562312
15910355068,133492023
15910594108,133430520
15910833148,133376705
16042902748,133329616
16043141788,133413414
16043380828,133361737
16043619868,133316519
16043858908,133276954
16044097948,133367334
16176406588,133446417
16176645628,133390614
16176884668,133341787
16177123708,133424063
16177362748,133496055
16177601788,133434048
16309790908,133379792
16310029948,133457318
16310268988,133525153
16310508028,133459508
16310747068,133402069
16310986108,133351810
16443175228,133432833
16443414268,133378728
16443653308,133331387
16443892348,133289963
16444131388,133378717
16444370428,133456377
16576440028,133399329
16576679068,133349412
16576918108,133305735
16577157148,133392518
16577396188,133343453
16577635228,133300521
16709943868,133262955
16710182908,133355085
16710421948,133435699
16710660988,133381236
16710900028,133333581
16711139068,133416883
16843567228,133489772
16843806268,133428550
16844045308,133499981
16844284348,133562483
16844523388,133617172
16844762428,133540025
16977071068,133597521
16977310108,133647830
16977549148,133566851
16977788188,133495994
16978027228,133558994
16978266268,133614119
17110813948,133537354
17111052988,133595184
17111292028,133645786
17111531068,133690062
17111770108,133603804
17112009148,133653328
17244437308,133696662
17244676348,133609579
17244915388,133533381
17245154428,133591708
17245393468,133642744
17245632508,133562401
17377941148,133492100
17378180188,133555587
17378419228,133611138
17378658268,133534745
17378897308,133467901
17379136348,133534413
17511564508,133592611
17511803548,133518534
17512042588,133578717
17512281628,133631377
17512520668,133677454
17512759708,133592772
17645307388,133643675
17645546428,133688215
17645785468,133602188
17646024508,133651914
17646263548,133695424
17646502588,133733496
17779169788,133766809
17779408828,133795957
17779647868,133821462
17779886908,133718779
17780125948,133753931
17780364988,133784689
17913032188,133811602
17913271228,133835151
17913510268,133855757
17913749308,133873787
17913988348,133764563
17914227388,133793992
18046775068,133694743
18047014108,133732900
18047253148,133766287
18047492188,133795501
18047731228,133821063
18047970268,133718430
18180756988,133753626
18180996028,133659422
18181235068,133701994
18181474108,133739244
18181713148,133771838
18181952188,133800358
18314619388,133825313
18314858428,133847148
18315097468,133866254
18315336508,133882972
18315575548,133897600
18315814588,133910400
18448481788,133921600
18448720828,133931400
18448959868,133814975
18449198908,133838103
18449437948,133858340
18449676988,133876047
18582344188,133891541
18582583228,133905098
18582822268,133916960
18583061308,133927340
18583300348,133936422
18583539388,133944369
18716326108,133951322
18716565148,133957406
18716804188,133962730
18717043228,133967388
18717282268,133971464
18717521308,133975031
18850427548,133978152
18850666588,133980883
18850905628,133983272
18851144668,133985363
18851383708,133987192
18851622748,133988793
18984528988,133990193
18984768028,133991418
18985007068,134117490
18985246108,134102803
18985485148,134089952
18985724188,134078708
19118630428,134068869
19118869468,134060260
19119108508,134052727
19119347548,134046136
19119586588,134040369
19119825628,134035322
19252851388,134030906
19253090428,134152042
19253329468,134133036
19253568508,134116406
19253807548,134101855
19254046588,134214123
19386952828,134187357
19387191868,134163937
19387430908,134143444
19387669948,134125513
19387908988,134109823
19388148028,134096095
19521054268,134209083
19521293308,134182947
19521532348,134160078
19521771388,134140068
19522010428,134247559
19522249468,134216614
19655155708,134189537
19655394748,134165844
19655633788,134145113
19655872828,134126973
19656111868,134111101
19656350908,134097213
19789376668,134085061
19789615708,134074428
19789854748,134065124
19790093788,134181983
19790332828,134159235
19790571868,134139330
19923717148,134121913
19923956188,134106673
19924195228,134218338
19924434268,134191045
19924673308,134167164
19924912348,134146268
20058057628,134252984
20058296668,134346361
20058535708,134303065
20058774748,134265181
20059013788,134357033
20059252828,134437403
20192398108,134382727
20192637148,134334886
20192876188,134293025
20193115228,134381396
20193354268,134333721
20193593308,134292005
20326858108,134255504
20327097148,134348566
20327336188,134429995
20327575228,134376245
20327814268,134329214
20328053308,134413062
20461198588,134486429
20461437628,134425625
20461676668,134372421
20461915708,134325868
20462154748,134410134
20462393788,134358867
20595539068,134314008
20595778108,134274757
20596017148,134365412
20596256188,134444735
20596495228,134389143
20596734268,134340500
20729879548,134297937
20730118588,134385694
20730357628,134337482
20730596668,134295296
20730835708,134258384
20731074748,134351086
20864339548,134432200
20864578588,134378175
20864817628,134330903
20865056668,134414540
20865295708,134487722
20865534748,134426756
20998919068,134373411
20999158108,134451734
20999397148,134520267
20999636188,134455233
20999875228,134398328
21000114268,134473537
21133498588,134539344
21133737628,134471926
21133976668,134412935
21134215708,134486318
21134454748,134550528
21134693788,134481712
21268078108,134546498
21268317148,134603185
21268556188,134652786
21268795228,134571187
21269034268,134624788
21269273308,134671689
21402777148,134587727
21403016188,134639261
21403255228,134684353
21403494268,134723808
21403733308,134633332
21403972348,134554165
21537356668,134609894
21537595708,134533657
21537834748,134466949
21538073788,134533580
21538312828,134591882
21538551868,134642896
21671936188,134562534
21672175228,134617217
21672414268,134665064
21672653308,134581931
21672892348,134509189
21673131388,134570540
21806635228,134624222
21806874268,134546194
21807113308,134602919
21807352348,134652554
21807591388,134695984
21807830428,134608986
21941453788,134657862
21941692828,134700629
21941931868,134613050
21942170908,134661418
21942409948,134703740
21942648988,134740772
22076272348,134773175
22076511388,134801528
22076750428,134826337
22076989468,134723044
22077228508,134757663
22077467548,134787955
22211090908,134814460
22211329948,134837652
22211568988,134857945
22211808028,134875701
22212047068,134891238
22212286108,134904833
22346028988,134916728
22346268028,134927137
22346507068,134936244
22346746108,134944213
22346985148,134826186
22347224188,134847912
22480847548,134741923
22481086588,134774182
22481325628,134802409
22481564668,134827107
22481803708,134848718
22482042748,134867628
22615666108,134884174
22615905148,134773652
22616144188,134801945
22616383228,134826701
22616622268,134848363
22616861308,134742317
22750484668,134774527
22750723708,134802711
22750962748,134702372
22751201788,134739575
22751440828,134772128
22751679868,134800612
22885422748,134825535
22885661788,134847343
22885900828,134866425
22886139868,134883121
22886378908,134897730
22886617948,134910513
23020480348,134921698
23020719388,134931485
23020958428,134940049
23021197468,134947542
23021436508,134954099
23021675548,134959836
23155537948,134964856
23155776988,134969249
23156016028,135098092
23156255068,135085830
23156494108,135075101
23156733148,135065713
23290595548,135057498
23290834588,135050310
23291073628,135044021
23291312668,135038518
23291551708,135033703
23291790748,135029490
23425772668,135025803
23426011708,135147577
23426250748,135129129
23426489788,135112987
23426728828,135098863
23426967868,135086505
23560830268,135075691
23561069308,135066229
23561308348,135057950
23561547388,135050706
23561786428,135044367
23562025468,135163821
23695887868,135143343
23696126908,135125425
23696365948,135109746
23696604988,135096027
23696844028,135084023
23697083068,135073520
23830945468,135064330
23831184508,135056288
23831423548,135049252
23831662588,135043095
23831901628,135037708
23832140668,135032994
23966122588,135153869
23966361628,135134635
23966600668,135117805
23966839708,135103079
23967078748,135215194
23967317788,135188294
24101419228,135164757
24101658268,135144162
24101897308,135126141
24102136348,135235373
24102375388,135205951
24102614428,135180207
24236715868,135157681
24236954908,135137970
24237193948,135245723
24237432988,135215007
24237672028,135188131
24237911068,135164614
24372012508,135269037
24372251548,135360407
24372490588,135315356
24372729628,135275936
24372968668,135241444
24373207708,135336263
24507428668,135294230
24507667708,135257451
24507906748,135225269
24508145788,135322110
24508384828,135406846
24508623868,135355990
24642725308,135311491
24642964348,135272554
24643203388,135363484
24643442428,135318048
24643681468,135278292
24643920508,135243505
24778021948,135338066
24778260988,135420807
24778500028,135368206
24778739068,135322180
24778978108,135281907
24779217148,135371668
24913318588,135325209
24913557628,135284557
24913796668,135248987
24914035708,135342863
24914274748,135425005
24914513788,135371879
25048734748,135325394
25048973788,135284719
25049212828,135374129
25049451868,135327362
25049690908,135286441
25049929948,135250635
25184275068,135344305
25184514108,135426266
25184753148,135372982
25184992188,135326359
25185231228,135410564
25185470268,135484243
25321010268,135673712
25321249308,135839498
25321488348,135984560
25321727388,136111490
25321966428,136097553
25322205468,136210358
25458816828,136309063
25459055868,136520430
25459294908,136705376
25459533948,136867204
25459772988,137008803
25460012028,137132702
25598655228,137491114
25598894268,137679724
25599133308,137969758
25599372348,138223538
25599611388,138445595
25599850428,138514895
25742676828,139200533
25742915868,139800466
25743154908,140325407
25743393948,140784731
25743632988,141186639
25743872028,141538309
25895423388,142971020
25895662428,144224642
25895901468,145196561
25896140508,146171990
25896379548,147025491
25896618588,147772304
26065500348,150550766
26065739388,152981920
26065978428,155109180
26066217468,156970532
26066456508,158599215
26066695548,160024313
26268325788,165396273
26268564828,170096738
26268803868,174209645
26269042908,177808439
26269281948,180957384
26269520988,183712711
26469358428,185873622
26469597468,187764419
26469836508,189418866
26470075548,190866507
26470314588,192133193
26666924988,217741543
26667164028,215273850
26667403068,213114618
26667642108,211100290
26667881148,209337753
26859232668,207295533
26859471708,205383591
26859710748,203710642
26859949788,202246811
27060069308,226090959
27060862908,222954589
27061101948,220335265
27061340988,218043356
27259983228,240787936
27260700348,235689444
27260939388,231103263
27261297948,227215355
27445956348,222063435
27446195388,217555505
27446553948,213611066
27629897628,232909682
27630136668,226920971
27630375708,221555849
27813480348,239736367
27813719388,232769321
27813958428,226548155
27998258268,244229635
27998497308,236825930
27998736348,230347688
28183992348,247804227
28184231388,240078698
28184470428,233318860
28370324028,250654002
28370563068,242697251
28370802108,235610094
28557850908,252783832
28558089948,244685853
28558328988,237600121
28745855868,254775105
28746094908,246553216
28746333948,239234064
28933980348,256204806
28934219388,247804205
28934458428,240328679
29123897628,257412594
29124136668,249111019
29124375708,241722141
29314532028,235381873
29314771068,229709138
29315010108,224870495
29506242108,220761683
29506481148,217166472
29506720188,213895663
29698071708,211158705
29698310748,208763866
29698549788,206668382
29891216028,204959834
29891455068,203464854
29891694108,202156747
30085436028,201137153
30085675068,200245008
30085914108,199464382
30279416988,198781334
30279656028,198183667
30279895068,197660708
30473397948,221453119
30473636988,218021479
30473876028,215018794
30668574108,236766444
30668813148,231545638
30669052188,227102433
30863750268,247464628
30863989308,240906549
30864228348,235293230
31058926428,254506576
31059165468,247193254
31059404508,240794097
31253624508,259319834
31253863548,251279854
31254102588,244244872
31449278748,262464263
31449517788,254156230
31449756828,246761701
31645769628,240416488
31646008668,234989427
31646247708,230240748
31841782428,225960654
31842021468,222215572
31842260508,218938625
32038512348,216196296
32038751388,213671759
32038990428,211462789
32236556988,209779940
32236796028,208307447
32237035068,207144016
32433884508,205876014
32434123548,204891512
32434362588,203905073
32630853468,227541938
32631092508,223849195
32631331548,220493045
32828300508,242181414
32828539548,236658737
32828778588,231701394
33025508508,251988719
33025747548,245115129
33025986588,239100737
33221760348,258338144
33221999388,250545876
33222238428,243852641
33418729308,262496060
33418968348,254309052
33419207388,247270420
33616654428,265611617
33616893468,257160164
33617132508,249765143
33813862428,243169500
33814101468,237523312
33814340508,232457898
34010831388,228025660
34011070428,224147452
34011309468,220754020
34208636988,217909767
34208876028,215296046
34209115068,213134040
34407279228,211367285
34407518268,209821374
34407757308,208343702
34604606748,206925739
34604845788,205685021
34605084828,204724393
34802053788,203883843
34802292828,203148362
34802531868,202504816
34999500828,226441714
34999739868,222761499
34999978908,219541311
35196469788,241348647
35196708828,235805066
35196947868,230954432
35394036348,251460128
35394275388,244777612
35394514428,238930410
35591722428,258439108
35591961468,250759219
35592200508,244164316
35790245148,263143776
35790484188,255125804
35790723228,248110078
35988170268,241846318
35988409308,236365528
35988648348,231569837
36186214908,227373607
36186453948,223701906
36186692988,220489167
36385574268,217803021
36385813308,215452643
36386052348,213521062
36583857948,211580929
36584096988,210008312
36584336028,208507273
36782619708,207318863
36782858748,206154005
36783097788,205259754
36981500988,204477284
36981740028,203792623
36981979068,203193545
37180740828,227419351
37180979868,223866932
37181218908,220883565
37379263548,243023119
37379502588,237520229
37379741628,232705200
37578742428,253242050
37578981468,246461793
37579220508,240654068
37779340028,260572309
37779536028,253125770
37779775068,246610048
37780014108,240908792
37979971068,235795193
37980210108,231445793
37980449148,227515068
38181840348,224325684
38182079388,221534973
38182318428,219093101
38384546268,217081463
38384785308,215196280
38385143868,213671745
38564184828,209462776
38564423868,205779929
38564662908,202432437
38694581148,193378382
38694820188,185456084
38695059228,178649073
38825814108,172692938
38826053148,167606320
38826292188,163155530
38957405628,175511088
38957644668,170072202
38957883708,165188176
39090072828,177539654
39090311868,171972197
39090550908,167100672
39223696188,179463088
39223935228,173655202
39224174268,168698301
39358634268,181111013
39358873308,175347136
39359112348,170428744
39495126108,183000151
39495365148,177250132
39495604188,172218865
39633052188,184941506
39633291228,179073817
39633530268,173939589
39772292988,186822140
39772532028,180844372
39772771068,175613825
39912489948,188537096
39912728988,182469959
39912968028,177161214
40053762588,190141062
40054001628,184123429
40054240668,178858000
40196230428,192000750
40196469468,185875656
40196708508,180391199
40339415388,193467299
40339654428,187158886
40339893468,181639025
40483556508,194809146
40483795548,188458002
40484034588,183025751
40628175708,196272532
40628414748,189863465
40628653788,184255531
40773751068,197348589
40773990108,190805015
40774229148,185204388
40920282588,198553839
40920521628,192109609
40920760668,186470907
41067531228,199787043
41067770268,193188662
41068009308,187540079
41215616508,200972569
41215855548,194350997
41216094588,188682122
41364299388,202096856
41364538428,195459749
41364777468,189652280
41513699388,203070745
41513938428,196311901
41514177468,190522913
41663696988,204082548
41663936028,197322229
41664175068,191531950
41814292188,205090456
41814531228,198329149
41814770268,192413005
41965604508,205986379
41965843548,199113081
41966082588,193223945
42117155868,206945951
42117394908,200077707
42117633948,194067993
42269304828,207684493
42269543868,200723931
42269782908,194633439
42422051388,208429259
42422290428,201500601
42422529468,195438025
42575156508,209258271
42575395548,202225987
42575634588,196072738
42728978748,209813645
42729217788,202836939
42729456828,196732321
42882920508,210515780
42883159548,203576307
42883398588,197379268
43037340348,211206859
43037579388,204181001
43037818428,197908375
43192118748,211794828
43192357788,204695474
43192596828,198483539
43347255708,212423096
43347494748,205245209
43347733788,198964557
43502870748,212843987
43503109788,205738488
43503348828,199521177
43658485788,213456029
43658724828,206274025
43658963868,199864771
43814339868,213756674
43814578908,206537089
43814817948,200219952
43970672028,214192458
43970911068,206918400
43971150108,200678600
44127362748,214718775
44127601788,207503928
44127840828,201190937
44284053468,215167069
44284292508,207896185
44284531548,201534161
44440744188,215467390
44440983228,208033966
44441222268,201654720
44597793468,215572880
44598032508,208376270
44598271548,202079236
44754962268,215944331
44755201308,208701289
44755440348,202238627
44912489628,216208798
44912728668,208932698
44912967708,202441110
45069897468,216385971
45070136508,209087724
45070375548,202701758
45227424828,216739038
45227663868,209396658
45227902908,202847075
45385071708,216866190
45385310748,209507916
45385549788,203069426
45542957628,217060747
45543196668,209678153
45543435708,203218383
45700843548,217191085
45701082588,209917199
45701321628,203427549
45858609948,217374105
45858848988,209952341
45859088028,203458298
46016495868,217401010
46016734908,209975883
46016973948,203478897
46174501308,217419034
46174740348,209991654
46174979388,203492697
46332506748,217556109
46332745788,210111595
46332984828,203597645
46490631708,217647939
46490870748,210191946
46491109788,203792952
46648637148,217818833
46648876188,210341478
46649115228,203923793
46806762108,217808318
46807001148,210457278
46807240188,204025118
46965006588,218021978
46965245628,210644230
46965484668,204063701
47123370588,218055738
47123609628,210548770
47123848668,203980173
47281615068,217982651
47281854108,210484819
47282093148,204049216
47439859548,218043064
47440098588,210662681
47440337628,204204845
47598223548,218179239
47598462588,210781834
47598701628,204184104
47756707068,218161091
47756946108,210640954
47757185148,204185834
47915310108,218287604
47915549148,210876653
47915788188,204392071
48073793628,218343062
48074032668,210925179
48074271708,204434531
48232396668,218505214
48232635708,211067062
48232874748,204433679
48391238748,218504469
48391477788,211066410
48391716828,204558108
48550319868,218738344
48550558908,211271051
48550797948,204737169
48709520508,218895022
48709759548,211408144
48709998588,204857126
48868721148,218999985
48868960188,211499986
48869199228,205062487
49028160828,219304676
49028399868,211891591
49028638908,205405142
49187720028,219479499
49187959068,211919561
49188198108,205429615
49347518268,219625913
49347757308,212172673
49347996348,205651088
49507555548,219819702
49507794588,212342239
49508033628,205924459
49667592828,220183901
49667831868,212660913
49668070908,206203298
49828108188,220427885
49828347228,212999399
49828586268,206499474
49988982108,220687039
49989221148,213226159
49989460188,206697889
50150214588,221110652
50150453628,213721820
50150692668,207131592
50311686108,221490143
50311925148,213928875
50312164188,207437765
50473277148,221883044
50473516188,214397663
50473755228,207847955
50635346268,222241960
50635585308,214711715
50635824348,208122750
50798012988,222732406
50798252028,215265855
50798491068,208732623
50961038268,223391045
50961277308,215842164
50961516348,209236893
51124541628,223832281
51124780668,216228245
51125019708,209699714
51288642588,224362249
51288881628,216816967
51289120668,210339846
51453221628,225047365
51453460668,217541444
51453699708,210973763
51618159228,225727042
51618398268,218136161
51618637308,211494140
51783694428,226307372
51783933468,218643950
51784172508,212063456
51949588188,226930524
51949827228,219314208
51950066268,212774932
52116199068,227678065
52116438108,220093306
52116677148,213456642
52283766108,228399561
52284005148,220849615
52284244188,214243413
52452169788,229462986
52452408828,221905112
52452647868,215166973
52621171068,230396101
52621410108,222721588
52621649148,216006389
52791128508,231380590
52791367548,223708016
52791606588,216994514
52961922588,232370199
52962161628,224698924
52962400668,217986558
53133792348,233488238
53134031388,225927208
53134270428,219186307
53306737788,234788018
53306976828,227064515
53307215868,220306450
53480639388,236018143
53480878428,228265875
53481117468,221607640
53655616668,237406685
53655855708,229605849
53656094748,222905117
53832028188,238916977
53832267228,231177354
53832506268,224405184
54009754428,240479536
54009993468,232544594
54010232508,225726519
54188675868,242010704
54188914908,234134366
54189153948,227367570
54368912028,243696623
54369151068,235859545
54369390108,229002101
54550940988,245501838
54551180028,237689108
54551419068,230727969
54734404188,247511972
54734643228,239572975
54734882268,232501353
54919660188,249438683
54919899228,241383847
54920138268,234460866
55106469948,251653257
55106708988,243571599
55106948028,236500149
55294952988,253687630
55295192028,245601676
55295431068,238526466
55485467868,256085657
55485706908,247949949
55485945948,240706205
55677536508,258367929
55677775548,250071937
55678014588,242937944
55871039388,260820701
55871278428,252468113
55871517468,245034598
56068008348,239030273
56068247388,233776488
56068486428,229179427
56267606748,225406998
56267845788,222106123
56268084828,219342857
56470312668,217299999
56470551708,215512499
56470790748,213823436
56673138108,212470506
56673377148,211286692
56673616188,210250855
56837836668,204469498
56838075708,199535810
56838314748,195218833
56998710588,211441478
56998949628,205136293
56999188668,199619256
57165321468,215541849
57165560508,209474117
57165799548,204164852
57333008028,220394245
57333247068,213844964
57333486108,208114343
57501650748,224100050
57501889788,217087543
57502128828,211076600
57672325308,227067025
57672564348,220058646
57672803388,213926315
57844792668,229935525
57845031708,222818584
57845270748,216591261
58019172348,232892353
58019411388,225655808
58019650428,219198832
58196061948,235673978
58196300988,228339730
58196540028,221922263
58375820028,238681980
58376059068,231346732
58376298108,224928390
58557848988,241937341
58558088028,234570173
58558327068,227998901
58741551228,245124038
58741790268,237483533
58742029308,230798091
58927882908,248073329
58928121948,240439162
58928360988,233759266
59115051228,251164357
59115290268,243268812
59115529308,236235210
59302936668,253455808
59303175708,245273832
59303414748,238114603
59492614908,255475277
59492853948,247290867
59493092988,240129508
59683129788,257613319
59683368828,249286654
59683607868,242000822
59874720348,259375719
59874959388,250828754
59875198428,243475159
60067864668,261040764
60068103708,252660668
60068342748,245203084
60261845628,238802698
60262084668,233202360
60262323708,228302065
60457619388,224264306
60457858428,220606267
60458097468,217530483
60654349308,214964172
60654588348,212718650
60654827388,210628818
60852513468,209050215
60852752508,207668938
60852991548,206460320
61051753308,205527780
61051992348,204711807
61052231388,204122831
61252307868,203732477
61252546908,203390917
61252785948,203092052
61452742908,227705545
61452981948,224242351
61453220988,221337057
61653340508,243794924
61653656028,238445558
61653895068,233764863
61654134108,229669255
61854927708,226085598
61855166748,223074898
61855525308,220440535
62055644828,243010468
62057394588,238009159
62057633628,233508014
62057872668,229569512
62260100508,226498323
62260339548,223561032
62260578588,220990903
62460698108,243742040
62462567388,238524285
62462925948,233958749
62463164988,230088905
62635393308,223202791
62635632348,216927442
62635871388,211436511
62778100188,224381947
62778339228,214209203
62778578268,205308052
62915787228,214644545
62916026268,205063976
62916265308,196680979
63054908508,206595856
63055147548,198271374
63055386588,190862452
63194866428,201754645
63195105468,194160314
63195344508,187390274
63336378108,199091489
63336617148,191955052
63336856188,185585670
63478248348,197762461
63478487388,190792153
63478726428,184693133
63621313788,197231491
63621552828,190452554
63621791868,184520984
63766052508,197455861
63766291548,190898878
63766530588,185161518
63911866908,198266328
63912105948,191733037
63912344988,186016407
64058517948,199264356
64058756988,192731311
64058996028,186889897
64206364188,200278659
64206603228,193743826
64206842268,188025847
64355047068,201647616
64355286108,195066664
64355525148,189308331
64504327548,202894789
64504566588,196157940
64504805628,190263197
64654205628,203855297
64654444668,197123384
64654683708,191232961
64804800828,204828840
64805039868,198100235
64805278908,192212705
64955993628,205811116
64956232668,199084726
64956471708,193074135
65107903548,206689868
65108142588,199978634
65108381628,193981304
65260411068,207733641
65260650108,200891935
65260889148,194780443
65413396668,208557887
65413635708,201613151
65413874748,195536507
65567099388,209469443
65567338428,202535762
65567577468,196468791
65721160668,210410192
65721399708,203358918
65721638748,197189053
65875939068,211040421
65876178108,204035368
65876417148,197905947
66031076028,211917703
66031315068,204927990
66031554108,198686991
66186691068,212601117
66186930108,205400977
66187169148,199225854
66342664668,213197622
66342903708,206047919
66343142748,199916929
66499116348,213927312
66499355388,206811398
66499594428,200584973
66655807068,214511851
66656046108,207322869
66656285148,201032510
66812736828,215028446
66812975868,207774890
66813214908,201428028
66970144668,215499524
66970383708,208312083
66970622748,202023072
67128030588,216145188
67128269628,208877039
67128508668,202517409
67285916508,216577732
67286155548,209255515
67286394588,202848575
67444041468,216992503
67444280508,209743440
67444519548,203275510
67602405468,217366071
67602644508,209945312
67602883548,203452148
67761247548,217645629
67761486588,210314925
67761725628,203900559
67920089628,218162989
67920328668,210767615
67920567708,204296663
68079051228,218509580
68079290268,211070882
68079529308,204562021
68238371388,218741768
68238610428,211274047
68238849468,204739791
68397691548,218897317
68397930588,211410152
68398169628,204983883
68557011708,219235897
68557250748,211831409
68557489788,205352482
68716570908,219433421
68716809948,211879243
68717048988,205394337
68876369148,219595044
68876608188,212145663
68876847228,205627455
69036047868,219799023
69036286908,212324145
69036525948,205783626
69195846108,219935672
69196085148,212443713
69196324188,205888248
69355524828,220027217
69355763868,212523814
69356002908,205958337
69515323068,220088544
69515562108,212577476
69515801148,206005291
69675240828,220129629
69675479868,212613425
69675718908,206036746
69835278108,220282152
69835517148,212746883
69835756188,206153522
69995195868,220384331
69995434908,212836289
69995673948,206231752
70155113628,220452783
70155352668,212896185
70155591708,206284161
70315150908,220498640
70315389948,212936310
70315628988,206319271
70475307708,220529362
70475546748,212963191
70475785788,206342792
70635584028,220549943
70635823068,212981200
70636062108,206483550
70795740828,220673106
70795979868,213088967
70796218908,206577846
70956017148,220755615
70956256188,213286163
70956495228,206750392
71116412988,220906593
71116652028,213293268
71116891068,206631609
71276808828,220802657
71277047868,213327324
71277286908,206786408
71437324188,221063107
71437563228,213555218
71437802268,206860815
71597839548,221003213
71598078588,213502811
71598317628,206939959
71758593948,221197464
71758832988,213672781
71759072028,207088683
71919587388,221327597
71919826428,213786647
71920065468,207313316
72080580828,221524151
72080819868,213958632
72081058908,207463803
72241574268,221655827
72241813308,214073848
72242052348,207564617
72402806748,221744039
72403045788,214276034
72403284828,207741529
72564158748,222023837
72564397788,214520857
72564636828,207830749
72725869308,222101905
72726108348,214589166
72726347388,208015520
72887818908,222388580
72888057948,214965007
72888296988,208344381
73049768508,222676333
73050007548,215216791
73050246588,208564692
73212196188,222994105
73212435228,215494841
73212674268,208807985
73374982428,223206986
73375221468,215681112
73375460508,209095973
73538007708,223708976
73538246748,216245354
73538485788,209589684
73701511068,224140973
73701750108,216498351
73701989148,209811057
73865014428,224459674
73865253468,216902214
73865492508,210289437
74028995868,224878257
74029234908,217268474
74029473948,210609914
74193574908,225283674
74193813948,217748214
74194052988,211154687
74358512508,225885351
74358751548,218274682
74358990588,211615346
74523928188,226288427
74524167228,218752373
74524406268,212158326
74689821948,227013535
74690060988,219511843
74690300028,212822862
74856193788,227720004
74856432828,220130003
74856671868,213363752
75022924188,228193283
75023163228,220544122
75023402268,213851106
75190371708,228869717
75190610748,221261002
75190849788,214478376
75358297308,229543579
75358536348,221850631
75358775388,215119302
75526940028,230229389
75527179068,222575715
75527418108,215878750
75696299868,231143906
75696538908,223500917
75696777948,216688302
75866615868,231977264
75866854908,224230106
75867093948,217576342
76037648988,233004299
76037888028,225253761
76038127068,218597040
76209399228,234022410
76209638268,226269608
76209877308,219485907
76382225148,235050168
76382464188,227293897
76382703228,220507159
76556007228,236318764
76556246268,228528918
76556485308,221712803
76730864988,237498702
76731104028,229686364
76731343068,222850568
76906678908,238744247
76906917948,230901216
76907156988,224038564
77083927068,240033743
77084166108,232279525
77084405148,225494584
77262489948,241682761
77262728988,233847415
77262968028,226866488
77442367548,243258177
77442606588,235350904
77442845628,228432041
77623440348,245003035
77623679388,237002655
77623918428,230002323
77805947388,246627032
77806186428,238673653
77806425468,231714446
77990127708,248625140
77990366748,240671997
77990605788,233587997
78175981308,250514497
78176220348,242450184
78176459388,235393911
78363508188,252594672
78363747228,244520338
78363986268,237330295
78552230268,254664008
78552469308,246456007
78552708348,239274006
78742864668,256739755
78743103708,248522285
78743342748,241331999
78934455228,258915499
78934694268,250551061
78934933308,243107178
79129392348,237093780
79129631388,231832057
79129870428,227228049
79326361308,223449542
79326600348,220143349
79326839388,217250430
79526318268,215094126
79526557308,213207360
79526796348,211556440
79729143708,210486885
79729382748,209551024
79729621788,208732146
79907348028,204890627
79907587068,201529298
79907826108,198588135
80052684348,191889618
80052923388,186028415
80053162428,181024863
80196825468,194521755
80197064508,188331535
80197303548,182915093
80342759388,196175706
80342998428,189903742
80343237468,184415774
80490247068,197988802
80490486108,191740201
80490725148,186272675
80639766588,199988590
80640005628,193740016
80640244668,188272514
80791078908,202363449
80791317948,196068017
80791556988,190434514
80944542588,204630199
80944781628,198176424
80945020668,192654371
81099679548,207072574
81099918588,200563502
81100157628,194993064
81256728828,209493931
81256967868,202932189
81257206908,197315665
81415570908,212026206
81415809948,205397930
81416048988,199723188
81576086268,214632789
81576325308,207928690
81576564348,202062603
81738274908,217054777
81738513948,210172929
81738752988,204151312
81902017308,219382398
81902256348,212459598
81902495388,206402148
82067313468,221726879
82067552508,214636019
82067791548,208431516
82234043868,223877576
82234282908,216767879
82234521948,210546894
82402328028,226103532
82402567068,218840590
82402806108,212485516
82572046428,228174826
82572285468,220902972
82572524508,214540100
82743079548,230347587
82743318588,222929138
82743557628,216437995
82915307868,232258245
82915546908,224725964
82915785948,218135218
83088970428,233993315
83089209468,226494150
83089448508,219932381
83263947708,235940833
83264186748,228448228
83264425788,221767199
83440120188,237921299
83440359228,230306136
83440598268,223517869
83617129308,239703135
83617368348,231865243
83617607388,225007087
83795453148,241256201
83795692188,233349175
83795931228,226430528
83974733148,242751712
83974972188,234782748
83975211228,227934904
84155088828,244443041
84155327868,236512660
84155566908,229573577
84336161628,246001879
84336400668,237876644
84336639708,230767063
84518310108,247296180
84518549148,239134157
84518788188,231992387
84701175708,248618338
84701414748,240416045
84701653788,233239039
84884877948,249834159
84885116988,241604889
84885356028,234404277
85069177788,251103742
85069416828,242840774
85069655868,235485677
85254314268,252174967
85254553308,243778096
85254792348,236430834
85439331228,253126979
85439570268,244611106
85439809308,237159717
85625543388,253889752
85625782428,245403533
85626021468,238103091
85811875068,254840204
85812114108,246360178
85812353148,238940155
85998565308,255572635
85998804348,247001055
85999043388,239500923
86186211708,256313307
86186450748,247774143
86186689788,240302375
86374933788,257139578
86375172828,248622130
86375411868,241169363
86564492508,258273192
86564731548,249739043
86564970588,242146662
86753573148,259128329
86753812188,250362287
86754051228,242817001
86943251388,236214875
86943490428,230438015
86943729468,225258263
87133766268,220850980
87134005308,217119607
87134244348,213854656
87324161628,210997824
87324400668,208373096
87324639708,206076459
87513839868,203941901
87514078908,202199163
87514317948,200674267
87704354748,199464983
87704593788,198281860
87704832828,197246627
87895228188,220215798
87895467228,216563823
87895706268,213368345
88086221148,234447301
88086460188,229016388
88086699228,224264339
88276616508,243856296
88276855548,237124259
88277094588,231358726
88467131388,250063885
88467370428,242680899
88467609468,236220786
88659319548,254443187
88659558588,246637788
88659797628,239808064
88851149148,257832056
88851388188,249603049
88851627228,242402667
89042859228,259977333
89043098268,251480166
89043337308,244045145
89234808348,261414501
89235047388,252862688
89235286428,245254852
89426637948,238597995
89426876988,232648245
89427116028,227567214
89618348028,223121312
89618587068,219231148
89618826108,215702254
89809819068,212614472
89810058108,210037663
89810297148,207782955
90001170588,205810085
90001409628,203958824
90001648668,202338971
90192761148,200921599
90193000188,199806399
90193239228,198830599
90384590748,197976774
90384829788,197229677
90385068828,196575967
90576539868,219878971
90576778908,216394099
90577017948,213469836
90768728028,234661106
90768967068,229328467
90769206108,224787408
90960557628,244563982
90960796668,237993484
90961035708,232369298
91153104348,251323135
91153343388,244032743
91153582428,237653650
91345890108,255946943
91346129148,248078575
91346368188,241193753
91538914908,259169533
91539153948,251023341
91539392988,243770423
91731461628,237424120
91731700668,231746105
91731939708,226777841
91923769308,222430610
91924008348,218751783
91924247388,215532810
92116435548,212716208
92116674588,210126682
92116913628,207860846
92309340828,206003240
92309579868,204377835
92309818908,202955605
92502007068,201711154
92502246108,200622259
92502485148,199669476
92695270908,198835791
92695509948,198106317
92695748988,197468027
92889490908,221159523
92889729948,217764582
92889968988,214794009
93083830428,236444757
93084069468,231264162
93084308508,226731141
93278528508,247014748
93278767548,240512904
93279006588,234823791
93473585148,254095817
93473824188,246708839
93474063228,240370234
93669478428,259073954
93669717468,251189709
93669956508,244290995
93864893628,262504620
93865132668,254191542
93865371708,246917599
94061384508,240677899
94061623548,235093161
94061862588,230206515
94257636348,225930700
94257875388,222189362
94258114428,219040691
94454246748,216285604
94454485788,213874903
94454724828,211640540
94651574268,209810472
94651813308,208209163
94652052348,206933017
94849618908,205816389
94849857948,204839340
94850096988,203984422
95049097788,228111369
95049336828,224597447
95049575868,221522766
95248935228,243582420
95249174268,238134617
95249413308,233367789
95449532828,254196815
95449967868,247547213
95450206908,241728811
95450445948,236637709
95652434748,232432995
95652673788,228753870
95653032348,225534636
95853151868,247717806
95854901628,242003080
95855140668,237127695
95855379708,232736733
96010397148,223269641
96010636188,214860935
96010875228,207378318
96179398428,221956028
96179637468,215336524
96179876508,209544458
96336686748,224101400
96336925788,215713725
96337164828,208499509
96495289788,221937070
96495528828,214069936
96495767868,207186194
96656163708,221162919
96656402748,213642554
96656641788,207062234
96819667068,221679454
96819906108,214344522
96820145148,208051456
96985202268,223170024
96985441308,216023771
96985680348,209770799
97152888828,225049449
97153127868,217918267
97153366908,211678483
97322726748,227343672
97322965788,220175713
97323204828,213903748
97494476988,229790779
97494716028,222566931
97494955068,216246064
97668737148,232340306
97668976188,225047767
97669215228,218791796
97844312028,235192821
97844551068,227793718
97844790108,221319503
98021679708,237654565
98021918748,230072744
98022157788,223563651
98200601148,240118194
98200840188,232478419
98201079228,225918616
98381315388,242553789
98381554428,234859565
98381793468,228127119
98563702908,244861229
98563941948,237003575
98564180988,230253128
98747285628,247221487
98747524668,239318801
98747763708,232403950
98932422108,249353456
98932661148,241309274
98932900188,234270614
99118992828,251361787
99119231868,243316563
99119470908,236276992
99306878268,253492368
99307117308,245430822
99307356348,238251969
99495719868,255470472
99495958908,247161663
99496197948,239891455
99685278588,257155023
99685517628,248760645
99685756668,241415564
99875793468,258613618
99876032508,250161915
99876271548,242766675
