1100083704,100000000
1218375108,102250000
1219092228,104343750
1219694148,106175781
1220411268,107903808
1221013188,109540832
1325603504,123973228
1326559664,121976574
1326798704,120104502
1327635344,118591439
1328591504,117392509
1328830544,116218445
1329667184,115191139
1438757500,127917246
1438996540,126052590
1439952700,124421016
1440191740,123118389
1440430780,121978590
1441745500,120981266
1443060220,120358607
1443299260,119688781
1443538300,119102683
1444494460,118714847
1444733500,118250491
1539242376,116094179
1540198536,114207406
1540437576,112431480
1540676616,110877545
1541991336,109517851
1543425576,108328119
1543664616,107287104
1543903656,106376216
1544740296,105579189
1544979336,104881790
1639488212,104271566
1640563892,103737620
1640802932,103270417
1641041972,102986614
1642237172,102738287
1643790932,102396001
1644029972,102221500
1644269012,102068812
1644986132,101810210
1645225172,101708933
1741765888,113620316
1742722048,112292776
1742961088,111006179
1743200128,110005406
1744514848,109129730
1745949088,108363513
1746188128,107693073
1746427168,106981438
1746666208,106358758
1747383328,105938913
1747622368,105446548
1843445964,105015729
1844402124,104638762
1844641164,104308916
1844880204,103895301
1846433964,103658388
1847868204,103451089
1848107244,103269702
1848346284,103110989
1848585324,102972115
1849302444,102975600
1849541484,102853650
1945723640,114746943
1946679800,113278575
1946918840,111868753
1947157880,110760158
1948711640,109915138
1950145880,109175745
1950384920,108403776
1950623960,107603304
1950863000,106902891
1951102040,106415029
1951819160,105863150
1952058200,105505256
2047523236,105067099
2048479396,104683711
2048718436,104348247
2048957476,103929716
2050750276,103688501
2052184516,103477438
2052423556,103292758
2052662596,103131163
2052901636,102989767
2053140676,102991046
2053857796,102867165
2054096836,102883769
2149561872,114648297
2150518032,113192259
2150757072,111793226
2150996112,110569072
2152788912,109747938
2154223152,109029445
2154462192,108150764
2154701232,107381918
2154940272,106709178
2155179312,106245530
2155418352,105714838
2156135472,105375483
2156374512,104953547
2251361468,104584353
2252317628,104261308
2252556668,103978644
2252795708,103731313
2254827548,103514898
2256261788,103325535
2256500828,103159843
2256739868,103014862
2256978908,102888004
2257217948,102902003
2257456988,102789252
2258174108,102815595
2258413148,102713645
2354746268,114624439
2355821948,113296384
2356060988,112134336
2356300028,111117544
2358212348,110477851
2358451388,109668119
2359885628,108834604
2360124668,108230278
2360363708,107701493
2360602748,107238806
2360841788,106708955
2361080828,106370335
2361917468,105949043
2362156508,105705412
2461716668,105867235
2463031388,106133830
2463270428,106242101
2463509468,106336838
2465421788,106419733
2465660828,106492266
2467095068,106805732
2467334108,106955015
2467573148,106960638
2467812188,106965558
2468051228,107094863
2468290268,107208005
2469365948,107307004
2469604988,107393628
2572033628,120219424
2573228828,119191996
2573467868,118042996
2573706908,117037621
2575619228,116407918
2575858268,115606928
2577292508,115156062
2577531548,114511554
2577770588,113947609
2578009628,113579157
2578248668,113256762
2578487708,112849666
2579443868,112618457
2579682908,112291149
2682231068,124879755
2683426268,123144785
2683665308,121501686
2683904348,120063975
2685816668,119055978
2686055708,118048980
2687489948,117292857
2687728988,116381249
2687968028,115583592
2688207068,115010643
2688446108,114384312
2688685148,113836273
2689641308,113481738
2689880348,113046520
2791472348,125415705
2792667548,123488741
2792906588,121677648
2793145628,120217942
2795057948,119190699
2795296988,118041861
2796731228,117036628
2796970268,116032049
2797209308,115278042
2797448348,114618286
2797687388,113916000
2797926428,113301500
2798882588,112888812
2799121628,112527710
2900713628,124836746
2901908828,122982152
2902147868,121359383
2902386908,119939460
2904299228,118822027
2904538268,117594273
2905972508,116644988
2906211548,115814364
2906450588,115087568
2906689628,114326622
2906928668,113660794
2907167708,113203194
2908123868,112927794
2908362908,112561819
3009954908,124741591
3011150108,123023892
3011389148,121395905
3011628188,119846416
3013540508,118740614
3013779548,117523037
3015213788,116707657
3015452828,115869199
3015691868,115010549
3015930908,114259230
3016169948,113726826
3016408988,113260972
3017365148,112853350
3017604188,112371681
3119196188,124700220
3120391388,122987692
3120630428,121239230
3120869468,119709326
3122781788,118620660
3123020828,117543077
3124455068,116725192
3124694108,115759543
3124933148,114914600
3125172188,114300275
3125411228,113762740
3125650268,113167397
3126606428,112771472
3126845468,112300038
3228437468,124637533
3229632668,122807841
3229871708,121081860
3230110748,119696627
3232023068,118734548
3232262108,117642729
3233696348,116687387
3233935388,115726463
3234174428,115010655
3234413468,114384323
3234652508,113711282
3234891548,113122371
3235847708,112732074
3236086748,112390564
3337678748,124716743
3338873948,122877150
3339112988,121267506
3339352028,119859067
3341264348,118751683
3341503388,117532722
3342937628,116591131
3343176668,115767239
3343415708,115046334
3343654748,114290542
3343893788,113629224
3344132828,113175571
3345088988,112903624
3345328028,112540671
3446920028,124723087
3448115228,123007701
3448354268,121381738
3448593308,119834020
3450505628,118729767
3450744668,117513546
3452178908,116699352
3452417948,115861933
3452656988,115004191
3452896028,114253667
3453135068,113721958
3453374108,113256713
3454330268,112849623
3454569308,112368420
3556161308,124697367
3557356508,122985196
3557595548,121237046
3557834588,119707415
3559746908,118618988
3559985948,117416614
3561420188,116614537
3561659228,115662719
3561898268,114829879
3562137308,114226144
3562376348,113697876
3562615388,113110641
3563571548,112721810
3563810588,112256583
3665402588,124599510
3666597788,122774571
3666836828,121052749
3667075868,119671155
3668988188,118587260
3669227228,117513852
3670661468,116699620
3670900508,115737167
3671139548,115020021
3671378588,114392518
3671617628,113718453
3671856668,113128646
3672812828,112737565
3673051868,112395369
3774643868,124720947
3775839068,122880828
3776078108,121270724
3776317148,119861883
3778229468,118754147
3778468508,117659878
3779902748,116702393
3780141788,115864593
3780380828,115131518
3780619868,114365078
3780858908,113694443
3781097948,113232637
3782054108,112953557
3782293148,112584362
3883885148,124761316
3885080348,123041151
3885319388,121411007
3885558428,119859631
3887470748,118752177
3887709788,117533154
3889144028,116716509
3889383068,115876945
3889622108,115017326
3889861148,114265160
3890100188,113732015
3890339228,113265513
3891295388,112857323
3891534428,112375157
3993126428,124703262
3994321628,122990354
3994560668,121241559
3994799708,119711364
3996712028,118622443
3996951068,117419637
3998385308,116617182
3998624348,115665034
3998863388,114831904
3999102428,114227916
3999341468,113699426
3999580508,113111997
4000536668,112722997
4000775708,112257622
4102367708,124600419
4103562908,122775366
4103801948,121053445
4104040988,119671764
4105953308,118587793
4106192348,117514318
4107626588,116700028
4107865628,115737524
4108104668,115020333
4108343708,114392791
4108582748,113718692
4108821788,113128855
4109777948,112737748
4110016988,112395529
4211608988,124721087
4212804188,122880951
4213043228,121270832
4213282268,119861978
4215194588,118754230
4215433628,117659951
4216867868,116702457
4217106908,115864649
4217345948,115131567
4217584988,114365121
4217824028,113694480
4218063068,113232670
4219019228,112953586
4219258268,112584387
4320850268,124761338
4322045468,123041170
4322284508,121411023
4322523548,119859645
4324435868,118752189
4324674908,117533165
4326109148,116716519
4326348188,115876954
4326587228,115017334
4326826268,114265167
4327065308,113732021
4327304348,113265518
4328260508,112857328
4328499548,112375162
4430091548,124703266
4431286748,122990357
4431525788,121241562
4431764828,119711366
4433677148,118622445
4433916188,117419639
4435350428,116617184
4435589468,115665036
4435828508,114831906
4436067548,114227917
4436306588,113699427
4436545628,113111998
4437501788,112722998
4437740828,112257623
4539332828,124600420
4540528028,122775367
4540767068,121053446
4541006108,119671765
4542918428,118587794
4543157468,117514319
4544591708,116700029
4544830748,115737525
4545069788,115020334
4545308828,114392792
4545547868,113718693
4545786908,113128856
4546743068,112737749
4546982108,112270530
4648574108,124611713
4649769308,122785248
4650008348,121187092
4650247388,119788705
4652159708,118690116
4652398748,117603851
4653832988,116653369
4654072028,115821697
4654311068,115093984
4654550108,114332236
4654789148,113665706
4655028188,113207492
4655984348,112806555
4656223388,112455735
4757815388,124773768
4759010588,123052047
4759249628,121420541
4759488668,119867973
4761400988,118759476
4761640028,117539541
4763074268,116722098
4763313308,115881835
4763552348,115021605
4763791388,114268904
4764030428,113735291
4764269468,113268379
4765225628,112859831
4765464668,112502352
4867056668,124814558
4868251868,123087738
4868490908,121326770
4868729948,119785923
4870642268,118687682
4870881308,117476721
4872315548,116667130
4872554588,115708738
4872793628,114870145
4873032668,114261376
4873271708,113728704
4873510748,113137616
4874466908,112745414
4874705948,112277237
4976297948,124617582
4977493148,122790384
4977732188,121066586
4977971228,119558262
4979883548,118488479
4980122588,117427419
4981556828,116623991
4981795868,115670992
4982034908,114962118
4982273948,114341853
4982512988,113674121
4982752028,113089855
4983708188,112703623
4983947228,112240670
5085539228,124585586
5086734428,122762387
5086973468,121042088
5087212508,119661827
5089124828,118704098
5089363868,117616085
5090798108,116664074
5091037148,115831064
5091276188,115102181
5091515228,114339408
5091754268,113671982
5091993308,113087984
5092949468,112701986
5093188508,112364237
5194785148,124693707
5195980348,122856993
5196219388,121249868
5196458428,119843634
5198370748,118738179
5198609788,117520906
5200044028,116705792
5200283068,115867568
5200522108,115009122
5200761148,114257981
5201000188,113725733
5201239228,113260016
5202195388,112977514
5202434428,112605324
5305225948,125029658
5306421148,123400950
5306660188,121850831
5306899228,120369477
5308811548,119323292
5309050588,118282880
5310484828,117497520
5310723868,116560330
5310962908,115740288
5311201948,115147752
5311440988,114629283
5311680028,114050622
5312636188,113669294
5312875228,113210632
5416140508,125809303
5417335708,124083140
5417574748,122447747
5417813788,121016778
5419726108,120014680
5419965148,118887845
5421399388,118026864
5421638428,117148506
5421877468,116379942
5422116508,115832449
5422355548,115228392
5422594588,114699843
5423550748,114362362
5423789788,113942066
5527891708,126574307
5529086908,124877518
5529325948,123267828
5529564988,121859349
5531477308,120876930
5531716348,119767313
5533150588,119046398
5533389628,118165598
5533628668,117394898
5533867708,116720535
5534106748,116130468
5534345788,115614159
5535301948,115287389
5535540988,114876465
5641077148,127766906
5642272348,126171042
5642511388,124524661
5642750428,123084078
5644662748,122073568
5644901788,120939372
5646336028,120196950
5646575068,119297331
5646814108,118510164
5647053148,117946393
5647292188,117453093
5647531228,116896456
5648487388,116534399
5648726428,116092599
5756055388,129206024
5757250588,127555271
5757489628,125985862
5757728668,124612629
5759640988,123661050
5759880028,122578418
5761314268,121881115
5761553308,121020975
5761792348,120268353
5762031388,119734808
5762270428,119142957
5762509468,118625087
5763465628,118296951
5763704668,117884832
5873065468,131274228
5874260668,129614949
5874499708,128038080
5874738748,126658320
5876651068,125701030
5876890108,124613401
5878324348,123911725
5878563388,123047759
5878802428,122291789
5879041468,121755315
5879280508,121160900
5879519548,120640787
5880475708,120310688
5880714748,119896852
5993302588,133659745
5994497788,132077276
5994736828,130567616
5994975868,129246664
5996888188,128340831
5997127228,127423227
5998441948,126745323
5998680988,125902157
5998920028,125164387
5999159068,124643838
5999398108,124063358
5999637148,123555438
6000593308,123236008
6000832348,122831507
6116886268,136977568
6118081468,135480372
6118320508,134045325
6118559548,132789659
6120471868,131690951
6120710908,130604582
6122025628,129779009
6122264668,129056632
6122503708,128424553
6122742748,127746483
6122981788,127153172
6123220828,126759025
6124176988,126414146
6124416028,126112377
6247641148,126723329
6248836348,127132912
6249075388,127616298
6250987708,128164260
6251226748,128518727
6252302428,128953886
6252541468,129084650
6252780508,129199068
6253019548,129424184
6253258588,129621161
6253497628,129793515
6254453788,129944325
6254692828,129951284
6388316188,146707373
6389511388,146118951
6389750428,145479082
6391662748,144919196
6391901788,144304296
6392977468,143766259
6393216508,143420476
6393455548,143117916
6393694588,142728176
6393933628,142387154
6394172668,142213759
6395128828,142062039
6395367868,141929284
6547994908,144063123
6549190108,146055232
6551102428,148048328
6551341468,149542287
6552178108,150974501
6552417148,152102688
6552656188,152964852
6552895228,153719245
6553134268,154504339
6553373308,155191296
6554329468,155792384
6554568508,156193336
6735521788,179169169
6736716988,180398022
6738629308,181223269
6738868348,181945360
6739704988,182577190
6739944028,183130041
6740183068,183738785
6740422108,184271436
6740661148,184612506
6740900188,184910942
6741856348,185172074
6742095388,185525564
6936195868,187459868
6938944828,189277384
6939183868,190742711
6939900988,192024872
6940140028,193146763
6940379068,194128417
6940618108,194862364
6940857148,195504568
6941096188,196191497
6942052348,196917559
6942291388,197427864
7077468508,214624381
7080097948,205546333
7080336988,197478041
7080934588,190418285
7081173628,184240999
7081412668,178835874
7081651708,174106389
7081890748,169968090
7082129788,166347078
7082966428,163053693
7083205468,160296981
7241928028,160759858
7242167068,160914875
7242764668,161050515
7243003708,161294200
7243242748,161382425
7243481788,161459621
7243720828,161527168
7243959868,161586272
7244796508,161637988
7245035548,161808239
7399694428,161332209
7399933468,160790682
7400292028,160441846
7400531068,160011615
7400770108,159635163
7401009148,159430767
7401248188,159251921
7401487228,159095430
7402204348,158958501
7551604348,177338688
7551843388,174171352
7552201948,171524933
7552440988,169084316
7552680028,166948776
7552919068,165080179
7553158108,163445156
7553397148,162014511
7554114268,160887697
7700884828,159401734
7701123868,158226517
7701362908,157073202
7701601948,156064051
7701840988,155181044
7702080028,154533413
7702319068,153841736
7702558108,153236519
7845384508,170456954
7845623548,167274834
7845862588,164365479
7846101628,161944794
7846340668,159826694
7846579708,157973357
7846818748,156226687
7847057788,154823351
7987135228,153220432
7987374268,151817878
7987613308,150590643
7987852348,149391812
7988091388,148467835
7988330428,147659355
7988569468,146951935
8123985628,163082943
8124224668,159822575
8124463708,156969753
8124702748,154473533
8124941788,152289341
8125180828,150378173
8125419868,148705901
8258804188,146992663
8259043228,145493580
8259282268,144181882
8259521308,143034146
8259760348,142029877
8259999388,141026142
8390515228,156522874
8390754268,153457514
8390993308,150650324
8391232348,148319033
8391471388,146279153
8391710428,144494258
8521031068,159182475
8521270108,155659665
8521509148,152577206
8521748188,149880055
8521987228,147395048
8522226268,145345667
8652742108,159802458
8652981148,156202150
8653220188,153176881
8653459228,150529770
8653698268,148213548
8653937308,146186854
8784572668,160663497
8784811708,157080559
8785050748,154070489
8785289788,151311677
8785528828,148897717
8785767868,146785502
8915925148,161187314
8916164188,157538899
8916403228,154346536
8916642268,151428219
8916881308,148874691
8917120348,146765354
9047636188,161169684
9047875228,157523473
9048114268,154333038
9048353308,151541408
9048592348,149098732
9048831388,146961390
9179347228,161341216
9179586268,157673564
9179825308,154464368
9180064348,151656322
9180303388,149199281
9180542428,147049370
9311058268,145168198
9311297308,143522173
9311536348,142081901
9311775388,140696663
9312014428,139609580
9312253468,138658382
9443008348,137826084
9443247388,137097823
9443486428,136460595
9443725468,135903020
9443964508,135290142
9444203548,134878874
9574958428,134394014
9575197468,134094762
9575436508,133832916
9575675548,133603801
9575914588,133403325
9576153628,133227909
9706908508,133074420
9707147548,132940117
9707386588,132822602
9707625628,132719776
9707864668,132629804
9708103708,132551078
9838858588,132482193
9839097628,132421918
9839336668,132369178
9839575708,132323030
9839814748,132282651
9840053788,132247319
9970808668,132216404
9971047708,132189353
9971286748,132165683
9971525788,132144972
9971764828,132126850
9972003868,132110993
10102639228,132097118
10102878268,131959978
10103117308,131964980
10103356348,131969357
10103595388,131973187
10103834428,131851538
10234589308,131870095
10234828348,131886333
10235067388,131900541
10235306428,131912973
10235545468,131923851
10235784508,131933369
10366658908,131941697
10366897948,131948984
10367136988,131955361
10367376028,131960940
10367615068,131965822
10367854108,131970094
10498848028,131973832
10499087068,132102103
10499326108,132089340
10499565148,132078172
10499804188,132068400
10500043228,132184850
10631037148,132286743
10631276188,132250900
10631515228,132219537
10631754268,132192094
10631993308,132168082
10632232348,132147071
10763226268,132128687
10763465308,132112601
10763704348,132098525
10763943388,132086209
10764182428,132200432
10764421468,132175378
10895534908,132153455
10895773948,132134273
10896012988,132242488
10896252028,132337177
10896491068,132295029
10896730108,132258150
11027724028,132225881
11027963068,132197645
11028202108,132172939
11028441148,132151321
11028680188,132132405
11028919228,132115854
11159913148,132101372
11160152188,132213700
11160391228,132186987
11160630268,132163613
11160869308,132143161
11161108348,132250265
11292102268,132343981
11292341308,132300983
11292580348,132263360
11292819388,132230440
11293058428,132326635
11293297468,132285805
11424410908,132250079
11424649948,132218819
11424888988,132191466
11425128028,132292532
11425367068,132255965
11425606108,132223969
11556839068,132195972
11557078108,132296475
11557317148,132384415
11557556188,132336363
11557795228,132294317
11558034268,132382527
11689267228,132459711
11689506268,132402247
11689745308,132351966
11689984348,132307970
11690223388,132394473
11690462428,132345163
11821695388,132302017
11821934428,132264264
11822173468,132356231
11822412508,132436702
11822651548,132382114
11822890588,132334349
11954243068,132417555
11954482108,132490360
11954721148,132429065
11954960188,132375431
11955199228,132453502
11955438268,132521814
12086671228,132456587
12086910268,132399513
12087149308,132474573
12087388348,132540251
12087627388,132472719
12087866428,132413629
12219099388,132486925
12219338428,132551059
12219577468,132482176
12219816508,132421904
12220055548,132494166
12220294588,132557395
12351527548,132487720
12351766588,132426755
12352005628,132498410
12352244668,132561108
12352483708,132490969
12352722748,132429597
12484075228,132500897
12484314268,132563284
12484553308,132492873
12484792348,132431263
12485031388,132502355
12485270428,132564560
12616742428,132493990
12616981468,132432241
12617220508,132503210
12617459548,132565308
12617698588,132494644
12617937628,132432813
12749409628,132503711
12749648668,132565747
12749887708,132495028
12750126748,132558149
12750365788,132613380
12750604828,132661707
12882076828,132703993
12882315868,132740993
12882554908,132773368
12882793948,132676697
12883032988,132717109
12883272028,132752470
13014863548,132658411
13015102588,132701109
13015341628,132738470
13015580668,132771161
13015819708,132674765
13016058748,132715419
13147530748,132750991
13147769788,132657117
13148008828,132699977
13148247868,132737479
13148486908,132770294
13148725948,132674007
13280197948,132714756
13280436988,132750411
13280676028,132656609
13280915068,132574532
13281154108,132627715
13281393148,132674250
13412865148,132589968
13413104188,132641222
13413343228,132686069
13413582268,132725310
13413821308,132634646
13414060348,132680315
13545651868,132720275
13545890908,132630240
13546129948,132676460
13546368988,132716902
13546608028,132752289
13546847068,132658252
13678558108,132700970
13678797148,132738348
13679036188,132771054
13679275228,132799672
13679514268,132824713
13679753308,132846623
13811464348,132865795
13811703388,132882570
13811942428,132772248
13812181468,132800717
13812420508,132825627
13812659548,132847423
13944370588,132866495
13944609628,132883183
13944848668,132897785
13945087708,132910561
13945326748,132921740
13945565788,132931522
14077396348,132940081
14077635388,132947570
14077874428,132954123
14078113468,132959857
14078352508,132964874
14078591548,132969264
14210302588,132973106
14210541628,132976467
14210780668,132979408
14211019708,132981982
14211258748,132984234
14211497788,132986204
14343208828,132987928
14343447868,132989437
14343686908,132990757
14343925948,132866912
14344164988,132883548
14344404028,132898104
14476115068,132910841
14476354108,132921985
14476593148,132931736
14476832188,132940269
14477071228,132947735
14477310268,132954268
14609140828,132959984
14609379868,132964986
14609618908,132969362
14609857948,132973191
14610096988,132976542
14610336028,132979474
14742286108,132982039
14742525148,132984284
14742764188,132986248
14743003228,133112967
14743242268,133098846
14743481308,133086490
14875431388,133075678
14875670428,133066218
14875909468,133057940
14876148508,133050697
14876387548,133044359
14876626588,133038814
15008576668,133033962
15008815708,133029716
15009054748,133151001
15009293788,133132125
15009532828,133115609
15009771868,133101157
15141602428,133088512
15141841468,133077448
15142080508,133067767
15142319548,133059296
15142558588,133051884
15142797628,133045398
15274747708,133039723
15274986748,133034757
15275225788,133030412
15275464828,133026610
15275703868,133023283
15275942908,133020372
15407892988,133017825
15408132028,133140596
15408371068,133123021
15408610108,133107643
15408849148,133094187
15409088188,133207413
15541038268,133306486
15541277308,133268175
15541516348,133234653
15541755388,133205321
15541994428,133179655
15542233468,133157198
15674303068,133137548
15674542108,133120354
15674781148,133105309
15675020188,133217145
15675259228,133315001
15675498268,133275625
15807687388,133241171
15807926428,133211024
15808165468,133309646
15808404508,133270940
15808643548,133237072
15808882588,133207438
15940832668,133181508
15941071708,133283819
15941310748,133248341
15941549788,133217298
15941788828,133190135
15942027868,133291368
16074216988,133379947
16074456028,133332453
16074695068,133290896
16074934108,133254534
16075173148,133347717
16075412188,133304252
16207720828,133266220
16207959868,133232942
16208198908,133328824
16208437948,133412721
16208676988,133361130
16208916028,133315988
16341105148,133401489
16341344188,133476302
16341583228,133416764
16341822268,133364668
16342061308,133444084
16342300348,133513573
16474369948,133449376
16474608988,133393204
16474848028,133344053
16475087068,133426046
16475326108,133372790
16475565148,133326191
16607754268,133285417
16607993308,133249739
16608232348,133343521
16608471388,133300580
16608710428,133263007
16608949468,133230131
16741258108,133326364
16741497148,133410568
16741736188,133359247
16741975228,133314341
16742214268,133400048
16742453308,133475042
16874761948,133415661
16875000988,133488703
16875240028,133552615
16875479068,133608538
16875718108,133532470
16875957148,133465911
17008385308,133532672
17008624348,133466088
17008863388,133407827
17009102428,133481848
17009341468,133546617
17009580508,133603289
17142128188,133652877
17142367228,133696267
17142606268,133734233
17142845308,133642453
17143084348,133687146
17143323388,133726252
17275632028,133635470
17275871068,133556036
17276110108,133611531
17276349148,133660089
17276588188,133577577
17276827228,133505379
17409255388,133567206
17409494428,133621305
17409733468,133543641
17409972508,133475685
17410211548,133541224
17410450588,133598571
17542878748,133523749
17543117788,133583280
17543356828,133635370
17543595868,133680948
17543834908,133595829
17544073948,133646350
17676621628,133690556
17676860668,133604236
17677099708,133653706
17677338748,133696992
17677577788,133734868
17677816828,133643009
17810484028,133687632
17810723068,133726678
17810962108,133635843
17811201148,133681362
17811440188,133721191
17811679228,133756042
17944226908,133786536
17944465948,133813219
17944704988,133836566
17944944028,133731995
17945183068,133765495
17945422108,133794808
18078089308,133820457
18078328348,133842899
18078567388,133862536
18078806428,133879719
18079045468,133894754
18079284508,133907909
18212071228,133919420
18212310268,133929492
18212549308,133938305
18212788348,133946016
18213027388,133952764
18213266428,133958668
18345933628,133838834
18346172668,133858979
18346411708,133876606
18346650748,133892030
18346889788,133780526
18347128828,133807960
18479796028,133831965
18480035068,133852969
18480274108,133871347
18480513148,133887428
18480752188,133901499
18480991228,133788811
18613658428,133815209
18613897468,133713307
18614136508,133749143
18614375548,133780500
18614614588,133807937
18614853628,133831944
18747640348,133852951
18747879388,133871332
18748118428,133887415
18748357468,133901488
18748596508,133913802
18748835548,133924576
18881741788,133934004
18881980828,133942253
18882219868,133949471
18882458908,133955787
18882697948,133961313
18882936988,133966148
19015843228,133970379
19016082268,134099081
19016321308,134086695
19016560348,134075858
19016799388,134066375
19017038428,134183078
19149944668,134160193
19150183708,134140168
19150422748,134122647
19150661788,134107316
19150900828,134093901
19151139868,134082163
19284165628,134196892
19284404668,134172280
19284643708,134150745
19284882748,134131901
19285121788,134240413
19285360828,134210361
19418267068,134184065
19418506108,134161056
19418745148,134140924
19418984188,134123308
19419223228,134107894
19419462268,134094407
19552368508,134082606
19552607548,134072280
19552846588,134063245
19553085628,134180339
19553324668,134157796
19553563708,134138071
19686469948,134120812
19686708988,134105710
19686948028,134092496
19687187068,134080934
19687426108,134070817
19687665148,134061964
19820690908,134054218
19820929948,134047440
19821168988,134166510
19821408028,134145696
19821647068,134127484
19821886108,134111548
19955031388,134222604
19955270428,134319778
19955509468,134279805
19955748508,134244829
19955987548,134214225
19956226588,134312446
20089371868,134273390
20089610908,134239216
20089849948,134209314
20090088988,134308149
20090328028,134394630
20090567068,134345301
20223712348,134302138
20223951388,134264370
20224190428,134356323
20224429468,134311782
20224668508,134272809
20224907548,134238707
20358172348,134333868
20358411388,134417134
20358650428,134364992
20358889468,134319368
20359128508,134404447
20359367548,134478891
20492512828,134419029
20492751868,134366650
20492990908,134320818
20493229948,134405715
20493468988,134355000
20493708028,134310625
20626853308,134271796
20627092348,134362821
20627331388,134442468
20627570428,134387159
20627809468,134338764
20628048508,134421418
20761193788,134493740
20761432828,134432022
20761671868,134378019
20761910908,134330766
20762149948,134414420
20762388988,134362617
20895653788,134317289
20895892828,134277627
20896131868,134367923
20896370908,134446932
20896609948,134391065
20896848988,134342181
21030233308,134424408
21030472348,134496357
21030711388,134434312
21030950428,134380023
21031189468,134457520
21031428508,134525330
21164812828,134459663
21165051868,134527205
21165290908,134586304
21165529948,134638016
21165768988,134558264
21166008028,134613481
21299392348,134661795
21299631388,134579070
21299870428,134506686
21300109468,134568350
21300348508,134622306
21300587548,134544517
21434091388,134601452
21434330428,134651270
21434569468,134694861
21434808508,134608003
21435047548,134657002
21435286588,134699876
21568670908,134612391
21568909948,134535842
21569148988,134593861
21569388028,134644628
21569627068,134564049
21569866108,134493542
21703250428,134556849
21703489468,134612242
21703728508,134535711
21703967548,134468747
21704206588,134535153
21704445628,134593258
21837949468,134519100
21838188508,134579212
21838427548,134631810
21838666588,134677833
21838905628,134593103
21839144668,134643965
21972768028,134688469
21973007068,134727410
21973246108,134761483
21973485148,134791297
21973724188,134817384
21973963228,134715211
22107586588,134750809
22107825628,134656957
22108064668,134699837
22108303708,134737357
22108542748,134770187
22108781788,134798913
22242405148,134824048
22242644188,134846042
22242883228,134740286
22243122268,134772750
22243361308,134801156
22243600348,134826011
22377343228,134847759
22377582268,134866789
22377821308,134883440
22378060348,134898010
22378299388,134910758
22378538428,134921913
22512161788,134931673
22512400828,134940213
22512639868,134947686
22512878908,134829225
22513117948,134850571
22513356988,134869249
22646980348,134760592
22647219388,134790518
22647458428,134816703
22647697468,134839615
22647936508,134734663
22648175548,134767830
22781798908,134796851
22782037948,134822244
22782276988,134844463
22782516028,134863905
22782755068,134880916
22782994108,134770801
22916736988,134799450
22916976028,134699518
22917215068,134737078
22917454108,134769943
22917693148,134798700
22917932188,134823862
23051794588,134845879
23052033628,134990144
23052272668,134991376
23052511708,134992454
23052750748,134993397
23052989788,134994222
23186852188,134994944
23187091228,134995576
23187330268,134996129
23187569308,134996612
23187808348,134997035
23188047388,135122405
23321909788,135107104
23322148828,135093716
23322387868,135082001
23322626908,135071750
23322865948,135062781
23323104988,135054933
23457086908,135173066
23457325948,135151432
23457564988,135132503
23457804028,135115940
23458043068,135226447
23458282108,135198141
23592144508,135173373
23592383548,135151701
23592622588,135132738
23592861628,135116145
23593100668,135101626
23593339708,135088922
23727202108,135077806
23727441148,135068080
23727680188,135059570
23727919228,135052123
23728158268,135045607
23728397308,135039906
23862259708,135034917
23862498748,135030552
23862737788,135026733
23862976828,135023391
23863215868,135020467
23863454908,135017908
23997436828,135015669
23997675868,135013710
23997914908,135011996
23998153948,135135496
23998392988,135118559
23998632028,135103739
24132733468,135090771
24132972508,135079424
24133211548,135194496
24133450588,135170184
24133689628,135148911
24133928668,135130297
24268030108,135239009
24268269148,135334132
24268508188,135292365
24268747228,135255819
24268986268,135223841
24269225308,135320860
24403326748,135280752
24403565788,135245658
24403804828,135214950
24404043868,135313081
24404282908,135398945
24404521948,135349076
24538742908,135305441
24538981948,135267260
24539220988,135358852
24539460028,135313995
24539699068,135274745
24539938108,135240401
24674039548,135335350
24674278588,135418431
24674517628,135366127
24674756668,135320361
24674995708,135280315
24675234748,135370275
24809336188,135323990
24809575228,135283491
24809814268,135248054
24810053308,135342047
24810292348,135424291
24810531388,135371254
24944632828,135324847
24944871868,135284241
24945110908,135373710
24945349948,135326996
24945588988,135286121
24945828028,135250355
25080048988,135344060
25080288028,135426052
25080527068,135372795
25080766108,135326195
25081005148,135410420
25081244188,135484117
25215589308,135423602
25215828348,135370651
25216067388,135449319
25216306428,135518154
25216545468,135453384
25216784508,135396711
25352324508,135597122
25352563548,135772481
25352802588,135800920
25353041628,135950805
25353280668,136081954
25353519708,136196709
25490131068,136422120
25490370108,136619355
25490609148,136791935
25490848188,136817943
25491087228,136965700
25491326268,137094987
25629849948,137333113
25630088988,137666473
25630328028,137958163
25630567068,138213392
25630806108,138311718
25631045148,138522753
25773991068,139207408
25774230108,139806482
25774469148,140330671
25774708188,140789337
25774947228,141190669
25775186268,141541835
25926737628,142974105
25926976668,144102341
25927215708,145214548
25927454748,146187729
25927693788,147039262
25927932828,147659354
26096814588,150451934
26097053628,153020442
26097292668,155142886
26097531708,157000025
26097770748,158625021
26098009788,160171893
26299161948,165525406
26299400988,170084730
26299640028,174074138
26299879068,177564870
26300118108,180744261
26300357148,183401228
26497087068,185226074
26497326108,186822814
26497565148,188219962
26497804188,189442466
26498043228,190512157
26690350908,215448137
26690589948,212642119
26690828988,210186854
26691068028,208163497
26691307068,206268059
26881224348,204359551
26881463388,202689607
26881702428,201228406
26881941468,199824855
27079508028,223346748
27079747068,220178404
27079986108,217406103
27080225148,215105340
27279345468,213217172
27279584508,211565025
27279823548,210119396
27280062588,208854471
27463525788,205747662
27463764828,203029204
27464003868,200775553
27646510908,221428608
27646749948,216625032
27646988988,212421903
27830213148,231619165
27830452188,225666769
27830691228,220458422
28014991068,238901119
28015230108,232163479
28015469148,226268044
28200247068,244234538
28200486108,236955220
28200725148,230460817
28387056828,248153214
28387295868,240509062
28387534908,233820429
28574225148,251342875
28574464188,243300015
28574703228,236262513
28762110588,253604698
28762349628,245404110
28762588668,238228596
28950713148,255450021
28950952188,247018768
28951191228,239766422
29140630428,233545619
29140869468,228102416
29141108508,223339614
29331623388,219297162
29331862428,215760016
29332101468,212665014
29522616348,209956887
29522855388,207587276
29523094428,205513866
29715163068,203949632
29715402108,202580928
29715641148,201258312
29908426908,200226023
29908665948,199322770
29908904988,198532423
30102168828,197965870
30102407868,197470136
30102646908,197036369
30295671708,220781822
30295910748,217309094
30296149788,214395457
30490608828,236096024
30490847868,230959021
30491086908,226589143
30685306908,246890500
30685545948,240404187
30685784988,234728663
30880244028,254012580
30880483068,246636007
30880722108,240181506
31075061628,258908817
31075300668,250920214
31075539708,243930187
31270357308,262188913
31270596348,253790298
31270835388,246441510
31466489628,240136321
31466728668,234619280
31466967708,229791870
31662143868,225567886
31662382908,221871900
31662621948,218637912
31858634748,215808173
31858873788,213332151
31859112828,211290632
32055842748,209504303
32056081788,208066265
32056320828,206682981
32253289788,205597608
32253528828,204522907
32253767868,203582543
32450139228,227384725
32450378268,223586634
32450617308,220263304
32647705788,241980391
32647944828,236357842
32648183868,231563111
32844913788,251867722
32845152828,245134256
32845391868,239242474
33041882748,258462164
33042121788,250904393
33042360828,244166343
33238493148,262770550
33238732188,254549231
33238971228,247230577
33436059708,241076754
33436298748,235692159
33436537788,230980639
33633387228,226733059
33633626268,223016426
33633865308,219764372
33830117148,216918825
33830356188,214428971
33830595228,212250349
34027803228,210344055
34028042268,208801048
34028281308,207450917
34225967388,206269552
34226206428,205235858
34226445468,204331375
34423533948,203539953
34423772988,202847458
34424012028,202241525
34621220028,226336334
34621459068,222794292
34621698108,219695005
34818428028,241483129
34818667068,235922737
34818906108,231057394
35016114108,251550219
35016353148,244856441
35016592188,238999385
35213322108,258499461
35213561148,250812028
35213800188,244085524
35410888668,238199833
35411127708,233174853
35411366748,228777996
35609052828,225055746
35609291868,221673777
35609530908,218714554
35806977948,216000234
35807216988,213750204
35807456028,211781428
36005022588,210183749
36005261628,208660780
36005500668,207328182
36203306268,206162159
36203545308,205141889
36203784348,204249152
36401709468,203468008
36401948508,202784507
36402187548,202311443
36600471228,226647512
36600710268,223191573
36600949308,220167626
36799232988,242271672
36799472028,236862713
36799711068,232129873
36997994748,252738638
36998233788,246021308
36998472828,240143644
37197234588,259875688
37197473628,252391227
37197712668,245717323
37396115868,264752657
37396354908,256533574
37396593948,249341877
37596072828,243174142
37596311868,237777374
37596550908,233055202
37796149308,228923301
37796388348,225307888
37796627388,222144402
37997540508,219501351
37997779548,217188682
37998018588,215290096
38199648828,213628834
38199887868,212175229
38200126908,210903325
38401757148,209790409
38401996188,208816607
38402235228,207964531
38581515228,229593964
38581873788,223394718
38582112828,218095378
38710835868,229333455
38711074908,216916773
38711313948,206052176
38842188348,212795654
38842427388,202696197
38842666428,193734172
38973660348,202267400
38973899388,193358975
38974138428,185689103
39106327548,195477965
39106566588,187668219
39106805628,180834691
39240070428,191480354
39240309468,184295309
39240548508,178008395
39375367068,189382345
39375606108,182584551
39375845148,176636482
39511619868,188431921
39511858908,181877930
39512097948,176268188
39649545948,188484664
39649784988,182174081
39650024028,176777320
39788906268,189180155
39789145308,183032635
39789384348,177653555
39928983708,190196860
39929222748,184047252
39929461788,178541345
40070256348,191348676
40070495388,185180091
40070734428,179657579
40212724188,192575381
40212963228,186253458
40213202268,180846775
40355909148,193865928
40356148188,187632687
40356387228,182178601
40500050268,195281275
40500289308,188996115
40500528348,183371600
40644669468,196450150
40644908508,189893881
40645147548,184282145
40790244828,197496876
40790483868,191059766
40790722908,185427295
40936776348,198623883
40937015388,192170897
40937254428,186524534
41084024988,199958967
41084264028,193464096
41084503068,187656084
41232110268,201074073
41232349308,194439813
41232588348,188634836
41380793148,202055481
41381032188,195423545
41381271228,189620601
41530193148,203168025
41530432188,196522021
41530671228,190581768
41680190748,204134047
41680429788,197367291
41680668828,191446379
41830785948,205015581
41831024988,198263633
41831264028,192355678
41982098268,206061218
41982337308,199303565
41982576348,193265619
42133649628,206857416
42133888668,199875239
42134127708,193890834
42285798588,207529479
42286037628,200713294
42286276668,194749132
42438545148,208405490
42438784188,201479803
42439023228,195419827
42591650268,209117348
42591889308,202102679
42592128348,196089844
42745472508,209828613
42745711548,202850036
42745950588,196743781
42899414268,210525808
42899653308,203460082
42899892348,197277571
43053834108,211117874
43054073148,204103139
43054312188,197965246
43208612508,211844590
43208851548,204739016
43209090588,198521639
43363749468,212331434
43363988508,205165004
43364227548,199019378
43519364508,212891955
43519603548,205780460
43519842588,199557902
43674979548,213363164
43675218588,206192768
43675457628,199918672
43830833628,213803838
43831072668,206703358
43831311708,200365438
43987165788,214319758
43987404828,207154788
43987643868,200760439
44143856508,214665384
44144095548,207457211
44144334588,201150059
44300547228,215131301
44300786268,207864888
44301025308,201506777
44457237948,215443429
44457476988,208138000
44457716028,201745750
44614287228,215652531
44614526268,208320964
44614765308,201905843
44771456028,215917612
44771695068,208552910
44771934108,202108796
44928983388,216095196
44929222428,208833296
44929461468,202479134
45086391228,216544242
45086630268,209226211
45086869308,202697934
45243918588,216610692
45244157628,209284355
45244396668,202873810
45401565468,216889583
45401804508,209528385
45402043548,203087336
45559451388,217076419
45559690428,209691866
45559929468,203230382
45717337308,217201584
45717576348,209801386
45717815388,203326212
45875103708,217410435
45875342748,209984130
45875581788,203486113
46032989628,217425348
46033228668,209997179
46033467708,203497531
46190995068,217435339
46191234108,210130921
46191473148,203614555
46349000508,217662735
46349239548,210329893
46349478588,203788656
46507125468,217815074
46507364508,210338189
46507603548,203795915
46665130908,217821425
46665369948,210343746
46665608988,203800777
46823255868,217825679
46823494908,210347469
46823733948,203804035
46981500348,217828530
46981739388,210349963
46981978428,203806217
47139864348,217830439
47140103388,210476634
47140342428,204042054
47298108828,218161797
47298347868,210766572
47298586908,204170750
47456353308,218149406
47456592348,210630730
47456831388,204051888
47614717308,218045402
47614956348,210539726
47615195388,204097260
47773200828,218210102
47773439868,210808839
47773678908,204332734
47931803868,218291142
47932042908,210879749
47932281948,204394780
48090287388,218470432
48090526428,211036628
48090765468,204407049
48248890428,218356167
48249129468,210936646
48249368508,204444565
48407732508,218513994
48407971548,211074744
48408210588,204565401
48566813628,218619725
48567052668,211292259
48567291708,204880726
48726014268,219020635
48726253308,211643055
48726492348,205062673
48885214908,219179838
48885453948,211657358
48885692988,205075188
49044654588,219190789
49044893628,211666940
49045132668,205208572
49204213788,219432500
49204452828,212003437
49204691868,205503007
49364012028,219690131
49364251068,212228864
49364490108,205700256
49524049308,219987724
49524288348,212489258
49524527388,205928100
49684086588,220187087
49684325628,212663701
49684564668,206080738
49844601948,220320645
49844840988,212780564
49845080028,206307993
50005475868,220644493
50005714908,213188931
50005953948,206665314
50166708348,220957149
50166947388,213462505
50167186428,207029691
50328179868,221525979
50328418908,214085231
50328657948,207574577
50489770908,221877754
50490009948,214393034
50490248988,207843904
50651840028,222238416
50652079068,214833614
50652318108,208229412
50814506748,222700735
50814745788,215238143
50814984828,208583375
50977532028,223135453
50977771068,215618521
50978010108,209166205
51141035388,223895429
51141274428,216408500
51141513468,209857437
51305136348,224500257
51305375388,216937724
51305614428,210320508
51469715388,225030444
51469954428,217401638
51470193468,210851433
51634652988,225620003
51634892028,218042502
51635131068,211537189
51800188188,226345040
51800427228,218801910
51800666268,212201671
51966081948,227051462
51966320988,219420029
51966560028,212742525
52132692828,227649709
52132931868,219943495
52133170908,213325558
52300259868,228409863
52300498908,220858630
52300737948,214251301
52468663548,229344888
52468902588,221676777
52469141628,215092179
52637664828,230330656
52637903868,222664324
52638142908,216081283
52807622268,231321122
52807861308,223655981
52808100348,217073983
52978416348,232439735
52978655388,224759768
52978894428,218039797
53150286108,233534822
53150525148,225842969
53150764188,219112597
53323231548,234848522
53323470588,227117456
53323709628,220352774
53497133148,236183677
53497372188,228410717
53497611228,221609377
53672110428,237533204
53672349468,229716553
53672588508,222876983
53848521948,238892360
53848760988,231030815
53849000028,224276963
54026248188,240492342
54026487228,232680799
54026726268,225845699
54205169628,242114986
54205408668,234225612
54205647708,227322410
54385405788,243782108
54385644828,235809344
54385883868,228833176
54567434748,245479029
54567673788,237544150
54567912828,230601131
54750897948,247400989
54751136988,239475865
54751376028,232541381
54936153948,249598708
54936392988,241648869
54936632028,234567760
55122605148,251621790
55122844188,243419066
55123083228,236366682
55311207708,253695846
55311446748,245608865
55311685788,238532756
55501483548,255966161
55501722588,247720390
55501961628,240505341
55693432668,258192173
55693671708,249918151
55693910748,242678382
55887294108,236593584
55887533148,231269386
55887772188,226610712
56084263068,222909373
56084502108,219670701
56084741148,216836863
56284459068,214732255
56284698108,212890723
56284937148,211279382
56487284508,210244459
56487523548,209338901
56487762588,208546538
56690109948,207853220
56690348988,207246567
56690588028,206715746
56854330428,201376277
56854569468,196704242
56854808508,192616211
57014726268,209039184
57014965308,202909286
57015204348,197670625
57180859068,213711796
57181098108,207872821
57181337148,202763718
57348306588,219043253
57348545628,212662846
57348784668,206954990
57516949308,222960616
57517188348,216215539
57517427388,210313596
57687623868,226399396
57687862908,219474471
57688101948,213415162
57860091228,229613266
57860330268,222536607
57860569308,216344531
58034948988,232551464
58035188028,225357531
58035427068,219062839
58212436188,235679984
58212675228,228469986
58212914268,222036237
58392313788,238906707
58392552828,231543368
58392791868,225100447
58574342748,242212891
58574581788,234686279
58574820828,228100494
58758523068,245337932
58758762108,237670690
58759001148,231086853
58944496188,248450996
58944735228,240644621
58944974268,233814043
59131186428,251087287
59131425468,243076376
59131664508,236066829
59319430428,253433475
59319669468,245254290
59319908508,238097503
59508630588,255460315
59508869628,247152775
59509108668,240008678
59699264988,233882593
59699504028,228522268
59699743068,223706984
59891214108,219743611
59891453148,216275659
59891692188,213241201
60083999868,210586050
60084238908,208387793
60084477948,206464318
60278697948,205031278
60278936988,203652368
60279176028,202570822
60473993628,201624469
60474232668,200921410
60474471708,200181233
60671082108,199908578
60671321148,199545005
60671560188,199226879
60869365788,223698519
60869604828,220486204
60869843868,217675428
61068605628,240090999
61068844668,234954624
61069083708,230585296
61268443068,251637134
61268682108,245182492
61268921148,239534680
61468758588,259467845
61468997628,252034364
61469236668,245655068
61669356188,265073184
61669791228,257064036
61670030268,250181031
61870149788,269033402
61871301948,260654226
61871540988,253322447
62071660508,271782141
62073529788,263184373
62073768828,255536326
62273888348,273844285
62276355228,265238749
62652604188,253833905
62652843228,243854666
62794115868,231497832
62794354908,220310603
62931324828,227646777
62931563868,216315929
63070565628,223776437
63070804668,213179382
63210762588,221406959
63211001628,211356089
63352035228,220186577
63352274268,210413254
63493905468,219361597
63494144508,209691397
63494383548,201229972
63637329468,194076225
63637568508,187691696
63637807548,182105234
63782187708,177467079
63782426748,173408694
63782665788,169857607
63928002108,166875406
63928241148,164265980
63928480188,161982732
64074772668,159984890
64075011708,158361778
64075250748,156941555
64222499388,174073860
64222738428,170814627
64222977468,167837798
64371062748,183858073
64371301788,179500813
64371540828,175688211
64520343228,190977184
64520582268,185730036
64520821308,181138781
64670221308,195871433
64670460348,190137503
64670699388,185120315
64820816508,199480275
64821055548,193420240
64821294588,188117710
64972009308,202352996
64972248348,196058871
64972487388,190426512
65123919228,204373198
65124158268,197826548
65124397308,192098229
65276426748,206085950
65276665788,199450206
65276904828,193518930
65429412348,207454063
65429651388,200647305
65429890428,194691391
65583115068,208729967
65583354108,201888721
65583593148,195902630
65737176348,209914801
65737415388,202925450
65737654428,196809768
65891954748,210708547
65892193788,203744978
65892432828,197651855
66047091708,211695373
66047330748,204733451
66047569788,198516769
66202706748,212452172
66202945788,205270650
66203184828,199111818
66358680348,213097840
66358919388,205960610
66359158428,199840533
66515132028,213860466
66515371068,206752907
66515610108,200533793
66671822748,214467068
66672061788,207283684
66672300828,200998223
66828752508,214998445
66828991548,207748639
66829230588,201405059
66986160348,215479426
66986399388,208294497
66986638428,202007684
67144046268,216131723
67144285308,208865257
67144524348,202507099
67301932188,216568711
67302171228,209247622
67302410268,202841669
67460057148,216986460
67460296188,209738152
67460535228,203270883
67618421148,217362022
67618660188,209941769
67618899228,203449047
67777263228,217642916
67777502268,210312551
67777741308,203898482
67936105308,218161171
67936344348,210766024
67936583388,204295271
68095066908,218508362
68095305948,211069816
68095544988,204561089
68254387068,218740952
68254626108,211273333
68254865148,204739166
68413707228,218896770
68413946268,211409673
68414185308,204983463
68573027388,219235530
68573266428,211831088
68573505468,205352202
68732586588,219433176
68732825628,211879029
68733064668,205394150
68892384828,219594881
68892623868,212145520
68892862908,205627330
69052063548,219798913
69052302588,212324048
69052541628,205783542
69211861788,219935599
69212100828,212443649
69212339868,205888192
69371540508,220027168
69371779548,212523772
69372018588,205958300
69531338748,220088512
69531577788,212577448
69531816828,206005267
69691256508,220129608
69691495548,212613407
69691734588,206036731
69851293788,220282139
69851532828,212746871
69851771868,206153512
70011211548,220384323
70011450588,212836282
70011689628,206231746
70171129308,220452777
70171368348,212896179
70171607388,206284156
70331166588,220498636
70331405628,212936306
70331644668,206319267
70491323388,220529358
70491562428,212963188
70491801468,206342789
70651599708,220549940
70651838748,212981197
70652077788,206483547
70811756508,220673103
70811995548,213088965
70812234588,206577844
70972032828,220755613
70972271868,213286161
70972510908,206750390
71132428668,220906591
71132667708,213293267
71132906748,206631608
71292824508,220802657
71293063548,213327324
71293302588,206786408
71453339868,221063107
71453578908,213555218
71453817948,206860815
71613855228,221003213
71614094268,213502811
71614333308,206939959
71774609628,221197464
71774848668,213672781
71775087708,207088683
71935603068,221327597
71935842108,213786647
71936081148,207313316
72096596508,221524151
72096835548,213958632
72097074588,207463803
72257589948,221655827
72257828988,214073848
72258068028,207564617
72418822428,221744039
72419061468,214276034
72419300508,207741529
72580174428,222023837
72580413468,214520857
72580652508,207830749
72741884988,222101905
72742124028,214589166
72742363068,208015520
72903834588,222388580
72904073628,214965007
72904312668,208344381
73065784188,222676333
73066023228,215216791
73066262268,208564692
73228211868,222994105
73228450908,215494841
73228689948,208807985
73390998108,223206986
73391237148,215681112
73391476188,209095973
73554023388,223708976
73554262428,216245354
73554501468,209589684
73717526748,224140973
73717765788,216498351
73718004828,209936057
73881030108,224569049
73881269148,216997917
73881508188,210373177
74045011548,224951529
74045250588,217332587
74045489628,210666013
74209590588,225332761
74209829628,217666165
74210068668,211082894
74374528188,225822532
74374767228,218219715
74375006268,211692250
74539943868,226355718
74540182908,218811253
74540421948,212209846
74705837628,226933615
74706076668,219441913
74706315708,212761673
74872209468,227666463
74872448508,220083155
74872687548,213322760
75038939868,228157415
75039178908,220512738
75039417948,213823645
75206387388,228845689
75206626428,221239977
75206865468,214459979
75374312988,229527481
75374552028,221836545
75374791068,215106976
75542955708,230218604
75543194748,222566278
75543433788,215870493
75712315548,231136681
75712554588,223494595
75712793628,216682770
75882631548,231972423
75882870588,224225870
75883109628,217572636
76053664668,233001056
76053903708,225250924
76054142748,218594558
76225414908,234020238
76225653948,226267708
76225892988,219484244
76398240828,235048713
76398479868,227292623
76398718908,220506045
76572022908,236317789
76572261948,228528065
76572500988,221712056
76746880668,237498049
76747119708,229685792
76747358748,222850068
76922694588,238743809
76922933628,230900832
76923172668,224038228
77099942748,240033449
77100181788,232279267
77100420828,225494358
77278505628,241682563
77278744668,233847242
77278983708,226866336
77458383228,243258044
77458622268,235350788
77458861308,228431939
77639456028,245002946
77639695068,237002577
77639934108,230002254
77821963068,246626972
77822202108,238673600
77822441148,231714400
78006143388,248625100
78006382428,240671962
78006621468,233587966
78191996988,250514470
78192236028,242450161
78192475068,235393890
78379045788,252594653
78379284828,244520321
78379523868,237330280
78567648348,254538995
78567887388,246221620
78568126428,239068917
78758043708,256560302
78758282748,248365264
78758521788,241069606
78950470908,234935905
78950709948,229568916
78950948988,224872801
79144929948,221013700
79145168988,217761987
79145408028,214916738
79342496508,212802145
79342735548,210826876
79342974588,209098516
79542931548,207961201
79543170588,207091050
79543409628,206329668
79745756988,205913459
79745996028,205424276
79746235068,205121241
79924200348,201856085
79924439388,198999074
79924678428,196499189
80068939068,212186790
80069178108,203788441
80069417148,196439885
80212841148,207884899
80213080188,200024286
80213319228,193021250
80358536028,205018593
80358775068,197641268
80359014108,191186109
80506023708,203912845
80506262748,196923739
80506501788,190808271
80655662748,203957237
80655901788,197087582
80656140828,191201634
80807094588,204926429
80807333628,198310625
80807572668,192521796
80960558268,206456571
80960797308,199774499
80961036348,194052686
81115695228,208296100
81115934268,201634087
81116173308,195929826
81272864028,210313597
81273103068,203774397
81273342108,198052597
81431586588,212671022
81431825628,205962144
81432064668,200091876
81592101948,214955391
81592340988,208210967
81592580028,202309596
81754290588,217270896
81754529628,210362034
81754768668,204316779
81918032988,219527181
81918272028,212586283
81918511068,206512997
82083329148,221823872
82083568188,214720888
82083807228,208505777
82250059548,223942554
82250298588,216824734
82250537628,210596642
82418343708,226147061
82418582748,218878678
82418821788,212518843
82588062108,228203987
82588301148,220928488
82588540188,214562427
82759095228,230367123
82759334268,222946232
82759573308,216452953
82931323548,232271333
82931562588,224737416
82931801628,218145239
83104986108,234002084
83105225148,226501823
83105464188,219939095
83279963388,235946708
83280202428,228453369
83280441468,221771697
83456135868,237925234
83456374908,230309579
83456613948,223520881
83633144988,239705770
83633384028,231867548
83633623068,225009104
83811468828,241257966
83811707868,233350720
83811946908,226431880
83990748828,242752895
83990987868,234783783
83991226908,227935810
84171104508,244443833
84171343548,236513353
84171582588,229574183
84352177308,246002410
84352416348,237877108
84352655388,230767469
84534325788,247296535
84534564828,239134468
84534803868,231992659
84717191388,248618576
84717430428,240416254
84717669468,233239222
84900893628,249834319
84901132668,241605029
84901371708,234404400
85085193468,251103850
85085432508,242840868
85085671548,235485759
85269493308,252050039
85269732348,243543784
85269971388,236100811
85455107868,252838209
85455346908,244483432
85455585948,237173003
85641080988,254026377
85641320028,245523079
85641559068,238082694
85827532188,254822357
85827771228,246219562
85828010268,238817116
86014700508,232339976
86014939548,226672479
86015178588,221713419
86202585948,217499241
86202824988,213811835
86203064028,210585355
86391786108,207887185
86392025148,205651286
86392264188,203569875
86580747228,201748640
86580986268,200030060
86581225308,198651302
86769588828,197444889
86769827868,196389277
86770066908,195465617
86959506108,194782414
86959745148,194184612
86959984188,193661535
87149662428,216828843
87149901468,213475237
87150140508,210665832
87339460188,231832603
87339699228,226603527
87339938268,222028086
87529736028,241649575
87529975068,235193378
87530214108,229669205
87720131388,248585554
87720370428,241387359
87720609468,235088939
87911243868,253327821
87911482908,245536843
87911721948,238719737
88101758748,256504769
88101997788,248191672
88102236828,241042713
88292512668,258537373
88292751708,250095201
88292990748,242583300
88483864188,236135387
88484103228,230618463
88484342268,225791155
88675693788,221567260
88675932828,217746352
88676171868,214528058
88867523388,211712050
88867762428,209248043
88868001468,207092037
89059472508,205205532
89059711548,203554840
89059950588,201985485
89250704508,200612299
89250943548,199410761
89251182588,198484415
89442175548,221548863
89442414588,217855255
89442653628,214623348
89633885628,235545429
89634124668,230102250
89634363708,225339468
89825356668,245047034
89825595708,238416154
89825834748,232489134
90016827708,251177992
90017066748,243780743
90017305788,237308150
90208418268,255519631
90208657308,247579677
90208896348,240507217
90400725948,258318814
90400964988,250028962
90401204028,242900341
90593153148,260662798
90593392188,252204948
90593631228,244679329
90784863228,237969412
90785102268,232223235
90785341308,227195330
90977051388,222920913
90977290428,219055798
90977529468,215673823
91169598108,212714595
91169837148,210125270
91170076188,207984611
91362503388,206111534
91362742428,204472592
91362981468,202913518
91555050108,201674328
91555289148,200590037
91555528188,199641282
91746521148,198561121
91746760188,197615980
91746999228,196788982
91939306908,220190359
91939545948,216791564
91939784988,213817618
92132092668,235340415
92132331708,230047863
92132570748,225416880
92324758908,245364770
92324997948,238694173
92325236988,232982401
92517664188,251984600
92517903228,244611525
92518142268,238285084
92711884188,256749448
92712123228,249030767
92712362268,242276921
92906104188,236367305
92906343228,231071391
92906582268,226437467
93100324188,222382783
93100563228,218834935
93100802268,215730568
93294902748,213014247
93295141788,210762466
93295380828,208792157
93490078908,207193137
93490317948,205668994
93490556988,204335369
93685135548,203168447
93685374588,202147391
93685613628,201253967
93880789788,200472221
93881028828,199913193
93881267868,199424043
94076802588,223371037
94077041628,220074657
94077280668,217065324
94273173948,238932158
94273412988,233690638
94273652028,228979308
94469664828,249356894
94469903868,242687282
94470142908,236976371
94667231388,256604324
94667470428,249278783
94667709468,242868935
94866232188,262010318
94866471228,254134028
94866710268,247242274
95065591548,266086989
95065830588,257701115
95066069628,250488475
95265309468,244177415
95265548508,238655238
95265787548,233698333
95466581148,229611041
95466820188,226034660
95467059228,223030327
95669287068,220526536
95669526108,218335719
95669765148,216293754
95871514908,214507034
95871753948,212943654
95871992988,211575697
96026532348,204503734
96026771388,198315767
96027010428,193026296
96194816508,209273009
96195055548,204238882
96195294588,199834021
96351746268,215354768
96351985308,208060422
96352224348,201677869
96510349308,215843135
96510588348,208737743
96510827388,202520525
96671701308,217080459
96671940348,210070401
96672179388,204061600
96835085148,219178900
96835324188,212281537
96835563228,206246344
97001098428,221590551
97001337468,214641732
97001576508,208561515
97168904508,224116325
97169143548,217101784
97169382588,210964061
97338742428,226718553
97338981468,219628733
97339220508,213425141
97510851228,229371998
97511090268,222325498
97511329308,216159810
97684872348,232264833
97685111388,225106728
97685350428,218718387
97860327708,235003588
97860566748,227628139
97860805788,221049621
98037695388,237418418
98037934428,229866115
98038173468,223382850
98216616828,239959993
98216855868,232339993
98217094908,225797493
98397331068,242447806
98397570108,234766830
98397809148,228045976
98579718588,244790229
98579957628,236941450
98580196668,230198768
98763301308,247173922
98763540348,239277181
98763779388,232367533
98948437788,249321591
98948676828,241281392
98948915868,234246218
99134769468,251340440
99135008508,243297885
99135247548,236260649
99322535388,253478067
99322774428,245293308
99323013468,238131644
99510898908,255240188
99511137948,246960164
99511376988,239715143
99700816188,256875750
99701055228,248641281
99701294268,241311120
99891809148,235022230
99892048188,229519451
99892287228,224704519
