1100111544,100000000
1225572228,103125000
1226289348,105984375
1226891268,108486328
1227608388,110800537
1228210308,112950469
1335643184,128206660
1336599344,126055827
1336838384,124048848
1337675024,122417742
1338631184,121115524
1338870224,119851083
1339706864,118744697
1453817020,132026609
1454056060,130398282
1455012220,128973496
1455251260,127726809
1455490300,126635957
1456805020,125681462
1458119740,125096279
1458358780,124459244
1458597820,123901838
1459553980,123539108
1459793020,123096719
1554301896,120209629
1555258056,117683425
1555497096,115472996
1555736136,113538871
1557050856,111971512
1558485096,110475073
1558724136,109165688
1558963176,108019977
1559799816,107017479
1560038856,106265294
1654547732,105482132
1655623412,104796865
1655862452,104197256
1656101492,103797599
1657296692,103322899
1658850452,102907536
1659089492,102669094
1659328532,102460457
1660045652,102277899
1660284692,102118161
1756825408,113853390
1757781568,112496716
1758020608,111309626
1758259648,110270922
1759574368,109362056
1761008608,108691799
1761247648,107980324
1761486688,107232783
1761725728,106578685
1762203808,106006349
1762442848,105505555
1859939724,105192360
1860895884,104918315
1861134924,104678525
1861373964,104468709
1862927724,104285120
1864361964,104124480
1864601004,103983920
1864840044,103860930
1865079084,103878313
1865557164,103893523
1865796204,103781832
1962217400,115809103
1963173560,114332965
1963412600,112916344
1963651640,111551801
1965205400,110607825
1966639640,109781846
1966878680,108809115
1967117720,108082975
1967356760,107447603
1967595800,106766652
1968073880,106295820
1968312920,105883842
2065451236,105523361
2066407396,105207940
2066646436,104931947
2066885476,104690453
2068678276,104479146
2070112516,104419252
2070351556,104366845
2070590596,104320989
2070829636,104155865
2071068676,104136381
2071546756,104119333
2071785796,103979416
2167489872,115856989
2168446032,114249865
2168685072,112718631
2168924112,111378802
2170716912,110456451
2172151152,109649394
2172390192,108693219
2172629232,107856566
2172868272,107124495
2173107312,106608933
2173346352,106032816
2173824432,105528714
2174063472,105212624
2270723708,104936046
2271679868,104694040
2271918908,104482285
2272157948,104421999
2274189788,104369249
2275624028,104198092
2275863068,104048330
2276102108,104042288
2276341148,104037002
2276580188,104032376
2276819228,103903329
2277297308,103915412
2277536348,103925985
2374108508,115935236
2375184188,114568331
2375423228,113247289
2375662268,112091377
2377574588,111204954
2377813628,110179334
2379247868,109406917
2379486908,108731052
2379725948,108014670
2379964988,107387836
2380204028,106964356
2380443068,106593811
2381040668,106269584
2381279708,105985886
2482513148,106237650
2483827868,106457943
2484066908,106775700
2484305948,107053737
2486218268,107297019
2486457308,107509891
2487891548,107821154
2488130588,107968509
2488369628,108097445
2488608668,108210264
2488847708,108308981
2489086748,108395358
2489923388,108470938
2490162428,108537070
2592112988,121344936
2593308188,120051819
2593547228,118795341
2593786268,117570923
2595698588,116749557
2595937628,115780862
2597371868,115183254
2597610908,114535347
2597849948,113843428
2598088988,113362999
2598328028,112942624
2598567068,112574796
2599284188,112252946
2599523228,111971327
2702310428,124474911
2703505628,122790547
2703744668,121191728
2703983708,119792762
2705896028,118818666
2706135068,117841332
2707569308,117111165
2707808348,116222269
2708047388,115569485
2708286428,114998299
2708525468,114373511
2708764508,113826822
2709481628,113473469
2709720668,113039285
2811551708,125409374
2812746908,123483202
2812985948,121672801
2813224988,120213700
2815137308,119186987
2815376348,118038613
2816810588,117033786
2817049628,116154562
2817288668,115385241
2817527708,114587085
2817766748,113888699
2818005788,113402611
2818722908,112977284
2818961948,112480123
2920792988,124795107
2921988188,122945718
2922227228,121327503
2922466268,119911565
2924378588,118797619
2924617628,117572916
2926051868,116751301
2926290908,115907388
2926529948,115043964
2926768988,114288468
2927008028,113752409
2927247068,113283357
2927964188,112747937
2928203228,112404444
3030034268,124853888
3031229468,123122152
3031468508,121481883
3031707548,119921647
3033619868,118806441
3033858908,117580635
3035293148,116758055
3035532188,115788298
3035771228,114939760
3036010268,114322290
3036249308,113782003
3036488348,113184252
3037205468,112786220
3037444508,112437942
3139275548,124758199
3140470748,122913424
3140709788,121174246
3140948828,119652465
3142861148,118570906
3143100188,117499542
3144534428,116687099
3144773468,115726211
3145012508,115010434
3145251548,114384129
3145490588,113711112
3145729628,113122223
3146446748,112731945
3146685788,112265451
3248516828,124607269
3249712028,122781360
3249951068,121058690
3250190108,119676353
3252102428,118716808
3252341468,117627207
3253775708,116673806
3254014748,115839580
3254253788,115109632
3254492828,114345928
3254731868,113677687
3254970908,113092976
3255688028,112706354
3255927068,112243059
3357758108,124587676
3358953308,122764216
3359192348,121168689
3359431388,119772602
3361343708,118676026
3361582748,117466522
3363016988,116658206
3363256028,115825930
3363495068,114972688
3363734108,114226102
3363973148,113572839
3364212188,113126234
3364929308,112735454
3365168348,112393522
3466999388,124719331
3468194588,123004414
3468433628,121378862
3468672668,119831504
3470584988,118727566
3470824028,117511620
3472258268,116697667
3472497308,115735458
3472736348,114893525
3472975388,114156834
3473214428,113637229
3473453468,113182575
3474170588,112784753
3474409628,112436658
3576240668,124757075
3577435868,123037440
3577674908,121282760
3577913948,119747415
3579826268,118653988
3580065308,117572239
3581499548,116750709
3581738588,115781870
3581977628,114934136
3582216668,114317369
3582455708,113777697
3582694748,113180484
3583411868,112782923
3583650908,112310057
3685481948,124646299
3686677148,122815511
3686916188,121088572
3687155228,119702500
3689067548,118739687
3689306588,117647226
3690740828,116691322
3690979868,115729906
3691218908,115013667
3691457948,114386958
3691696988,113713588
3691936028,113124389
3692653148,112733840
3692892188,112267110
3794723228,124608721
3795918428,122782630
3796157468,121184801
3796396508,119786700
3798308828,118688362
3798547868,117477316
3799982108,116542651
3800221148,115724819
3800460188,115009216
3800699228,114258064
3800938268,113600806
3801177308,113150705
3801894428,112756866
3802133468,112412257
3903964508,124735724
3905159708,123018758
3905398748,121391413
3905637788,119842486
3907550108,118737175
3907789148,117520028
3909223388,116705024
3909462428,115866896
3909701468,115008534
3909940508,114257467
3910179548,113725283
3910418588,113259622
3911135708,112852169
3911374748,112495647
4013205788,124808691
4014400988,123082604
4014640028,121322278
4014879068,119781993
4016791388,118684243
4017030428,117598712
4018464668,116773873
4018703708,115802138
4018942748,114951870
4019181788,114332886
4019420828,113791275
4019659868,113192365
4020376988,112793319
4020616028,112319154
4122447068,124654259
4123642268,122822476
4123881308,121094666
4124120348,119707832
4126032668,118744353
4126271708,117651308
4127705948,116694894
4127944988,115733032
4128184028,115016403
4128423068,114389352
4128662108,113715683
4128901148,113126222
4129618268,112735444
4129857308,112268513
4231688348,124609948
4232883548,122783704
4233122588,121185741
4233361628,119787523
4235273948,118689082
4235512988,117477946
4236947228,116543202
4237186268,115725301
4237425308,115009638
4237664348,114258433
4237903388,113601128
4238142428,113150987
4238859548,112757113
4239098588,112412473
4340929628,124735913
4342124828,123018923
4342363868,121391557
4342602908,119842612
4344515228,118737285
4344754268,117520124
4346188508,116705108
4346427548,115866969
4346666588,115008597
4346905628,114257522
4347144668,113725331
4347383708,113259664
4348100828,112852206
4348339868,112495680
4450170908,124808720
4451366108,123082630
4451605148,121322301
4451844188,119782013
4453756508,118684261
4453995548,117473728
4455429788,116664512
4455668828,115706448
4455907868,114868142
4456146908,114259624
4456385948,113727171
4456624988,113136274
4457342108,112744239
4457581148,112276209
4559412188,124616682
4560607388,122789596
4560846428,121065896
4561085468,119682659
4562997788,118597326
4563236828,117522660
4564671068,116707327
4564910108,115743911
4565149148,115025922
4565388188,114397681
4565627228,113722970
4565866268,113132598
4566583388,112741023
4566822428,112273395
4668653468,124614220
4669848668,122787442
4670087708,121189011
4670326748,119790384
4672239068,118691586
4672478108,117605137
4673912348,116654494
4674151388,115822682
4674390428,115094846
4674629468,114332990
4674868508,113666366
4675107548,113208070
4675824668,112807061
4676063708,112456178
4777894748,124774155
4779089948,123052385
4779328988,121420836
4779568028,119868231
4781480348,118759702
4781719388,117539739
4783153628,116722271
4783392668,115881987
4783631708,115021738
4783870748,114269020
4784109788,113735392
4784348828,113268468
4785065948,112859909
4785304988,112502420
4887136028,124814617
4888331228,123087789
4888570268,121326815
4888809308,119785963
4890721628,118687717
4890960668,117476752
4892394908,116667158
4892633948,115708763
4892872988,114870167
4893112028,114261396
4893351068,113728721
4893590108,113137630
4894307228,112745426
4894546268,112277247
4996377308,124617591
4997572508,122790392
4997811548,121066593
4998050588,119683268
4999962908,118597859
5000201948,117523126
5001636188,116707735
5001875228,115744268
5002114268,115026234
5002353308,114397954
5002592348,113723209
5002831388,113132807
5003548508,112741206
5003787548,112273555
5105618588,124614360
5106813788,122787565
5107052828,121189119
5107291868,119790479
5109204188,118691669
5109447868,117605210
5110882108,116654558
5111121148,115822738
5111360188,115094895
5111599228,114333033
5111838268,113666403
5112077308,113208102
5112794428,112807089
5113033468,112456202
5214864508,124774176
5216059708,123052404
5216298748,121420853
5216537788,119868246
5218450108,118759715
5219888668,117664750
5221322908,116956656
5221561948,116212074
5221800988,115435564
5222040028,114881118
5222279068,114395978
5222518108,113971480
5223235228,113600045
5223474268,113275039
5325305308,125615659
5326500508,123913701
5326739548,122174488
5326978588,120652677
5328890908,119571092
5330803228,118624705
5332237468,117921616
5332476508,117056414
5332715548,116299362
5332954588,115636941
5333193628,115057323
5333432668,114550157
5334149788,114231387
5334388828,113827463
5436219868,126224030
5437415068,124446026
5437654108,122765272
5437893148,121294613
5439805468,120257786
5442554428,119475562
5443988668,118666116
5444227708,117832851
5444466748,117103744
5444705788,116465776
5444944828,115907554
5445183868,115419109
5445900988,114991720
5446140028,114617755
5547971068,126915535
5549166268,125176093
5549405308,123529081
5549644348,122087945
5551556668,121076951
5555739868,120442332
5557174108,119762040
5557413148,119041785
5557652188,118286561
5557891228,117625740
5558130268,117172522
5558369308,116775956
5559086428,116428961
5559325468,116125340
5661156508,128484672
5662351708,126799088
5662590748,125074202
5662829788,123564926
5664742108,122494310
5670718108,122057521
5672152348,121425330
5672391388,120622163
5672630428,119919392
5672869468,119304468
5673108508,118891409
5673347548,118404982
5674064668,118104359
5674303708,117716314
5776134748,130126774
5777329948,128360927
5777568988,126690811
5777808028,125229459
5779720348,124200776
5788564828,124175679
5789999068,123528719
5790238108,122837629
5790477148,122232925
5790716188,121703809
5790955228,121240832
5791194268,120835728
5791911388,120481262
5792150428,120171104
5893144828,132524716
5894340028,130709126
5894579068,128995485
5894818108,127496049
5896730428,126434042
5909877628,126879786
5911311868,126394812
5911550908,125845460
5911789948,125239777
5912028988,124834804
5912268028,124480453
5912507068,124170396
5913224188,123899096
5913463228,123661709
6013142908,135828995
6014338108,133975370
6014577148,132228448
6014816188,130699892
6016728508,129362405
6036329788,129067104
6037644508,128683716
6037883548,128348251
6038122588,128179719
6038361628,127907254
6038600668,127668847
6038839708,127460241
6039556828,127277710
6039795868,127117996
6136368028,126603246
6137563228,126152840
6137802268,125758735
6139714588,125663893
6168996988,128955906
6170311708,129586417
6170550748,130013114
6170789788,130386474
6171028828,130713164
6171267868,130999018
6171506908,131249140
6172224028,131592997
6172463068,131768872
6266405788,143672763
6267600988,142088667
6267840028,140577583
6269752348,139255385
6313735708,139973461
6314811388,140476778
6315050428,141042180
6315289468,141536907
6315528508,141844793
6315767548,142114193
6316006588,142474918
6316723708,142665553
6316962748,142832358
6406363708,142478313
6407558908,142168523
6409471228,142147457
6475326748,150129024
6476402428,151737896
6476641468,153020659
6476880508,154018076
6477119548,155015816
6477358588,155888839
6477597628,156652734
6478314748,157321142
6478553788,157905999
6565325308,169292749
6566520508,168131155
6568432828,166989760
6666917308,169991040
6667753948,172617160
6667992988,174915015
6668232028,177050638
6668471068,178794308
6668710108,180320019
6668949148,181655016
6669666268,182823139
6669905308,183845246
6752135068,184239590
6755003548,184834641
6869503708,199355310
6870340348,199935896
6870579388,200318909
6870818428,200654045
6871057468,200947289
6871296508,201203877
6871535548,201428392
6872252668,201749843
6872491708,201906112
6952092028,212042848
6954840988,210412492
7015198588,202360930
7015915708,195190813
7016154748,189041961
7016393788,183661715
7016632828,178829000
7016871868,174600375
7017110908,171025328
7017828028,167772162
7018067068,165050641
7094798908,162169310
7166630428,168398146
7168662268,166473377
7169379388,164914204
7170096508,163549928
7170813628,162356187
7171530748,161436663
7172247868,160757080
7174399228,160287445
7175116348,160001514
7256031388,160251324
7327862908,160344908
7329894748,160426794
7330611868,160498444
7331328988,160561138
7332046108,160740995
7332763228,160773370
7333480348,160801698
7335631708,160826485
7412722108,170348174
7484434108,177554652
7486226908,175235320
7486944028,172955905
7487661148,170961416
7488378268,169216239
7489095388,167689209
7489812508,166353057
7491963868,165308924
7563914908,163520308
7635746428,161955269
7637539228,160585860
7638256348,159512627
7638973468,158448548
7639690588,157517479
7640407708,156702794
7641124828,156114944
7712478268,164225576
7784429308,171322379
7786102588,168782081
7786819708,166309320
7787536828,164145655
7788253948,162377448
7788971068,160705267
7789688188,159242108
7856260828,157336844
7928331388,155669738
7930004668,154211020
7930721788,152934642
7931438908,151817811
7932156028,150840584
7932873148,149985511
7997294428,157237322
8069245468,164207656
8070918748,161431699
8071635868,158877736
8072352988,156768019
8073070108,154922016
8073787228,153181764
8133427708,151034043
8205498268,149154787
8207171548,147635438
8207888668,146181008
8208605788,144908382
8209322908,143794834
8267768188,150070479
8339958268,157061669
8341631548,154428960
8342348668,152000340
8343065788,150000297
8343782908,148125259
8398881628,153234601
8471071708,159580275
8472744988,156257740
8473462108,153225522
8474179228,150572331
8474896348,148125789
8529756028,145985065
8601946108,143986931
8603619388,142363564
8604336508,140943118
8605053628,139700228
8605770748,138612699
8661467068,137786111
8733776668,137062847
8735449948,136429991
8736167068,135876242
8736884188,135266711
8737601308,134858372
8793297628,134501075
8865487708,134188440
8867160988,133914885
8867878108,133550524
8868595228,133356708
8869312348,133187119
8924650108,132913729
8996840188,132674512
8998513468,132465198
8999230588,132407048
8999947708,132231167
9000664828,132077271
9056361148,132067612
9128551228,132059160
9130224508,132051765
9130941628,131920294
9131658748,131930257
9132375868,131938974
9187833148,131821602
9260142748,131843901
9261816028,131738413
9262533148,131771111
9263250268,131799722
9263967388,131699756
9319663708,131737286
9392092828,131770125
9393766108,131798859
9394483228,131824001
9395200348,131846000
9395917468,131865250
9451613788,131882093
9524042908,131896831
9525716188,131909727
9526433308,131921011
9527150428,131930884
9527867548,131939523
9583563868,131947082
9655992988,131828696
9657666268,131850109
9658383388,131868845
9659100508,131885239
9659817628,131899584
9715394428,131912136
9787943068,131923119
9789616348,131932729
9790333468,131941137
9791050588,131948494
9791767708,131954932
9847464028,131960565
9919893148,131965494
9921566428,131969807
9922283548,131973581
9923000668,131976883
9923717788,131979772
9979294588,131982300
10051723708,131984512
10053396988,131986448
10054114108,131988142
10054831228,131864624
10055548348,131881546
10111244668,131896352
10183673788,131909308
10185347068,131920644
10186064188,131930563
10186781308,131939242
10187498428,131946836
10243194748,131953481
10315743388,131959295
10317416668,131964383
10318133788,131968835
10318850908,131972730
10319568028,131976138
10375264348,131979120
10447932508,131981730
10449605788,131984013
10450322908,131986011
10451040028,132112759
10451757148,132098664
10507453468,132086331
10580121628,132200539
10581794908,132175471
10582512028,132153537
10583229148,132134344
10583946268,132117551
10639642588,132102857
10712310748,132089999
10713984028,132078749
10714701148,132068905
10715418268,132060291
10716135388,132177754
10771831708,132155534
10844619388,132136092
10846292668,132244080
10847009788,132338570
10847726908,132296248
10848444028,132259217
10904140348,132351814
10976808508,132307837
10978481788,132269357
10979198908,132235687
10979916028,132206226
10980633148,132180447
11036329468,132157891
11108997628,132138154
11110670908,132120884
11111388028,132105773
11112105148,132217551
11112822268,132190357
11168518588,132166562
11241186748,132270741
11242860028,132236898
11243577148,132207285
11244294268,132181374
11245011388,132283702
11300707708,132248239
11373495388,132217209
11375168668,132315057
11375885788,132275674
11376602908,132241214
11377320028,132211062
11433016348,132309679
11505923548,132270969
11507596828,132237097
11508313948,132332459
11509031068,132415901
11509748188,132363913
11565444508,132318423
11638351708,132403620
11640024988,132478167
11640742108,132418396
11641459228,132366096
11642176348,132445334
11697872668,132389667
11770779868,132340958
11772453148,132298338
11773170268,132386045
11773887388,132337789
11774604508,132295565
11830300828,132383619
11903327548,132460666
11905000828,132528082
11905717948,132462071
11906435068,132529312
11907152188,132588148
11962848508,132514629
12035755708,132450300
12037428988,132394012
12038146108,132469760
12038863228,132411040
12039580348,132359660
12095276668,132439702
12168183868,132509739
12169857148,132446021
12170574268,132390268
12171291388,132466484
12172008508,132533173
12227704828,132466526
12300612028,132408210
12302285308,132482183
12303002428,132546910
12303719548,132478546
12304436668,132418727
12360132988,132491386
12433159708,132554962
12434832988,132485591
12435550108,132424892
12436267228,132496780
12436984348,132434682
12492680668,132380346
12565826908,132332802
12567500188,132416201
12568217308,132489175
12568934428,132428028
12569651548,132499524
12625347868,132562083
12698494108,132616822
12700167388,132664719
12700884508,132581629
12701601628,132633925
12702318748,132679684
12758015068,132719723
12831161308,132754757
12832834588,132660412
12833551708,132702860
12834268828,132740002
12834985948,132647501
12890682268,132566563
12963948028,132495742
12965621308,132558774
12966338428,132613927
12967055548,132662186
12967772668,132704412
13023468988,132741360
13096615228,132773690
13098288508,132801978
13099005628,132826730
13099722748,132723388
13100439868,132757964
13156136188,132788218
13229282428,132814690
13230955708,132712853
13231672828,132623746
13232389948,132670777
13233107068,132711929
13288803388,132622937
13361949628,132545069
13363622908,132601935
13364340028,132651693
13365057148,132695231
13365774268,132608327
13421470588,132657286
13494736348,132700125
13496409628,132737609
13497126748,132770407
13497843868,132674106
13498560988,132714842
13554257308,132750486
13627642588,132781675
13629315868,132808965
13630032988,132832844
13630750108,132853738
13631467228,132872020
13687163548,132888017
13760548828,132902014
13762222108,132914262
13762939228,132799979
13763656348,132824981
13764373468,132846858
13820069788,132866000
13893455068,132882750
13895128348,132897406
13895845468,132910230
13896562588,132921451
13897279708,132931269
13952976028,132814860
14026480828,132838002
14028154108,132858251
14028871228,132875969
14029588348,132891472
14030305468,132905038
14086001788,133041908
14159387068,133036669
14161060348,133032085
14161777468,133028074
14162494588,133024564
14163211708,133021493
14218908028,132893806
14292293308,132907080
14293966588,132793695
14294683708,132819483
14295400828,132842047
14296117948,132861791
14351814268,132879067
14425199548,132894183
14426872828,132907410
14427589948,132918983
14428307068,132929110
14429024188,132937971
14484720508,132945724
14558225308,132952508
14559898588,132958444
14560615708,132963638
14561332828,132968183
14562049948,132972160
14617746268,132975640
14691370588,132978685
14693043868,133106349
14693760988,133093055
14694478108,133081423
14695195228,133071245
14750891548,133062339
14824515868,133054546
14826189148,133047727
14826906268,133041761
14827623388,133036540
14828340508,133031972
14884036828,133152975
14957661148,133133853
14959334428,133117121
14960051548,133227480
14960768668,133199045
14961485788,133174164
15017182108,133152393
15090925948,133133343
15092599228,133116675
15093316348,133102090
15094033468,133214328
15094750588,133187537
15150207868,133164094
15223832188,133143582
15225505468,133125634
15226222588,133109929
15226939708,132971187
15227656828,132974788
15283353148,132977939
15356977468,132980696
15358650748,132983109
15359367868,132985220
15360084988,133112067
15360802108,133098058
15416498428,133085800
15490122748,133200075
15491796028,133175065
15492513148,133153181
15493230268,133134033
15493947388,133117278
15549643708,133102618
15623387548,133089790
15625060828,133203566
15625777948,133178120
15626495068,133155855
15627212188,133261373
15682908508,133228701
15756771868,133200113
15758445148,133175098
15759162268,133278210
15759879388,133243433
15760596508,133213003
15816292828,133311377
15890156188,133397454
15891829468,133347772
15892546588,133304300
15893263708,133391262
15893980828,133342354
15949438108,133299559
16023301468,133262114
16024974748,133229349
16025691868,133200680
16026408988,133175595
16027126108,133278645
16082822428,133243814
16156805308,133213337
16158478588,133311669
16159195708,133397710
16159912828,133347996
16160629948,133304496
16216326268,133391434
16290189628,133467504
16291862908,133409066
16292580028,133357932
16293297148,133438190
16294014268,133508416
16349710588,133444864
16423573948,133389256
16425247228,133465599
16425964348,133407399
16426681468,133356474
16427398588,133311914
16482975388,133272924
16556838748,133238808
16558512028,133208957
16559229148,133307837
16559946268,133269357
16560663388,133235687
16616359708,133331226
16690342588,133414822
16692015868,133487969
16692732988,133426972
16693450108,133498600
16694167228,133561275
16749863548,133491115
16823965948,133429725
16825639228,133376009
16826356348,133454007
16827073468,133522256
16827790588,133456974
16883367388,133524852
16957469788,133584245
16959143068,133636214
16959860188,133556687
16960577308,133487101
16961294428,133551213
17016990748,133482311
17091093148,133547022
17092766428,133478644
17093483548,133543813
17094200668,133600836
17094917788,133525731
17150733628,133585014
17224836028,133511887
17226509308,133572901
17227226428,133626288
17227943548,133548002
17228660668,133604501
17284237468,133653938
17358339868,133697195
17360013148,133735045
17360730268,133643164
17361447388,133687768
17362164508,133726797
17417860828,133635947
17491963228,133556453
17493636508,133486896
17494353628,133551034
17495070748,133607154
17495787868,133531259
17551484188,133589851
17625586588,133641119
17627259868,133685979
17627976988,133600231
17628694108,133525202
17629530748,133584551
17685227068,133636482
17759329468,133681921
17761002748,133721680
17761719868,133756470
17762436988,133786911
17763393148,133813547
17819089468,133836853
17893191868,133857246
17894865148,133750090
17895582268,133781328
17896299388,133808662
17897255548,133832579
17952832348,133728506
18026934748,133637442
18028608028,133682761
18029325148,133722415
18030042268,133757113
18030998428,133662473
18086694748,133704663
18160916668,133741580
18162589948,133773882
18163307068,133802146
18164024188,133826877
18164980348,133848517
18220676668,133867452
18294779068,133884020
18296452348,133898517
18297169468,133911202
18297886588,133797301
18298842748,133822638
18354539068,133844808
18428641468,133864207
18430314748,133881181
18431031868,133896033
18431748988,133909028
18432705148,133920399
18488401468,133930349
18562503868,133939055
18564177148,133946673
18564894268,133828338
18565611388,133849795
18566567548,133868570
18622263868,133884998
18696485788,133899373
18698159068,133911951
18698876188,133922957
18699593308,133932587
18700549468,133941013
18756245788,133948386
18830587228,133954837
18832260508,133960482
18832977628,133965421
18833694748,133969743
18834650908,133973525
18890347228,133976834
18964688668,133979729
18966361948,133982262
18967079068,134109479
18967796188,134095794
18968752348,134083819
19024448668,134073341
19098790108,134064173
19100463388,134056151
19101180508,134049132
19101897628,134042990
19102853788,134037616
19158550108,134032914
19233011068,134153799
19234684348,134134574
19235401468,134117752
19236118588,134228033
19237074748,134324528
19292771068,134283962
19367112508,134248466
19368785788,134217407
19369502908,134190231
19370220028,134166452
19371176188,134145645
19426872508,134127439
19501213948,134111509
19502887228,134097570
19503604348,134085373
19504321468,134074701
19505277628,134065363
19560973948,134057192
19635315388,134050043
19636988668,134043787
19637705788,134038313
19638422908,134033523
19639379068,134029332
19695075388,134150665
19769536348,134131831
19771209628,134240352
19771926748,134210308
19772643868,134184019
19773600028,134161016
19829296348,134140889
19903876828,134123277
19905550108,134107867
19906267228,134219383
19906984348,134191960
19907940508,134167965
19963636828,134146969
20038217308,134253597
20039890588,134221897
20040607708,134194159
20041324828,134294889
20042280988,134383027
20097977308,134335148
20172557788,134293254
20174231068,134381597
20174948188,134333897
20175665308,134292159
20176621468,134255639
20232317788,134348684
20307017788,134430098
20308691068,134376335
20309408188,134454293
20310125308,134522506
20311081468,134582192
20366777788,134509418
20441358268,134445740
20443031548,134515022
20443748668,134450644
20444465788,134394313
20445421948,134345023
20501118268,134426895
20575698748,134373533
20577372028,134326841
20578089148,134410985
20578806268,134359611
20579762428,134314659
20635458748,134275326
20710039228,134365910
20711712508,134320171
20712429628,134280149
20713146748,134370130
20714102908,134448863
20769799228,134392755
20844499228,134343660
20846172508,134425702
20846889628,134372489
20847606748,134325927
20848562908,134285186
20904259228,134374537
20979078748,134452719
20980752028,134396129
20981469148,134471612
20982186268,134537660
20983142428,134595452
21038838748,134521020
21113658268,134455892
21115331548,134523905
21116048668,134583416
21116765788,134510489
21117721948,134446677
21173418268,134515842
21248237788,134576361
21249911068,134504315
21250628188,134441275
21251345308,134511115
21252301468,134572225
21307997788,134500696
21382936828,134438109
21384610108,134508345
21385327228,134569801
21386044348,134623575
21387000508,134670628
21442696828,134711799
21517516348,134747824
21519189628,134779346
21519906748,134681927
21520623868,134596686
21521580028,134522100
21577276348,134581837
21652095868,134634107
21653769148,134554843
21654486268,134610487
21655203388,134659176
21656159548,134701779
21711855868,134614056
21786675388,134537299
21788348668,134595136
21789065788,134645744
21789782908,134565026
21790739068,134494397
21846554908,134557597
21921374428,134612897
21923047708,134661284
21923764828,134578623
21924481948,134631295
21925438108,134677383
21981373468,134717710
22056192988,134752996
22057866268,134658871
22058583388,134701512
22059300508,134738823
22060256668,134771470
22116192028,134800036
22191011548,134825031
22192684828,134846902
22193401948,134866039
22194119068,134882784
22195075228,134897436
22251010588,134910256
22325949628,134796474
22327622908,134821914
22328340028,134844174
22329057148,134863652
22330013308,134880695
22385948668,134770608
22460768188,134799282
22462441468,134824371
22463158588,134846324
22463875708,134740533
22464831868,134647966
22520767228,134691970
22595586748,134730473
22597260028,134764163
22597977148,134668642
22598694268,134710061
22599650428,134746303
22655585788,134778015
22730405308,134805763
22732078588,134830042
22732795708,134851286
22733512828,134869875
22734468988,134886140
22790404348,134900372
22865343388,134912825
22867016668,134923721
22867733788,134933255
22868450908,134941598
22869407068,134948898
22925342428,134955285
23000400988,134960874
23002074268,134965764
23002791388,134970043
23003508508,134973787
23004464668,134977063
23060400028,134979930
23135458588,134982438
23137131868,134984633
23137848988,134986553
23138566108,134988233
23139522268,134989703
23195457628,134990990
23270516188,134992116
23272189468,134993101
23272906588,134993963
23273623708,134994717
23274579868,134995377
23330515228,134995954
23405693308,134996459
23407366588,134996901
23408083708,135122288
23408800828,135107002
23409756988,135093626
23465692348,135081922
23540750908,135071681
23542424188,135062720
23543141308,135054880
23543858428,135048020
23544814588,135042017
23600749948,135036764
23675808508,135032168
23677481788,135028147
23678198908,135024628
23678916028,135021549
23679872188,135018855
23735807548,135016498
23810866108,135014435
23812539388,135012630
23813256508,135011051
23813973628,135009669
23814929788,135008460
23870865148,135007402
23946043228,135131476
23947716508,135115041
23948433628,135100660
23949150748,135213077
23950106908,135311442
24006042268,135397511
24081339868,135347822
24083013148,135429344
24083730268,135375676
24084447388,135328716
24085403548,135287626
24141338908,135251672
24216636508,135220213
24218309788,135192686
24219026908,135293600
24219744028,135256900
24220700188,135224787
24276635548,135196688
24351933148,135172102
24353606428,135150589
24354323548,135131765
24355040668,135240294
24355996828,135210257
24411932188,135183974
24487349308,135285977
24489022588,135375229
24489739708,135328325
24490456828,135287284
24491412988,135376373
24547348348,135454326
24622645948,135397535
24624319228,135347843
24625036348,135429362
24625753468,135375691
24626709628,135328729
24682644988,135287637
24757942588,135251682
24759615868,135220221
24760332988,135192693
24761050108,135293606
24762006268,135381905
24817941628,135334166
24893239228,135417395
24894912508,135365220
24895629628,135319567
24896346748,135279621
24897302908,135244668
24953238268,135339084
25028655388,135296698
25030328668,135384610
25031045788,135461533
25031762908,135403841
25032719068,135353360
25088654428,135309190
25164195708,135395541
25165868988,135346098
25166586108,135302835
25167303228,135389980
25168259388,135466232
25224194748,135532953
25300930908,135591333
25302604188,135767416
25303321308,135921489
25304038428,136056302
25304994588,136049264
25360929948,136043106
25438617948,136287717
25440291228,136501752
25441008348,136689033
25441725468,136727903
25442681628,136886915
25498736508,137026050
25578575868,137397793
25580249148,137723068
25580966268,137882684
25581683388,138147348
25582639548,138378929
25638455388,138581562
25722597468,139258866
25724270748,139851507
25724987868,140370068
25725704988,140823809
25726661148,141220832
25782596508,141568228
25875344028,142997199
25877017308,144247549
25877734428,145341605
25878451548,146298904
25879407708,147136541
25935343068,147869473
26045420988,150635788
26047094268,153056314
26047811388,155174274
26048528508,157027489
26049484668,158649052
26105420028,160067920
26248246428,165434430
26249919708,170005126
26250636828,174129485
26251353948,177738299
26252310108,180896011
26307767388,183534009
26449757148,185717257
26451430428,187752599
26452625628,189533524
26453581788,191091833
26504855868,198705353
26648279868,216492183
26649953148,214430660
26651148348,212501827
26652104508,210814098
26696924508,208462335
26840587548,206404543
26843216988,204853975
26844173148,203372228
26887558908,207325699
27043054428,224784986
27045683868,221936862
27046640028,219444754
27084647388,216639159
27242533308,214434264
27245162748,212629981
27246118908,211051233
27428028348,227669828
27430657788,222711099
27431613948,218122211
27612447708,236606934
27615077148,230406067
27616033308,224855308
27796030428,242373394
27798659868,235326719
27799616028,228910879
27980808348,245797019
27983437788,238447391
27984393948,231891467
28166542428,248780033
28169171868,241307528
28170128028,234519087
28352874108,251204201
28355503548,243428675
28356459708,236375090
28540400988,253078203
28543030428,245318427
28543986588,238153623
28728405948,254884420
28731035388,246898867
28731991548,239536508
28916649948,256219444
28919279388,248067013
28920235548,240683636
29106328188,234348181
29108957628,228679658
29109913788,223719700
29296962588,219504737
29299592028,215941644
29300548188,212823938
29488672668,210220945
29491302108,207943326
29492258268,205950410
29680382748,204206608
29683012188,202680782
29683968348,201220684
29873527068,200193098
29876156508,199293960
29877112668,198632215
30067508028,198053188
30070137468,197546539
30071093628,197228221
30261608508,220574693
30264237948,217627856
30265194108,214799374
30455469948,235949452
30458099388,231080770
30459055548,226570673
30650885148,246374338
30653514588,240327545
30654470748,234786601
30846061308,253813275
30848690748,246836615
30849646908,240482038
31041237468,258796783
31043866908,251072185
31044823068,244188161
31236174588,262039640
31238804028,253659685
31239760188,246327224
31431709308,239911321
31434338748,234422405
31435294908,229619604
31628319708,225542153
31630949148,221849383
31631905308,218618210
31824093468,215790933
31826722908,213317066
31827679068,211152432
32020823388,209258378
32023452828,207726080
32024408988,206385320
32218628988,205337155
32221258428,204420010
32222214588,203617508
32416076028,227165319
32418705468,223769654
32419661628,220548447
32612925468,241729891
32615554908,236388654
32616511068,231590072
32810492028,251516313
32813121468,245201773
32814077628,239426551
33007819548,258373232
33010448988,251076578
33011405148,244442005
33204310428,262636754
33206939868,254682159
33207896028,247346889
33401159868,241053527
33403789308,235546836
33404745468,230728481
33599084988,226637420
33601714428,223057742
33602670588,219925524
33796412508,217059833
33799041948,214677353
33799998108,212467683
33993142428,210534222
33995771868,208717444
33996728028,207252763
34190948028,205971167
34193577468,204974771
34194533628,204102924
34389351228,203465058
34391980668,203156925
34392936828,202637309
34586798268,226307645
34589427708,223019189
34590383868,220016790
34784245308,241514691
34786874748,236325354
34787830908,231534684
34981572828,251467848
34984202268,245034367
34985158428,239280071
35179019868,258370062
35181649308,251073804
35182605468,244439578
35376466908,238509630
35379096348,233445926
35380052508,229015185
35574152988,225138286
35576782428,221621000
35577738588,218543375
35772675708,215975453
35775305148,213853521
35776261308,211996830
35970600828,210247226
35973230268,208716322
35974186428,207376781
36168645468,206204683
36171274908,205179097
36172231068,204281709
36367646268,203621495
36370275708,203043808
36371231868,202663332
36566049468,226580415
36568678908,223382863
36569635068,220335005
36764811228,241918129
36767440668,236803362
36768396828,232202941
36963692508,252427573
36966321948,246124126
36967278108,240358610
37162812828,259563783
37165442268,252368310
37166398428,245822271
37361813628,264344487
37364443068,256176426
37365399228,249029372
37561172988,242900700
37563802428,237413112
37564758588,232611473
37761847068,228535038
37764476508,225093158
37765432668,222081513
37962282108,219446323
37964911548,217015532
37965867708,214888590
38164390428,213277516
38167019868,211992826
38167976028,210743722
38367215868,209775756
38369845308,208803786
38370801468,208078312
38681672988,198443523
38809439868,190013082
38812786428,182761446
38941389948,192416265
38944736508,185239231
39074057148,194834327
39077403708,187480036
39207680508,196920031
39211027068,189430027
39342499068,198876273
39345845628,191266738
39478751868,200733395
39482098428,193141720
39616199868,202874005
39616438908,194764754
39619785468,187544159
39755201628,181476139
39755440668,176166621
39758787228,171520793
39895398588,167580693
39895637628,164133106
39898984188,161116467
40036432188,158601908
40036671228,156401669
40040017788,154601460
40178541468,153026277
40178780508,151647992
40182127068,150941993
40321965468,167199243
40322204508,164299337
40325551068,162136919
40466106588,177369804
40466345628,173323578
40469692188,170033130
40610725788,184403988
40610964828,179353489
40614311388,175434302
40756181628,189380014
40756420668,183957512
40759767228,179587823
40902593628,193139345
40902832668,187246926
40906179228,182591060
41049842268,196017177
41050081308,190015029
41053427868,185138150
41197927548,198370881
41198166588,192199520
41201513148,187049580
41346610428,200293382
41346849468,193881709
41350196028,188646495
41495890908,201815683
41496129948,195338722
41499476508,190046381
41645768988,203165583
41646008028,196644885
41649354588,191189274
41796364188,204415614
41796603228,197738662
41799949788,192146329
41947676508,205378037
41947915548,198580782
41951262108,193133184
42099227868,206491536
42099466908,199680094
42102813468,194095082
42251257308,207333196
42251496348,200416546
42254962428,194739477
42403884348,208022042
42404123388,201144286
42407708988,195501250
42556989468,208813593
42557228508,201961893
42560814108,196216656
42710811708,209564574
42711050748,202744002
42714636348,197026001
42864753468,210397750
42864992508,203348031
42868578108,197554527
43019173308,210985211
43019412348,203987059
43022997948,198238676
43173951708,211583841
43174190748,204510860
43177776348,198697002
43329088668,212234876
43329327708,205205516
43332913308,199304826
43484703708,212766722
43484942748,205545881
43488528348,199727645
43640318748,213261689
43640557788,206103977
43644143388,200340979
43796172828,213798356
43796411868,206573561
43799997468,200626865
43952504988,214048506
43952744028,206792442
43956329628,200943386
44109076188,214575462
44109315228,207378529
44112900828,201456212
44265886428,214899185
44266125468,207661786
44269711068,201704062
44422577148,215241054
44422816188,207960922
44426401788,201965806
44579626428,215470080
44579865468,208161320
44583451068,202266155
44736795228,215732885
44737034268,208516274
44740619868,202576739
44894203068,216129646
44894442108,208863440
44898147228,202880510
45051730428,216395446
45051969468,208971015
45055555068,202974638
45209257788,216477808
45209496828,209168082
45213082428,203272071
45366904668,216738062
45367143708,209395804
45370729308,203346328
45524790588,216803037
45525029628,209577657
45528615228,203505449
45682676508,217067267
45682915548,209683858
45686501148,203598375
45840442908,217148578
45840681948,209755005
45844267548,203785629
45998209308,217312425
45998448348,209898371
46002033948,203911074
46156095228,217422189
46156334268,209994415
46159919868,203870113
46314100668,217386348
46314339708,209963054
46317925308,203842672
46472225628,217487338
46472464668,210051420
46476050268,204044992
46630231068,217664368
46630470108,210206322
46634055708,204180531
46788356028,217657964
46788595068,210200718
46792180668,204175628
46946600508,217653674
46946839548,210196964
46950425148,204172343
47104844988,217650800
47105084028,210319450
47108669628,204279518
47263208988,217869578
47263448028,210510880
47267033628,204447020
47421453468,218016142
47421692508,210514124
47425278108,204449858
47579817468,217893625
47580056508,210531921
47583642108,204465430
47738300988,218032251
47738540028,210653219
47742125628,204571566
47896784508,218125120
47897023548,210734480
47900728668,204642670
48055387548,218187336
48055626588,210788919
48059212188,204690304
48213990588,218229016
48214229628,210825389
48217815228,204722215
48372832668,218256938
48373071708,210974820
48376657308,204852967
48531913788,218496346
48532152828,211184302
48535738428,205036264
48691114428,218781731
48691353468,211434014
48694939068,205254762
48850315068,218972916
48850554108,211476301
48854139708,205416763
49009635228,219114667
49009874268,211600333
49013459868,205525291
49169074908,219209629
49169313948,211808425
49172899548,205707371
49328873148,219368949
49329112188,211947830
49332697788,205829351
49488910428,219600682
49489149468,212275596
49492735068,206116146
49648947708,219851627
49649186748,212495173
49652772348,206308276
49809463068,220144741
49809702108,212751648
49813287708,206657692
49970336988,220575480
49970576028,213128545
49974161628,207112476
50131449948,220973416
50131688988,213476739
50135394108,207417146
50293040988,221365002
50293280028,213944376
50296865628,207826329
50454632028,221723037
50454871068,214132657
50458456668,207991074
50616701148,221992189
50616940188,214493165
50620525788,208431519
50779367868,222502579
50779606908,215064756
50783192508,209056661
50942393148,223174578
50942632188,215652755
50946217788,209571160
51105896508,223624765
51106135548,216171669
51109721148,210025210
51269997468,224147058
51270236508,216753675
51273822108,210534465
51434576508,224842656
51434815548,217362324
51438401148,211192033
51599394588,225543028
51599633628,217975149
51603219228,211853255
51765049308,226246598
51765288348,218715773
51768873948,212501301
51930943068,226813638
51931182108,219211933
51934767708,212935441
52097553948,227443510
52097792988,219888071
52101378588,213652062
52265120988,228320554
52265360028,220780484
52268945628,214557923
52433524668,229238182
52433763708,221583409
52437349308,215385482
52602525948,230212296
52602764988,222560759
52606350588,216365664
52772363868,231194956
52772602908,223545586
52776188508,217352387
52943038428,232308338
52943277468,224644795
52946863068,218314195
53114908188,233274920
53115147228,225615555
53118732828,219288610
53287853628,234502533
53288092668,226939716
53291678268,220572251
53461755228,235875719
53461994268,228141254
53465579868,221748597
53636732508,237155022
53636971548,229385644
53640557148,223087438
53813144028,238701508
53813383068,230988819
53816968668,224615216
53990870268,240288314
53991109308,232502274
53994694908,226064489
54169791708,241931427
54170030748,234189998
54173616348,227666248
54349908348,243582967
54350147388,235760096
54353732988,229165084
54531817788,245269448
54532056828,237485767
54535642428,230925046
54715280988,247309415
54715520028,239395738
54719105628,232846270
54900536988,249365486
54900776028,241319800
54904361628,234779825
55087346748,251432346
55087585788,243378302
55091171388,236831014
55275829788,253602137
55276068828,245526869
55279654428,238836010
55466344668,255856508
55466583708,247749444
55470169308,241030763
55658652348,258276917
55658891388,249992302
55662476988,242743264
55852274748,236650356
55852513788,231319061
55856099388,226654178
56048765628,222822405
56049004668,219594604
56052590268,216645278
56248244508,214564618
56248483548,212619040
56252069148,211041660
56450950428,209911452
56451189468,209047520
56454775068,208166580
56653775868,207520757
56654014908,206955662
56657600508,206461204
56983292508,200778553
57146317788,196556233
57149903388,193236703
57314123868,210457115
57317709468,205524975
57482766588,221459353
57486352188,215276933
57653321628,230367316
57656907228,223321401
57825669468,237781225
57829255068,230058571
58000049148,244301249
58003634748,236013592
58176699708,249886893
58176938748,240651031
58180524348,232694652
58356338268,226107820
58356577308,220344342
58360162908,215301299
58538367228,211138636
58538606268,207496306
58542191868,204309267
58722069468,201770608
58722308508,199549282
58725894108,197480621
58908162108,196045543
58908401148,194789850
58911986748,194066118
59095449948,216057853
59095688988,212425621
59099274588,209747418
59283335388,230028990
59283574428,224775366
59287160028,220678445
59473013628,239843639
59473252668,233613184
59476838268,228536536
59663408988,246969469
59663648028,239848285
59667233628,234117249
59855238588,252227592
59855477628,244699143
59859063228,238611750
60048382908,256410281
60048621948,248483995
60052207548,242048495
60242363868,259667433
60242602908,251459003
60246188508,244276627
60438018108,238242048
60438257148,232961792
60441842748,228216568
60634748028,224189497
60634987068,220665809
60638572668,217707582
60832912188,215244134
60833151228,213213617
60836736828,211311914
61032032508,209897924
61032271548,208535683
61035857148,207343722
61232348028,206425756
61232587068,205622536
61236172668,205044719
61433141628,229164129
61433380668,225643612
61436966268,222938160
61633815708,244695890
61634054748,239233903
61637640348,234829665
61835087388,255350956
61835326428,248682086
61838912028,243096825
62037434748,262709721
62037673788,255121005
62041259388,248980879
62240260188,268108269
62764355388,252969735
62898576348,255973518
62902161948,241726828
63037697628,245635974
63041283228,232806477
63177655548,238080667
63181241148,226320583
63319047708,232780510
63322633308,221807946
63461037468,229081952
63464623068,218571708
63603983388,226375244
63607568988,216328338
63748483068,224787295
63748722108,214813883
63752307708,206087147
63894177948,198576253
63894416988,192004221
63898122108,186253693
64040948508,181221981
64041187548,176944233
64044773148,173076203
64188555708,169941677
64188794748,167073967
64192380348,164689721
64337119068,162728505
64337358108,161012441
64340943708,159885885
64486280028,176650149
64486519068,173193880
64490104668,170669645
64636277628,186335939
64636516668,181793946
64640102268,178319702
64786753308,193029739
64786992348,187651021
64790577948,183444643
64937826588,197639062
64938065628,191934179
64941651228,187317406
65089736508,201277730
65089975548,195118013
65093561148,190103261
65242244028,203965353
65242483068,197594683
65246068668,192520347
65395229628,206205303
65395468668,199554640
65399054268,194235310
65548932348,207705896
65549171388,200992659
65552756988,195493576
65702993628,208931879
65703232668,202190394
65706818268,196541594
65857772028,210098894
65858011068,203336532
65861596668,197669465
66012908988,211210781
66013148028,204309433
66016733628,198520753
66168524028,212080658
66168763068,205070575
66172348668,199311753
66324497628,212897783
66324736668,205785560
66328322268,200062365
66480949308,213554569
66481188348,206485247
66484773948,200674591
66637640028,214215267
66637879068,207063358
66641464668,201180438
66794450268,214782883
66794689308,207560022
66798394428,201740019
66951738588,215272516
66951977628,207988451
66955802268,202114894
67109504988,215725532
67109744028,208509840
67113688188,202696110
67267510428,216359096
67267749468,209064209
67271574108,203181182
67425515868,216783534
67425754908,209435592
67429579548,203506143
67583760348,217067875
67583999388,209684390
67587824028,203723841
67742482908,217383360
67742721948,210085440
67746546588,204199760
67901444508,217924790
67901683548,210559191
67905508188,204614292
68060286588,218287505
68060525628,210876566
68064350268,204891995
68219487228,218530495
68219726268,211089183
68223550908,205078035
68378687868,218693280
68378926908,211231620
68382751548,205202667
68538127548,218927333
68538366588,211561416
68542191228,205616239
68697567228,219289209
68697806268,211753057
68701630908,205658924
68857245948,219326558
68857484988,211910738
68861309628,205921895
69016924668,219556658
69017163708,212112075
69020988348,205973065
69176722908,219601431
69176961948,212151252
69180786588,206007345
69336401628,219756426
69336640668,212286872
69340465308,206251013
69496080348,219969636
69496319388,212473431
69500263548,206414252
69655878588,219987470
69656117628,212489036
69660181308,206427906
69815796348,219999417
69816035388,212624489
69820099068,206546427
69975833628,220103123
69976072668,212715232
69980136348,206625828
70135751388,220172599
70135990428,212651024
70140054108,206569646
70295788668,220123440
70296027708,212733010
70300091388,206766383
70455945468,220295585
70456184508,212883636
70460248188,206773181
70616102268,220426533
70616341308,212998216
70620404988,206873439
70776378588,220514259
70776617628,212949976
70780681308,206831229
70936535388,220477325
70936774428,212917659
70940838108,206802951
71096811708,220452582
71097050748,213021009
71101114428,207018382
71257207548,220766084
71257446588,213295323
71261510268,207133407
71417722908,220741731
71417961948,213149014
71422025628,207130387
71578238268,220864088
71578477308,213381077
71582540988,207333442
71738873148,220916761
71739112188,213427165
71743175868,207373769
71899747068,221077047
71899986108,213567416
71904049788,207496489
72060620988,221184427
72060860028,213661373
72064923708,207578701
72221733948,221256363
72221972988,213724317
72226036668,207758777
72382966428,221538929
72383205468,214096562
72387269148,208084491
72544318428,221823929
72544557468,214345937
72548621148,208177694
72706028988,222030482
72706268028,214526671
72710331708,208460837
72867859068,222278232
72868098108,214743453
72872161788,208650521
73029928188,222444205
73030167228,215013679
73034230908,208886969
73192236348,222776097
73192475388,215304084
73196539068,209141073
73354903068,222998438
73355142108,215498633
73359205788,209436303
73517928348,223381765
73518167388,215959044
73522231068,209839163
73681431708,223859267
73681670748,216376858
73685734428,210204750
73844935068,224179156
73845174108,216656761
73849237788,210574665
74008796988,224627831
74009036028,217174352
74013219228,211027558
74173256508,225149113
74173495548,217630473
74177798268,211426663
74338074588,225623330
74338313628,218045413
74342616348,211914736
74503609788,226175394
74503848828,218528469
74508151548,212462410
74669503548,226779608
74669742588,219182157
74674045308,213159387
74835875388,227389463
74836114428,219840780
74840417148,213735682
75002605788,228018721
75002844828,220391380
75007147548,214217457
75170053308,228690274
75170292348,221103989
75174595068,214965990
75337978908,229345241
75338217948,221677085
75342520668,215467449
75506502108,230034017
75506741148,222404764
75511163388,216229168
75675742428,230825522
75675981468,223097331
75680523228,216960164
75845938908,231590143
75846177948,224016375
75850719708,217889328
76017091548,232778162
76017330588,225180891
76021872348,218908279
76188841788,233794744
76189080828,226070401
76193622588,219811600
76361667708,234835150
76361906748,227105756
76366448508,220842536
76535449788,235987219
76535688828,228238816
76540230588,222083964
76710307548,237323468
76710546588,229533034
76715088348,223341404
76886121468,238673728
76886360508,230839512
76890902268,224484573
77063250108,239924001
77063489148,232058500
77068150428,225801187
77241693468,241451038
77241932508,233519658
77246713308,227204700
77421451548,242929112
77421690588,235062973
77426471388,228805101
77602643868,244704463
77602882908,236741405
77607663708,230398729
77785031388,246473887
77785270428,238539651
77790051228,232222194
77969092188,248444419
77969331228,240388866
77974112028,233965257
78154945788,250219599
78155184828,242192149
78159965628,235668130
78342472668,252209613
78342711708,244183411
78347492508,237660484
78531194748,254452923
78531433788,246271307
78536214588,239737393
78721829148,256520218
78722068188,248330190
78726848988,241663916
78913658748,258580926
78913897788,250133310
78918678588,242866646
79108595868,236883315
79108834908,231647900
79113615708,227066912
79305325788,223308548
79305564828,220019979
79310345628,217142481
79505163228,214999670
79505402268,213124711
79510302588,211484122
79707869148,210298606
79708108188,209386280
79713128028,208587995
79889659068,205264495
79889898108,202231433
79891212828,199202503
80034756348,214427190
80034995388,205748791
80036190588,198405192
80179375548,209604543
80179614588,201528975
80180809788,194587853
80325189948,206389371
80325428988,198840699
80326624188,192360611
80472558108,204815534
80472797148,197588592
80473992348,191390018
80621958108,204341265
80622197148,197548606
80623392348,191730030
80773389948,205263776
80773628988,198605804
80774824188,192780078
80926734108,206557568
80926973148,199862872
80928168348,194255013
81081751548,208348136
81081990588,201679619
81083185788,196094666
81238681308,210332832
81238920348,203666228
81240115548,198082949
81397642908,212572580
81397881948,205876007
81399077148,200266506
81558038748,214983192
81558277788,208235293
81559472988,202455881
81720107868,217273895
81720346908,210364658
81721542108,204444075
81883730748,219388565
81883969788,212339994
81885164988,206422494
82049146428,221619682
82049385468,214667221
82050580668,208708818
82215757308,223870215
82215996348,216636438
82217191548,210556883
82383921948,225862272
82384160988,218754488
82385356188,212660177
82553520828,228077654
82553759868,220817947
82554955068,214465703
82724673468,230032490
82724912508,222653428
82726107708,216446749
82896901788,232140905
82897140828,224748291
82898336028,218404754
83070564348,234104159
83070803388,226591139
83071998588,220017246
83245541628,235890090
83245780668,228278828
83246975868,221743974
83421714108,237775977
83421953148,230053979
83423148348,223547231
83598723228,239603827
83598962268,231778348
83600157468,225181054
83776927548,241158422
83777166588,233388619
83778481308,226715041
83956088028,242875660
83956327068,235016202
83957761308,228139176
84136324188,244371779
84136563228,236325306
84137997468,229409642
84317516508,245733436
84317755548,237641756
84319189788,230811536
84499545468,247210094
84499784508,239058832
84501218748,232176478
84682291548,248529418
84682530588,240338240
84683964828,233295960
84865874268,249633965
84866113308,241429719
84867547548,234376004
85050293628,250954003
85050532668,242709752
85051966908,235496033
85235310588,252059028
85235549628,243676649
85236983868,236467067
85420208028,253033683
85420447068,244529472
85421881308,237213288
85606420188,253811627
85606659228,245335173
85608093468,238168276
85792751868,254772241
85792990908,246175710
85794544668,238903746
85979442108,255415777
85979681148,246863804
85981115388,239630828
86167088508,256301974
86167327548,247764227
86168761788,240168698
86355691068,233647610
86355930108,227941658
86357364348,223073950
86545130268,218939706
86545369308,215322242
86546803548,212031961
86734569468,209152965
86734808508,206633844
86736242748,204554613
86923650108,202610286
86923889148,200909000
86925323388,199420375
87114164988,198367828
87114404028,197446849
87115838268,196515992
87304321308,195701493
87304560348,194988806
87305994588,194490205
87494119068,217553929
87494358108,214109687
87495792348,211220976
87684514428,232193354
87684753468,226919184
87686187708,222554286
87875148828,242235000
87875387868,235830625
87876822108,230351796
88066261308,249057821
88066500348,241800593
88067934588,235575518
88256895708,253628578
88257134748,245800005
88258568988,239075004
88447291068,256690628
88447530108,248479299
88448964348,241294386
88639359708,235132587
88639598748,229741013
88641032988,225148386
88831069788,221004837
88831308828,217379232
88832743068,214081828
89022899388,211196599
89023138428,208797024
89024572668,206697396
89214968028,204860221
89215207068,203252693
89216641308,201846106
89406558588,200615342
89406797628,199413424
89408231868,198486746
89598149148,197675902
89598388188,196966414
89599822428,196470612
89789620188,219536785
89789859228,215969686
89791293468,213098475
89980971708,234086165
89981210748,228825394
89982644988,224347219
90172442748,243928816
90172681788,237437714
90174235548,231882999
90363913788,250522624
90364152828,243207296
90365826108,236931384
90556221468,255064961
90556460508,247306840
90558133788,240643485
90748409628,258438049
90748648668,250133292
90750321948,243116630
90940239228,260477051
90940478268,251917419
90942151548,244427741
91132666428,237874273
91132905468,232139988
91134578748,227122489
91325332668,222857177
91325571708,219125029
91327244988,215859400
91518476988,213001975
91518716028,210501728
91520389308,208314012
91711023708,206399760
91711262748,204724790
91712936028,203134191
91903092348,201742417
91903331388,200524614
91905004668,199584037
92095758588,222511032
92095997628,218697153
92097670908,215610008
92288544348,236533757
92288783388,231092037
92290456668,226580532
92481330108,246257965
92481569148,239600719
92483242428,234025629
92674354908,252772425
92674593948,245300871
92676267228,239013262
92868694428,257261604
92868933468,249353903
92870606748,242684665
93063033948,260724081
93063272988,252508570
93064946268,245194998
93257851548,238795623
93258090588,233321170
93259763868,228531023
93452788668,224339645
93453027708,220672189
93454700988,217463165
93648562428,214780269
93648801468,212307735
93650474748,210269268
93843977628,208360609
93844216668,206815532
93845889948,205338590
94040348988,204296266
94040588028,203259232
94042261308,202476828
94236481308,201667224
94236720348,200958821
94238393628,200588968
94433091708,224390347
94433330748,220966553
94435004028,218220733
94630419228,239943141
94630658268,234575248
94632331548,230128342
94828344348,250487299
94828583388,243926386
94830256668,238435587
95028062268,258131138
95028301308,250864745
95029974588,244631651
95227899708,238927694
95228138748,234061732
95229812028,229804015
95428693308,226203513
95428932348,222928073
95430605628,220187063
95630921148,217913680
95631160188,216049470
95632833468,214293286
95833627068,212881625
95833866108,211521421
95835539388,210456243
95988644508,203524212
95988883548,197458685
95990556828,192151349
96157884828,189257430
96158123868,186850251
96159797148,184868969
96315053628,202385347
96315292668,196837178
96316965948,191982530
96473776188,207234713
96474015228,201205373
96475688508,196054701
96634530588,211297863
96634769628,205010630
96636442908,199634301
96797794908,214930013
96798033948,208563761
96799707228,203118290
96963330108,218603503
96963569148,212028065
96965242428,206399556
97131136188,222099611
97131375228,215337159
97133048508,209670014
97300854588,225336262
97301093628,218419229
97302766908,212491825
97472485308,228305346
97472724348,221267177
97474397628,215233779
97646625948,231329556
97646864988,224163361
97648538268,218142940
97822320348,234375072
97822559388,227078188
97824232668,220943414
97999568508,237200487
97999807548,229675426
98001480828,223340997
98178370428,239673372
98178609468,232089200
98180282748,225703050
98359084668,242240168
98359323708,234585147
98360996988,228012003
98541352668,244635502
98541591708,236806064
98543384508,230205306
98725054908,247054642
98725293948,239172811
98726967228,232401209
98910071868,249226057
98910310908,241197799
98911984188,234298074
99096523068,251260814
99096762108,243103212
99098435388,236215310
99284288988,253313396
99284528028,245149221
99286201308,238255568
99473250108,255348622
99473489148,247055044
99475162428,240048163
99662808828,257042142
99663047868,248661874
99664721148,241454139
99853323708,258522371
99853562748,249957074
99855236028,242587439
