1100153304,100000000
1236367908,104500000
1237085028,108562500
1237563108,112117187
1238041188,115352538
1238280228,118183470
1350702704,134660536
1351658864,132202969
1351897904,129927597
1352495504,128061647
1353093104,126553941
1353332144,125109698
1353571184,123845985
1476406300,138115236
1476645340,136600831
1477601500,135275727
1477840540,134116261
1478079580,133226728
1479035740,132448387
1479633340,131767338
1479872380,131046420
1480111420,130540617
1480350460,130098039
1480589500,129710784
1577727816,126121936
1577966856,122856694
1578205896,120124607
1579162056,117734031
1579879176,115517277
1580118216,113702617
1580357256,112114789
1580596296,110600440
1580835336,109275385
1677973652,120240961
1678212692,117835840
1678451732,115731360
1679407892,113889940
1680244532,112278697
1680483572,110868859
1680722612,109510251
1680961652,108321469
1681200692,107406285
1681439732,106605499
1780012288,106154811
1780251328,105635459
1780490368,105181026
1781446528,104783397
1782522208,104435472
1782761248,104131038
1783000288,103989658
1783239328,103865950
1783478368,103632706
1783717408,103428617
1883604684,115750039
1883843724,114156284
1884082764,112886748
1885038924,111900904
1886114604,111038291
1886353644,110158504
1886592684,109388691
1886831724,108590104
1887070764,108016341
1887309804,107514298
1887548844,107075010
1987555640,106690633
1987794680,106354303
1988033720,106060015
1988989880,105677513
1990304600,105467823
1990543640,105284345
1990782680,105123801
1991021720,105108325
1991260760,105094784
1991499800,104957936
1991738840,104838194
2091267556,117233419
2091506596,115579241
2091745636,114131835
2092821316,112865355
2094016516,112007185
2094255556,111006286
2094494596,110130500
2094733636,109364187
2094972676,108568663
2095211716,107997580
2095450756,107497882
2095689796,107060646
2194979472,106553065
2195218512,106233931
2195457552,105954689
2196772272,105710352
2197967472,105371558
2198206512,105200113
2198445552,105050098
2198684592,104918835
2198923632,104803980
2199162672,104828482
2199401712,104724921
2199640752,104634305
2298691388,116930016
2298930428,115313764
2299169468,113899543
2300484188,112787100
2301679388,111813712
2301918428,110836998
2302157468,109982373
2302396508,109234576
2302635548,108580254
2302874588,108007722
2303113628,107506756
2303352668,107068411
2303591708,106684859
2403749468,106474251
2403988508,106289969
2404227548,106128722
2405781308,105987631
2406976508,105864177
2407215548,105881154
2407454588,105896009
2407693628,105784007
2407932668,105686006
2408171708,105725255
2408410748,105759598
2408649788,105664648
2408888828,105581567
2512632188,118508871
2512871228,117320262
2513110268,116405229
2514664028,115604575
2515859228,114904003
2516098268,114291002
2516337308,113629626
2516576348,113050922
2516815388,112544556
2517054428,112226486
2517293468,111823175
2517532508,111470278
2517771548,111161493
2518010588,111016306
2623546748,111014267
2623785788,111012483
2624024828,111010922
2625817628,111009556
2627012828,111133361
2627251868,111241690
2627490908,111211478
2627729948,111185043
2627968988,111161912
2628208028,111266673
2628447068,111233338
2628686108,111204170
2628925148,111178648
2629164188,111281317
2732907548,124121152
2733146588,122356008
2733385628,120811507
2735058908,119585068
2736254108,118511934
2736493148,117322942
2736732188,116282574
2736971228,115372252
2737210268,114700720
2737449308,114113130
2737688348,113473988
2737927388,112914739
2738166428,112550396
2738405468,112231596
2842148828,124827646
2842387868,122974190
2842626908,121227416
2844300188,119948989
2845495388,118705365
2845734428,117492194
2845973468,116430669
2846212508,115626835
2846451548,114923480
2846690588,114183045
2846929628,113535164
2847168668,113093268
2847407708,112706609
2847646748,112243282
2951390108,124837871
2951629148,122858137
2951868188,121125869
2953541468,119860135
2954736668,118627618
2954975708,117424165
2955214748,116496144
2955453788,115684126
2955692828,114848610
2955931868,114117533
2956170908,113602841
2956409948,113152485
2956648988,112633424
2956888028,112179246
3060631388,124781840
3060870428,122809110
3061109468,121207971
3062782748,119931974
3063977948,118690477
3064216988,117604167
3064456028,116653646
3064695068,115696940
3064934108,114859822
3065173148,114252344
3065412188,113720801
3065651228,113130700
3065890268,112614362
3066129308,112287566
3169872668,124876620
3170111708,123017042
3170350748,121389911
3172024028,120091172
3173219228,118954775
3173458268,117835428
3173697308,116730999
3173936348,115764624
3174175388,115044046
3174414428,114413540
3174653468,113736847
3174892508,113144741
3175131548,112751648
3175370588,112407692
3279113948,124981730
3279352988,123109013
3279592028,121345386
3281265308,120052212
3282460508,118795685
3282699548,117571224
3282938588,116499821
3283177628,115687343
3283416668,114976425
3283655708,114229371
3283894748,113575699
3284133788,113128736
3284372828,112737644
3284611868,112270438
3388355228,124861633
3388594268,122878928
3388833308,121144062
3390506588,119876054
3391701788,118641547
3391940828,117436353
3392179868,116506808
3392418908,115693457
3392657948,114856774
3392896988,114124677
3393136028,113609092
3393375068,113157955
3393614108,112638210
3393853148,112183433
3497596508,124785503
3497835548,122812315
3498074588,121210775
3499747868,119934428
3500943068,118692624
3501182108,117606046
3501421148,116655290
3501660188,115698378
3501899228,114861080
3502138268,114253445
3502377308,113721764
3502616348,113131543
3502855388,112615100
3503094428,112288212
3606837788,124877185
3607076828,123017536
3607315868,121390344
3608989148,119966551
3610184348,118845732
3610423388,117740015
3610662428,116647513
3610901468,115691573
3611140508,114980126
3611379548,114357610
3611618588,113687908
3611857628,113101919
3612096668,112714179
3612335708,112374906
3716079068,124953042
3716318108,123083911
3716557148,121323422
3718230428,120032994
3719425628,118903869
3719664668,117665885
3719903708,116582649
3720142748,115759817
3720381788,115039839
3720620828,114284859
3720859868,113624251
3721098908,113171219
3721337948,112774816
3721576988,112302964
3825320348,124890093
3825559388,122903831
3825798428,121165852
3827471708,119895120
3828666908,118658230
3828905948,117450951
3829144988,116519582
3829384028,115704634
3829623068,114866554
3829862108,114133234
3830101148,113616579
3830340188,113164506
3830579228,112643942
3830818268,112188449
3934561628,124789892
3934800668,122816155
3935039708,121214135
3936712988,119937368
3937908188,118695197
3938147228,117608297
3938386268,116657259
3938625308,115700101
3938864348,114862588
3939103388,114254764
3939342428,113722918
3939581468,113132553
3939820508,112615983
3940059548,112288985
4043802908,124877861
4044041948,123018128
4044280988,121390862
4045954268,119967004
4047149468,118846128
4047388508,117740362
4047627548,116647816
4047866588,115691839
4048105628,114980359
4048344668,114357814
4048583708,113688087
4048822748,113102076
4049061788,112714316
4049300828,112375026
4153044188,124953147
4153283228,123084003
4153522268,121323502
4155195548,120033064
4156390748,118903931
4156629788,117665939
4156868828,116582696
4157107868,115759859
4157346908,115039876
4157585948,114284891
4157824988,113624279
4158064028,113171244
4158303068,112774838
4158542108,112302983
4262285468,124890110
4262524508,122903846
4262763548,121165865
4264436828,119895131
4265632028,118658239
4265871068,117450959
4266110108,116519589
4266349148,115704640
4266588188,114866560
4266827228,114133240
4267066268,113616585
4267305308,113164511
4267544348,112643947
4267783388,112188453
4371526748,124789896
4371765788,122816159
4372004828,121214139
4373678108,119937371
4374873308,118695199
4375112348,117608299
4375351388,116657261
4375590428,115700103
4375829468,114862590
4376068508,114254766
4376307548,113722920
4376546588,113132555
4376785628,112615985
4377024668,112288986
4480768028,124877862
4481007068,123018129
4481246108,121390862
4482919388,119967004
4484114588,118846128
4484353628,117740362
4484592668,116647816
4484831708,115691839
4485070748,114980359
4485309788,114357814
4485548828,113688087
4485787868,113102076
4486026908,112714316
4486265948,112375026
4590009308,124953147
4590248348,123084003
4590487388,121323502
4592160668,120033064
4593355868,118903931
4593594908,117665939
4593833948,116582696
4594072988,115759859
4594312028,115039876
4594551068,114284891
4594790108,113624279
4595029148,113171244
4595268188,112774838
4595507228,112302983
4699250588,124890110
4699489628,122903846
4699728668,121165865
4701401948,119895131
4702597148,118658239
4702836188,117450959
4703075228,116519589
4703314268,115704640
4703553308,114866560
4703792348,114133240
4704031388,113616585
4704270428,113164511
4704509468,112643947
4704748508,112188453
4808491868,124789896
4808730908,122816159
4808969948,121089139
4810643228,119827996
4811838428,118599496
4812077468,117524559
4812316508,116583989
4812555548,115635990
4812794588,114806491
4813033628,114205679
4813272668,113679969
4813511708,113094972
4813750748,112583100
4813989788,112135212
4917733148,124743310
4917972188,122775396
4918211228,121178471
4919884508,119906162
4921079708,118792891
4921318748,117693779
4921557788,116607056
4921796828,115656174
4922035868,114949152
4922274908,114330508
4922513948,113664194
4922752988,113081169
4922992028,112571022
4923231068,112249644
5026974428,124843438
5027213468,122988008
5027452508,121364507
5029125788,120068943
5030320988,118935325
5030560028,117693409
5030799068,116606732
5031038108,115780890
5031277148,115058278
5031516188,114300993
5031755228,113638368
5031994268,113058572
5032233308,112676250
5032472348,112341718
5136220348,124924003
5136459388,123058502
5136698428,121301189
5138371708,120013540
5139566908,118761847
5139805948,117541616
5140044988,116598914
5140284028,115774049
5140523068,114927292
5140762108,114186380
5141001148,113663082
5141240188,113205196
5141479228,112804546
5141718268,112328977
5246661148,125037854
5246900188,123158122
5247139228,121638356
5248812508,120433561
5250007708,119379365
5250246748,118331944
5250485788,117415451
5250724828,116488519
5250963868,115677454
5251202908,115092772
5251441948,114581175
5251680988,114008528
5251920028,113507462
5252159068,113194029
5357575708,126044775
5357814748,124164178
5358053788,122643655
5359727068,121313198
5360922268,120149048
5361161308,119005417
5361400348,118004739
5361639388,117129146
5361878428,116363002
5362117468,115817626
5362356508,115215422
5362595548,114688494
5362834588,114227432
5363073628,113949003
5469326908,126830377
5469565948,124976579
5469804988,123354506
5471478268,122060192
5472673468,120927668
5472912508,119811709
5473151548,118835245
5473390588,117980839
5473629628,117233234
5473868668,116579079
5474107708,116006694
5474346748,115505857
5474585788,115067624
5474824828,114684171
5582512348,127723649
5582751388,125883192
5582990428,124272793
5584663708,123113693
5585858908,121974481
5586097948,120977670
5586336988,120105461
5586576028,119217278
5586815068,118440118
5587054108,117885103
5587293148,117399465
5587532188,116849531
5587771228,116368339
5588010268,116072296
5697490588,129438259
5697729628,127633476
5697968668,126054291
5699641948,124922504
5700837148,123807191
5701076188,122831292
5701315228,121852380
5701554268,120995832
5701793308,120246353
5702032348,119715558
5702271388,119126113
5702510428,118610348
5702749468,118159054
5702988508,117764172
5815337308,131418650
5815576348,129741318
5815815388,128273653
5817488668,127239446
5818683868,126209515
5818922908,125183325
5819161948,124285409
5819400988,123499732
5819640028,122812265
5819879068,122210731
5820118108,121684389
5820357148,121223840
5820596188,120820860
5820835228,120468252
5936650108,134659720
5936889148,132952255
5937128188,131583223
5938801468,130510320
5939996668,129446530
5940235708,128515713
5940474748,127701248
5940713788,126863592
5940952828,126130643
5941191868,125614312
5941430908,125162523
5941669948,124642207
5941908988,124186931
5942148028,123913564
6062026588,138674368
6062265628,137090072
6062504668,135703813
6064177948,134615836
6065373148,133538856
6065612188,132471499
6065851228,131537561
6066090268,130845365
6066329308,130239694
6066568348,129584732
6066807388,129011640
6067046428,128635185
6067285468,128305786
6067524508,127892562
6194932828,128405991
6195171868,128980242
6195410908,129482711
6198040348,130047372
6198279388,130416450
6198518428,130739393
6198757468,131021968
6198996508,131144222
6199235548,131376194
6199474588,131579169
6199713628,131756772
6199952668,131787175
6200191708,131938778
6337520188,149196430
6337759228,148421876
6337998268,147619141
6340627708,146916748
6340866748,146302154
6341105788,145889384
6341344828,145528211
6341583868,145212184
6341822908,144810661
6342061948,144584328
6342300988,144386287
6342540028,144213001
6342779068,143936375
6499350268,146194328
6499589308,148170037
6502218748,150273782
6502457788,151739559
6502696828,153022114
6502935868,154019349
6503174908,155016930
6503413948,155889813
6503652988,156653586
6503892028,157196887
6504131068,157797276
6504370108,158322616
6688789468,181782289
6689028508,182809502
6691657948,183583314
6691896988,184260399
6692136028,184977849
6692375068,185605617
6692614108,186029914
6692853148,186401174
6693092188,186851027
6693331228,187244648
6693570268,187464067
6693809308,187656058
6891614908,189574050
6894244348,191502293
6894483388,192939506
6894722428,194197067
6894961468,195172433
6895200508,196150878
6895439548,197007018
6895678588,197756140
6895917628,198286622
6896156668,198875794
6896395708,199391319
7035277948,217217404
7037907388,207940228
7038146428,199947699
7038385468,192954236
7038624508,186834956
7038863548,181355586
7039102588,176686137
7039341628,172600369
7039580668,169025322
7039819708,165772156
7040058748,163050636
7202247388,163544306
7202486428,163726267
7202725468,163760483
7202964508,163790422
7203203548,163941619
7203442588,164073916
7203681628,164064676
7203920668,164056591
7204159708,164174517
7204398748,164277702
7362523708,163742989
7362762748,163275115
7363001788,162990725
7363240828,162741884
7363479868,162399148
7363718908,162099254
7363957948,161836847
7364196988,161732241
7364436028,161515710
7516704508,180326246
7516943548,177035465
7517182588,174281031
7517421628,171745902
7517660668,169527664
7517899708,167586706
7518138748,166013367
7518377788,164636696
7518616828,163307109
7668016828,161893720
7668255868,160657005
7668494908,159449879
7668733948,158393644
7668972988,157469438
7669212028,156785758
7669451068,156062538
7669690108,155429720
7814428828,173001005
7814667868,169625879
7814906908,166672644
7815145948,164213563
7815384988,162061867
7815624028,160179133
7815863068,158406741
7816102108,156980898
7958330908,155358285
7958569948,153938499
7958808988,152696186
7959048028,151609162
7959287068,150658016
7959526108,149825764
7959765148,149097543
8097093628,165585350
8097332668,162262181
8097571708,159354408
8097810748,156810107
8098049788,154583843
8098288828,152635862
8098527868,150931379
8233346428,149064956
8233585468,147431836
8233824508,146002856
8234063548,144877499
8234302588,143767811
8234541628,142796834
8366730748,158447229
8366969788,155266325
8367208828,152608034
8367447868,150282029
8367686908,148121775
8367925948,146231553
8497605148,160827608
8497844188,157099157
8498083228,153961762
8498322268,151091541
8498561308,148580098
8498800348,146382585
8628599068,160709761
8628838108,156996040
8629077148,153871535
8629316188,151012593
8629555228,148511018
8629794268,146322140
8760429628,160781872
8760668668,157184138
8760907708,154036120
8761146748,151281605
8761385788,148871404
8761624828,146762478
8892140668,161292168
8892379708,157630647
8892618748,154426816
8892857788,151623464
8893096828,149170531
8893335868,147024214
9023493148,161396187
9023732188,157596663
9023971228,154272080
9024210268,151488070
9024449308,149052061
9024688348,146795553
9155204188,161196108
9155443228,157546594
9155682268,154353269
9155921308,151559110
9156160348,149114221
9156399388,146974943
9286795708,161353075
9287034748,157683940
9287273788,154473447
9287512828,151664266
9287751868,149206232
9287990908,146930453
9418745788,161314146
9418984828,157649877
9419223868,154443642
9419462908,151638186
9419701948,149183412
9419940988,147035485
9550695868,161531049
9550934908,157839667
9551173948,154734708
9551412988,151892869
9551652028,149406260
9551891068,147230477
9682645948,161701667
9682884988,157988958
9683124028,154865338
9683363068,152007170
9683602108,149506273
9683841148,147317988
9814596028,161778239
9814835068,158055959
9815074108,154923964
9815313148,152058468
9815552188,149551159
9815791228,147357264
9946546108,161812606
9946785148,158086030
9947024188,154950276
9947263228,152081491
9947502268,149571304
9947741308,147374891
10078376668,161828029
10078615708,158099525
10078854748,154837084
10079093788,151982448
10079332828,149484642
10079571868,147299061
10210326748,161761678
10210565788,158041468
10210804828,154786284
10211043868,152062998
10211282908,149555123
10211521948,147360732
10342396348,161815640
10342635388,158088685
10342874428,154827599
10343113468,152099149
10343352508,149586755
10343591548,147388410
10474585468,161839858
10474824508,158109875
10475063548,154971140
10475302588,152224747
10475541628,149696653
10475780668,147484571
10606774588,161923999
10607013628,158308499
10607252668,155144936
10607491708,152251819
10607730748,149720341
10607969788,147505298
10738963708,161942135
10739202748,158324368
10739441788,155033822
10739680828,152154594
10739919868,149635269
10740158908,147555860
10871272348,162111377
10871511388,158472454
10871750428,155163397
10871989468,152267972
10872228508,149859475
10872467548,147752040
11003461468,162158035
11003700508,158388280
11003939548,155089745
11004178588,152328526
11004417628,149912460
11004656668,147673402
11135650588,162089226
11135889628,158328072
11136128668,155162063
11136367708,152391805
11136606748,149842829
11136845788,147612475
11267839708,162035915
11268078748,158406425
11268317788,155230621
11268556828,152326793
11268795868,149785943
11269034908,147687700
11400148348,162226737
11400387388,158573394
11400626428,155251719
11400865468,152345254
11401104508,149927097
11401343548,147811209
11532576508,162209807
11532815548,158433581
11533054588,155254383
11533293628,152472585
11533532668,150038511
11533771708,147783697
11665004668,162310734
11665243708,158646892
11665482748,155441030
11665721788,152510901
11665960828,149947038
11666199868,147828658
11797432828,162350075
11797671868,158556315
11797910908,155236775
11798149948,152457178
11798388988,150025030
11798628028,147896901
11929980508,162284788
11930219548,158624189
11930458588,155421165
11930697628,152618519
11930936668,150041204
11931175708,147911053
12062408668,162422171
12062647708,158744399
12062886748,155401349
12063125788,152601180
12063364828,150151032
12063603868,148007153
12194836828,162381258
12195075868,158708600
12195314908,155495025
12195553948,152683146
12195792988,150097752
12196032028,147960533
12327264988,162465466
12327504028,158782282
12327743068,155434496
12327982108,152505184
12328221148,150067036
12328460188,147933656
12459812668,162316949
12460051708,158652330
12460290748,155445788
12460529788,152640064
12460768828,150185056
12461007868,148036924
12592479868,162532308
12592718908,158840769
12592957948,155485672
12593196988,152674963
12593436028,150215592
12593675068,148063643
12725147068,162555687
12725386108,158861226
12725625148,155628572
12725864188,152800000
12726103228,150325000
12726342268,148159375
12857814268,162639453
12858053308,158934521
12858292348,155692705
12858531388,152856116
12858770428,150374101
12859009468,148202338
12990600988,162677045
12990840028,158967414
12991079068,155721487
12991318108,152881301
12991557148,150396138
12991796188,148221620
13123268188,162693917
13123507228,158982177
13123746268,155734404
13123985308,152767603
13124224348,150296652
13124463388,148134570
13255935388,162617748
13256174428,158915529
13256413468,155676087
13256652508,152841576
13256891548,150361379
13257130588,148191206
13388602588,162667305
13388841628,158958891
13389080668,155714029
13389319708,152874775
13389558748,150390428
13389797788,148216624
13521389308,162689546
13521628348,158978352
13521867388,155731058
13522106428,152889675
13522345468,150403465
13522584508,148228031
13654295548,162824527
13654534588,159096461
13654773628,155834403
13655012668,153105102
13655251708,150591964
13655490748,148392968
13787201788,162968847
13787440828,159222741
13787679868,155944898
13787918908,153076785
13788157948,150567186
13788396988,148371287
13920108028,162949876
13920347068,159206141
13920586108,155930373
13920825148,153064076
13921064188,150681066
13921303228,148470932
14053133788,163037065
14053372828,159282431
14053611868,155997127
14053850908,153122486
14054089948,150732175
14054328988,148515653
14186040028,163076196
14186279068,159316671
14186518108,156027087
14186757148,153148701
14186996188,150630113
14187235228,148426348
14318946268,162873054
14319185308,159138922
14319424348,155871556
14319663388,153012611
14319902428,150511034
14320141468,148447154
14451852508,162891259
14452091548,159279851
14452330588,155994869
14452569628,153120510
14452808668,150605446
14453047708,148529765
14584878268,162963544
14585117308,159343101
14585356348,156050213
14585595388,153168936
14585834428,150647819
14586073468,148566841
14718023548,163120985
14718262588,159480861
14718501628,156170753
14718740668,153274408
14718979708,150740107
14719218748,148647593
14851168828,163191643
14851407868,159417687
14851646908,156115476
14851885948,153226041
14852124988,150822785
14852364028,148719936
14984314108,163254944
14984553148,159473076
14984792188,156163941
14985031228,153393448
14985270268,150969267
14985509308,148723108
15117339868,163257719
15117578908,159475504
15117817948,156166066
15118056988,153395307
15118296028,150845893
15118535068,148615156
15250485148,163163261
15250724188,159392853
15250963228,156093746
15251202268,153332027
15251441308,150790523
15251680348,148566707
15383630428,163120868
15383869468,159355759
15384108508,156186289
15384347548,153413002
15384586588,150861376
15384825628,148628704
15516775708,163175116
15517014748,159528226
15517253788,156337197
15517492828,153420047
15517731868,150867541
15517970908,148634098
15650040508,163304835
15650279548,159641730
15650518588,156311513
15650757628,153397573
15650996668,150847876
15651235708,148741891
15783424828,163399154
15783663868,159599259
15783902908,156274351
15784141948,153490057
15784380988,151053799
15784620028,148922074
15916570108,163431814
15916809148,159627837
15917048188,156424357
15917287228,153621312
15917526268,151043648
15917765308,148788192
16049954428,163314668
16050193468,159650334
16050432508,156444042
16050671548,153513536
16050910588,150949344
16051149628,148830676
16183458268,163476841
16183697308,159792235
16183936348,156443205
16184175388,153637804
16184414428,151183078
16184653468,149035193
16316842588,163530793
16317081628,159839443
16317320668,156609512
16317559708,153783323
16317798748,151185407
16318037788,149037231
16450107388,163657577
16450346428,159950379
16450585468,156581581
16450824508,153633883
16451063548,151179647
16451302588,149032191
16583491708,163528167
16583730748,159712146
16583969788,156373127
16584208828,153576486
16584447868,151129425
16584686908,148863246
16716995548,163380340
16717234588,159707797
16717473628,156494322
16717712668,153682531
16717951708,151097214
16718190748,148960062
16850499388,163590054
16850738428,159891297
16850977468,156529884
16851216508,153713648
16851455548,151249442
16851694588,149093261
16984122748,163706603
16984361788,159993277
16984600828,156744117
16984839868,153901102
16985078908,151413464
16985317948,149236781
17117865628,163832183
17118104668,160103160
17118343708,156840265
17118582748,153985231
17118821788,151487077
17119060828,149301192
17251369468,163888543
17251608508,160152475
17251847548,156758415
17252086588,153913613
17252325628,151424411
17252564668,149246359
17384992828,163715564
17385231868,160001118
17385470908,156750978
17385709948,153907105
17385948988,151293716
17386188028,149132001
17518616188,163740500
17518855228,160022937
17519094268,156770069
17519333308,153923810
17519572348,151433333
17519811388,149254166
17652359068,163847395
17652598108,160116470
17652837148,156851911
17653076188,153995422
17653315228,151495994
17653554268,149308994
17786221468,164020369
17786460508,160267822
17786699548,156984344
17786938588,154111301
17787177628,151597388
17787416668,149397714
17920083868,164097999
17920322908,160335749
17920561948,157043780
17920800988,154163307
17921040028,151767893
17921279068,149546906
18053946268,147478542
18054185308,145793724
18054424348,144319508
18054663388,143029569
18054902428,141775872
18055141468,140803888
18187928188,139953402
18188167228,139209226
18188406268,138558072
18188645308,137988313
18188884348,137489773
18189123388,137053551
18321790588,136671857
18322029628,136337874
18322268668,136045639
18322507708,135789934
18322746748,135566192
18322985788,135245418
18455652988,135089740
18455892028,134828522
18456131068,134724956
18456370108,134634336
18456609148,134555044
18456848188,134485663
18589515388,134424955
18589754428,134371835
18589993468,134200355
18590232508,134175310
18590471548,134153396
18590710588,134134221
18723497308,134117443
18723736348,134102762
18723975388,134089916
18724214428,134078676
18724453468,134068841
18724692508,134060235
18857598748,134052705
18857837788,134046116
18858076828,134165351
18858315868,134144682
18858554908,134126596
18858793948,134110771
18991700188,134096924
18991939228,134084808
18992178268,134074207
18992417308,134064931
18992656348,134056814
18992895388,134049712
19125801628,134043498
19126040668,134163060
19126279708,134142677
19126518748,134124842
19126757788,134109236
19126996828,134095581
19260022588,134208633
19260261628,134182553
19260500668,134159733
19260739708,134139766
19260978748,134122295
19261217788,134232008
19394124028,134203007
19394363068,134177631
19394602108,134155427
19394841148,134135998
19395080188,134243998
19395319228,134213498
19528225468,134186810
19528464508,134163458
19528703548,134143025
19528942588,134125146
19529181628,134109502
19529420668,134095814
19662326908,134083837
19662565948,134073357
19662804988,134064187
19663044028,134181163
19663283068,134158517
19663522108,134138702
19796547868,134121364
19796786908,134106193
19797025948,134217918
19797264988,134190678
19797504028,134166843
19797743068,134145987
19930888348,134127738
19931127388,134236770
19931366428,134207173
19931605468,134181276
19931844508,134158616
19932083548,134263789
20065228828,134355815
20065467868,134311338
20065706908,134272420
20065945948,134238367
20066184988,134333571
20066424028,134291874
20199569308,134255389
20199808348,134223465
20200047388,134320531
20200286428,134405464
20200525468,134354781
20200764508,134310433
20334029308,134396628
20334268348,134472049
20334507388,134413042
20334746428,134361411
20334985468,134316234
20335224508,134401704
20468369788,134351491
20468608828,134307554
20468847868,134269109
20469086908,134360470
20469325948,134440411
20469564988,134385359
20602710268,134337189
20602949308,134295040
20603188348,134383160
20603427388,134335265
20603666428,134293356
20603905468,134256686
20737050748,134349600
20737289788,134430900
20737528828,134377037
20737767868,134329907
20738006908,134413668
20738245948,134486959
20871510748,134426089
20871749788,134372827
20871988828,134326223
20872227868,134410445
20872466908,134359139
20872705948,134314246
21006090268,134399965
21006329308,134474969
21006568348,134540597
21006807388,134473022
21007046428,134538894
21007285468,134596532
21140669788,134521965
21140908828,134456719
21141147868,134524629
21141386908,134584050
21141625948,134511043
21141864988,134447162
21275249308,134516266
21275488348,134576732
21275727388,134504640
21275966428,134441560
21276205468,134511365
21276444508,134572444
21409948348,134500888
21410187388,134563277
21410426428,134617867
21410665468,134665633
21410904508,134582428
21411143548,134634624
21544527868,134680296
21544766908,134595259
21545005948,134645851
21545244988,134690119
21545484028,134728854
21545723068,134637747
21679107388,134683028
21679346428,134722649
21679585468,134632317
21679824508,134553277
21680063548,134609117
21680302588,134657977
21813806428,134575729
21814045468,134628762
21814284508,134675166
21814523548,134715770
21814762588,134626298
21815001628,134673010
21948624988,134713883
21948864028,134624647
21949103068,134671566
21949342108,134712620
21949581148,134748542
21949820188,134654974
22083443548,134698102
22083682588,134735839
22083921628,134643859
22084160668,134688376
22084399708,134727329
22084638748,134761412
22218262108,134791235
22218501148,134817330
22218740188,134840163
22218979228,134735142
22219218268,134768249
22219457308,134797217
22353200188,134822564
22353439228,134844743
22353678268,134864150
22353917308,134881131
22354156348,134895989
22354395388,134908990
22488018748,134920366
22488257788,134930320
22488496828,134939030
22488735868,134946651
22488974908,134828319
22489213948,134849779
22622837308,134743556
22623076348,134775611
22623315388,134803659
22623554428,134828201
22623793468,134849675
22624032508,134868465
22757655868,134884906
22757894908,134774292
22758133948,134802505
22758372988,134827191
22758612028,134848792
22758851068,134742693
22892593948,134774856
22892832988,134802999
22893072028,134827624
22893311068,134849171
22893550108,134868024
22893789148,134884521
23027651548,134898955
23027890588,134911585
23028129628,134922636
23028368668,134932306
23028607708,134940767
23028846748,134948171
23162709148,134954649
23162948188,134960317
23163187228,134965277
23163426268,134969617
23163665308,134973414
23163904348,134976737
23297766748,134979644
23298005788,135107188
23298244828,135093789
23298483868,135082065
23298722908,135071806
23298961948,135062830
23432943868,135054976
23433182908,135048104
23433421948,135042091
23433660988,135036829
23433900028,135032225
23434139068,135153196
23568001468,135259046
23568240508,135226665
23568479548,135198331
23568718588,135173539
23568957628,135151846
23569196668,135132865
23703059068,135116256
23703298108,135101724
23703537148,135089008
23703776188,135077882
23704015228,135193146
23704254268,135169002
23838116668,135147876
23838355708,135129391
23838594748,135113217
23838833788,135099064
23839072828,135086681
23839311868,135075845
23973293788,135066364
23973532828,135058068
23973771868,135050809
23974010908,135169457
23974249948,135148274
23974488988,135129739
24108590428,135113521
24108829468,135099330
24109068508,135211913
24109307548,135185423
24109546588,135162245
24109785628,135141964
24243887068,135124218
24244126108,135233690
24244365148,135204478
24244604188,135178918
24244843228,135156553
24245082268,135261983
24379183708,135354235
24379422748,135309955
24379661788,135271210
24379900828,135237308
24380139868,135332644
24380378908,135291063
24514599868,135254680
24514838908,135222845
24515077948,135319989
24515316988,135404990
24515556028,135354366
24515795068,135310070
24649896508,135271311
24650135548,135362397
24650374588,135317097
24650613628,135277459
24650852668,135242776
24651091708,135337429
24785193148,135420250
24785432188,135367718
24785671228,135321753
24785910268,135281533
24786149308,135371341
24786388348,135324923
24920489788,135284307
24920728828,135248768
24920967868,135217672
24921206908,135315463
24921445948,135276030
24921684988,135241526
25055905948,135211335
25056144988,135309918
25056384028,135396178
25056623068,135346655
25056862108,135303323
25057101148,135390407
25191446268,135466606
25191685308,135408280
25191924348,135357245
25192163388,135437589
25192402428,135507890
25192641468,135444403
25328181468,135638852
25328420508,135808995
25328659548,135957870
25328898588,135963136
25329137628,136092744
25329376668,136206151
25465988028,136305382
25466227068,136517209
25466466108,136702557
25466705148,136864737
25466944188,136881644
25467183228,137021438
25605826428,137393758
25606065468,137719538
25606304508,138004595
25606543548,138254020
25606782588,138472267
25607021628,138663233
25749848028,139330328
25750087068,139914037
25750326108,140424782
25750565148,140871684
25750804188,141262723
25751043228,141604882
25902594588,143029271
25902833628,144150612
25903072668,145256785
25903311708,146224686
25903550748,147071600
25903789788,147687650
26072671548,150476693
26072910588,152917106
26073149628,155052467
26073388668,156920908
26073627708,158555794
26073866748,159986319
26275496988,165363029
26275736028,170067650
26275975068,174059193
26276214108,177676793
26276453148,180842193
26276692188,183611918
26475932028,185660428
26476171068,187577874
26476410108,189255639
26476649148,190598684
26476888188,191773848
26672303388,217302117
26672542428,214764352
26672781468,212418808
26673020508,210491457
26673259548,208805024
26864491548,206704396
26864730588,204866346
26864969628,203258052
26865208668,201850795
27065046108,225619445
27065285148,222542014
27065524188,219849262
27065763228,217368104
27265003068,215197091
27265242108,213297454
27265481148,211635272
27265720188,210180863
27450259068,207033255
27450498108,204279098
27450737148,201869210
27633722268,222635558
27633961308,217681113
27634200348,213470973
27817304988,232662101
27817544028,226579338
27817783068,221256920
28002082908,239599805
28002321948,232774829
28002560988,226802975
28187816988,244702603
28188056028,237364777
28188295068,230944179
28374148668,248576156
28374387708,240879136
28374626748,234019244
28561675548,251391838
28561914588,243342858
28562153628,236425000
28749680508,253746875
28749919548,245528515
28750158588,238462450
28937804988,255529643
28938044028,247213437
28938283068,239936757
29127602748,257069662
29127841788,248685954
29128080828,241350209
29318117628,258681432
29318356668,250221253
29318595708,242818596
29509708188,260091271
29509947228,251454862
29510186268,244023004
29701896348,237520128
29702135388,231955112
29702374428,226960723
29895040668,222840632
29895279708,219110553
29895518748,215846733
30089260668,213115891
30089499708,210726404
30089738748,208635603
30283361148,206806152
30283600188,205205383
30283839228,203804710
30477700668,202579121
30477939708,201506730
30478178748,200693388
30672398748,224231714
30672637788,220577749
30672876828,217380530
30867574908,238832963
30867813948,233353842
30868052988,228684611
31062751068,248849034
31062990108,242117904
31063229148,236353166
31257449148,255434020
31257688188,247879767
31257927228,241269796
31452983868,259736071
31453222908,251769062
31453461948,244797929
31649116188,263198187
31649355228,254923413
31649594268,247557986
31845487548,265613237
31845726588,256911582
31845965628,249297634
32042336988,242760429
32042576028,237040375
32042815068,232035328
32240381628,227780912
32240620668,224058298
32240859708,220801010
32437828668,217825883
32438067708,215347647
32438306748,213179191
32634917148,211156792
32635156188,209387193
32635395228,207838793
32832483708,206608943
32832722748,205407825
32832961788,204356846
33029452668,203437240
33029691708,202632585
33029930748,201928511
33225584988,225812447
33225824028,222085891
33226063068,218950154
33422553948,240706384
33422792988,235243086
33423032028,230587700
33620359548,251014237
33620598588,244387457
33620837628,238589024
33817208988,258015396
33817448028,250388471
33817687068,243714912
34014536508,262500548
34014775548,254312979
34015014588,247273856
34212461628,241114624
34212700668,235725296
34212939708,230884634
34411103868,226899054
34411342908,223411672
34411581948,220360213
34608431388,217440186
34608670428,214885162
34608909468,212649516
34805997948,210693326
34806236988,209106660
34806476028,207718327
35003803548,206503536
35004042588,205440594
35004281628,204510519
35200413948,203571704
35200652988,202625241
35200892028,201797085
35397860988,225697449
35398100028,222235267
35398339068,219205858
35595547068,241180125
35595786108,235782609
35596025148,231059782
35793950268,251552309
35794189308,244983270
35794428348,239235361
35991755868,258705940
35991994908,251117697
35992233948,244477984
36189680988,263293236
36189920028,255131581
36190159068,248115133
36389279388,266725741
36389518428,258385023
36389757468,250961895
36587682588,244341658
36587921628,238548950
36588160668,233605331
36786444348,229279664
36786683388,225494706
36786922428,222057867
36985445148,219175633
36985684188,216653678
36985923228,214446968
37185043548,212641097
37185282588,211060959
37185521628,209678339
37383207708,208218546
37383446748,206941227
37383685788,205823573
37582567068,229720626
37582806108,225880547
37583045148,222645478
37783164668,244814793
37783360668,239337943
37783599708,234545700
37783838748,230227487
37984154268,226574051
37984393308,223377294
37984632348,220580132
38184751868,243132615
38185664988,237866038
38185904028,233257783
38186262588,229350560
38388370908,226181740
38388609948,223284022
38388848988,220748519
38567770428,240779954
38568009468,233182459
38568368028,226534651
38697927708,236842819
38698166748,223612466
38698405788,211910907
38829160668,218047043
38829399708,207291162
38829638748,197754766
38960752188,205785420
38960991228,196437242
38961230268,188382586
39093419388,197834762
39093658428,189730416
39093897468,182639114
39227162268,193059224
39227401308,185676821
39227640348,179217218
39362219868,190440065
39362458908,183510056
39362697948,177446299
39498711708,189140511
39498950748,182497947
39499189788,176810703
39636637788,188959365
39636876828,182589444
39637115868,177140763
39775998108,189498167
39776237148,183310896
39776476188,177897034
39916075548,190534904
39916314588,184343041
39916553628,178800160
40057348188,191575140
40057587228,185253247
40057826268,179721591
40199816028,192631392
40200055068,186427468
40200294108,180999034
40343000988,194124154
40343240028,187858634
40343479068,182251304
40487142108,195344891
40487381148,188926779
40487620188,183310931
40631761308,196397064
40632000348,189972431
40632239388,184350877
40777336668,197557017
40777575708,191112389
40777814748,185348340
40923868188,198554797
40924107228,192110447
40924346268,186471641
41071116828,199912685
41071355868,193423599
41071594908,187620649
41219202108,201043067
41219441148,194412683
41219680188,188611097
41367884988,202034709
41368124028,195405370
41368363068,189604698
41517284988,203154110
41517524028,196509846
41517763068,190571115
41667282588,204124725
41667521628,197359134
41667760668,191439242
41817877788,205009336
41818116828,198258169
41818355868,192350897
41969190108,206057034
41969429148,199299904
41969668188,193262416
42120741468,206854614
42120980508,199872787
42121219548,193888688
42272890428,207527602
42273129468,200711651
42273368508,194747694
42425636988,208404232
42425876028,201478703
42426115068,195418865
42578742108,209116506
42578981148,202101942
42579220188,196089199
42732564348,209828049
42732803388,202849542
42733042428,196868349
42886506108,210634805
42886745148,203555454
42886984188,197361022
43040925948,211065894
43041164988,204057657
43041404028,197925449
43195704348,211809767
43195943388,204708546
43196182428,198494977
43350841308,212308104
43351080348,205269591
43351319388,199110892
43506456348,212972030
43506695388,205850526
43506934428,199494210
43662071388,213432433
43662310428,206253378
43662549468,199971705
43817925468,213850241
43818164508,206618960
43818403548,200291590
43974257628,214255141
43974496668,207098248
43974735708,200710967
44130948348,214622096
44131187388,207419334
44131426428,201116917
44287639068,215102302
44287878108,207839514
44288117148,201484574
44444329788,215424002
44444568828,208121001
44444807868,201730875
44601379068,215639515
44601618108,208309575
44601857148,201895878
44758547868,215908893
44758786908,208545281
44759025948,202227120
44916075228,216323730
44916314268,209033263
44916553308,202654105
45073483068,216572341
45073722108,209125798
45073961148,202610073
45231010428,216658813
45231249468,209326461
45231488508,202910653
45388657308,216921821
45388896348,209431593
45389135388,203002643
45546543228,217002312
45546782268,209627023
45547021308,203298645
45704429148,217261314
45704668188,209853649
45704907228,203371942
45862195548,217325449
45862434588,209909767
45862673628,203421046
46020081468,217493415
46020320508,210056738
46020559548,203549645
46178086908,217605939
46178325948,210155196
46178564988,203635796
46336092348,217681321
46336331388,210221155
46336570428,203693510
46494217308,217731821
46494456348,210265343
46494695388,203732175
46652222748,217765653
46652461788,210294946
46652700828,203758077
46810347708,217788317
46810586748,210314777
46810825788,203775429
46968592188,217803500
46968831228,210328062
46969070268,203912054
47126956188,217923047
47127195228,210557666
47127434268,204112957
47285200668,218098837
47285439708,210711482
47285678748,204122546
47443445148,218107227
47443684188,210593823
47443923228,204019595
47601809148,218017145
47602048188,210640001
47602287228,204185000
47760292668,218286875
47760531708,210876015
47760770748,204266513
47918895708,218233198
47919134748,210829048
47919373788,204350417
48077379228,218431614
48077618268,211002662
48077857308,204377329
48235982268,218330162
48236221308,210913891
48236460348,204424654
48394824348,218496572
48395063388,211184500
48395302428,204661437
48553905468,218703757
48554144508,211365787
48554383548,204820063
48713106108,218967555
48713345148,211596610
48713584188,205022033
48872306748,219144278
48872545788,211626243
48872784828,205047962
49031746428,219166966
49031985468,211646095
49032224508,205190333
49191305628,219416541
49191544668,211989473
49191783708,205490788
49351103868,219679439
49351342908,212219509
49351581948,205692070
49511141148,219980561
49511380188,212482990
49511619228,205922616
49671178428,220182289
49671417468,212659502
49671656508,206077064
49831693788,220317431
49831932828,212777752
49832171868,206305533
49992567708,220642341
49992806748,213187048
49993045788,206788667
50153800188,221065083
50154039228,213681947
50154278268,207221703
50315271708,221568990
50315510748,214122866
50315749788,207482507
50476862748,221797193
50477101788,214322543
50477340828,207782225
50638931868,222184446
50639170908,214786390
50639409948,208188091
50801598588,222664579
50801837628,215206506
50802076668,208680692
50964623868,223220605
50964862908,215693029
50965101948,209231400
51128127228,223827475
51128366268,216349040
51128605308,209805410
51292228188,224454733
51292467228,216897891
51292706268,210285654
51456807228,224999947
51457046268,217499953
51457285308,210937458
51621744828,225695275
51621983868,218108365
51622222908,211469819
51787280028,226286091
51787519068,218750329
51787758108,212156537
51953173788,227011969
51953412828,219385472
51953651868,212712288
52119784668,227623252
52120023708,220045345
52120262748,213414676
52287351708,228487841
52287590748,220926860
52287829788,214186002
52455755388,229287751
52455994428,221626782
52456233468,215048434
52624756668,230292379
52624995708,222630831
52625234748,216051977
52794714108,231295479
52794953148,223633544
52795192188,217054351
52965508188,232422557
52965747228,224744737
52965986268,218026644
53137377948,233523313
53137616988,225832898
53137856028,219103785
53310323388,234840811
53310562428,227110709
53310801468,220346870
53484224988,236178511
53484464028,228406197
53484703068,221605422
53659202268,237529744
53659441308,229713526
53659680348,222874335
53835613788,238890043
53835852828,231028787
53836091868,224275188
54013340028,240490789
54013579068,232679440
54013818108,225844510
54192261468,242113946
54192500508,234224702
54192739548,227321614
54372497628,243781412
54372736668,235808735
54372975708,228832643
54554526588,245478562
54554765628,237543741
54555004668,230725773
54737989788,247510051
54738228828,239571294
54738467868,232624882
54923245788,249546771
54923484828,241603424
54923723868,234527996
55110055548,251711996
55110294588,243622996
55110533628,236545121
55298538588,253851980
55298777628,245620482
55299016668,238542921
55489053468,256100055
55489292508,247962548
55489531548,240842229
55681002588,258486950
55681241628,250176081
55681480668,242904070
55874385948,260666061
55874624988,252207803
55874864028,244806827
56071354908,238830973
56071593948,233602101
56071832988,229026838
56271192348,225398483
56271431388,222223672
56271670428,219445713
56473898268,217264998
56474137308,215481873
56474376348,213921638
56676723708,212556433
56676962748,211236878
56841303400,230707268
57168668028,242743859
57168907068,233150876
57336115548,245757016
57336354588,236037389
57504758268,248532715
57504997308,238466125
57675432828,251032859
57675671868,241028751
57847900188,253775157
57848139228,243678262
58022518908,256593479
58022757948,246394294
58199647548,259470007
58199886588,249161256
58200125628,240266099
58379525148,232732836
58379764188,226141231
58380003228,220373577
58561554108,215576879
58561793148,211379769
58562032188,207707297
58745495388,204743884
58745734428,202150898
58745973468,199757035
58931588028,198037405
58931827068,196532729
58932066108,195341137
59118636828,217548494
59118875868,213729932
59119114908,210513690
59306522268,230949478
59306761308,225580793
59307000348,221008193
59496200508,240507168
59496439548,234193772
59496678588,228669550
59686715388,247460856
59686954428,240278249
59687193468,234118467
59878186428,252603658
59878425468,245028200
59878664508,238399675
60071211228,256599715
60071450268,248649750
60071689308,241693531
60265311708,259856839
60265550748,251624734
60265789788,244421642
60460846428,262493936
60461085468,254182194
60461324508,246909419
60657934908,240670741
60658173948,235211898
60658412988,230435410
60856099068,226505983
60856338108,222942735
60856577148,219824893
61055577948,217221781
61055816988,214944058
61056056028,213076050
61256012988,211566543
61256252028,210245725
61256491068,208965009
61456448028,207844382
61456687068,206863834
61456926108,206005854
61657480668,205380122
61657719708,204832606
61657958748,204353530
61858078268,229059338
61858871868,225551920
61859110908,222607930
61859349948,220031938
62061219228,217902945
62061458268,216040076
62061697308,214285066
62261816828,237749432
62263805628,233280753
62264044668,229495658
62264283708,226183700
62466392028,223535737
62466631068,220968769
62466870108,218597672
62639098428,238147963
62639337468,230004467
62639576508,222878908
62781685788,234394044
62781924828,222844788
62782163868,212864189
62919372828,221256165
62919611868,210849144
62919850908,201743001
63058494108,211025125
63058733148,202021984
63058972188,194144236
63198452028,204751206
63198691068,196657305
63198930108,189575141
63339963708,201003248
63340202748,193627842
63340441788,187174361
63481833948,199152565
63482072988,192133494
63482312028,185866807
63624899388,198133456
63625138428,191366774
63625377468,185320927
63769638108,198030811
63769877148,191401959
63770116188,185601714
63915452508,198651499
63915691548,192070061
63915930588,186311303
64062103548,199522390
64062342588,192957091
64062581628,187212454
64209949788,200560897
64210188828,193990784
64210427868,188241936
64358632668,201711694
64358871708,195122732
64359110748,189357390
64507913148,202812716
64508152188,196211126
64508391228,190434735
64657791228,203880393
64658030268,197270343
64658269308,191361550
64808386428,204941356
64808625468,198198686
64808864508,192173850
64959579228,205777118
64959818268,198929978
64960057308,193063730
65111489148,206805763
65111728188,199955042
65111967228,193960661
65263996668,207590578
65264235708,200766755
65264474748,194795910
65416982268,208571421
65417221308,201749993
65417460348,195656243
65570684988,209449212
65570924028,202518060
65571163068,196453302
65724746268,210271639
65724985308,203237684
65725224348,197207973
65879524668,211056976
65879763708,204049854
65880002748,198043622
66034661628,211913169
66034900668,204799022
66035139708,198699144
66190276668,212611751
66190515708,205535282
66190754748,199343371
66346250268,213300449
66346489308,206137892
66346728348,199870655
66502701948,213886823
66502940988,206650970
66503180028,200444598
66659392668,214514023
66659631708,207324770
66659870748,201034173
66816322428,215029901
66816561468,207776163
66816800508,201429142
66973730268,215500499
66973969308,208187936
66974208348,201914444
67131616188,216050138
67131855228,208793870
67132094268,202569636
67289502108,216623431
67289741148,209295502
67289980188,202883564
67447627068,216898118
67447866108,209535853
67448105148,203218871
67605991068,217316512
67606230108,210026948
67606469148,203648579
67764833148,217692506
67765072188,210480942
67765311228,204045824
67923675228,218165096
67923914268,210769459
67924153308,204298276
68082636828,218385991
68082875868,210962742
68083114908,204592399
68241956988,218643349
68242196028,211312930
68242435068,204898813
68401277148,219036461
68401516188,211656903
68401755228,205074790
68560597308,219190441
68560836348,211666635
68561075388,205208305
68720156508,219432266
68720395548,212003232
68720634588,205502828
68879954748,219564974
68880193788,212119352
68880432828,205604433
69039633468,219778878
69039872508,212306518
69040111548,205768203
69199431708,219922177
69199670748,212431904
69199909788,205877916
69359110428,220018176
69359349468,212515904
69359588508,205951416
69518908668,220082489
69519147708,212572177
69519386748,206000654
69678826428,220125572
69679065468,212734875
69679304508,206143015
69838863708,220250138
69839102748,212843870
69839341788,206238386
69998781468,220333587
69999020508,212916888
69999259548,206302277
70158699228,220389492
70158938268,212840805
70159177308,206235704
70318736508,220331241
70318975548,212789835
70319214588,206316105
70478893308,220401591
70479132348,212976392
70479371388,206479343
70639169628,220669425
70639408668,213210746
70639647708,206559402
70799326428,220739476
70799565468,213147041
70799804508,206503660
70959602748,220690702
70959841788,213104364
70960080828,206591318
71119998588,220767403
71120237628,213296477
71120476668,206759417
71280394428,220914489
71280633468,213425177
71280872508,206747029
71440909788,220903650
71441148828,213415693
71441387868,206863731
71601425148,221130764
71601664188,213614418
71601903228,206912615
71762179548,221173538
71762418588,213651845
71762657628,207070364
71923172988,221436568
71923412028,213881997
71923651068,207271747
72084166428,221612778
72084405468,214036180
72084644508,207406657
72245159868,221730824
72245398908,214139471
72245637948,207497037
72406392348,221809907
72406631388,214208668
72406870428,207557584
72567744348,221862886
72567983388,214255025
72568222428,207723146
72729454908,222132752
72729693948,214616158
72729932988,208039138
72891404508,222409245
72891643548,214858089
72891882588,208250827
73053354108,222719473
73053593148,215129538
73053832188,208488345
73215781788,222927301
73216020828,215436388
73216259868,208881839
73378568028,223396609
73378807068,215847032
73379046108,209241153
73541593308,223711008
73541832348,216122132
73542071388,209606865
73705096668,224156006
73705335708,216636505
73705574748,210056941
73868600028,224549823
73868839068,216856095
73869078108,210249083
74032581468,224842947
74032820508,217237578
74033059548,210707880
74197160508,225369395
74197399548,217823220
74197638588,211220317
74362098108,225942777
74362337148,218324929
74362576188,211659312
74527513788,226451898
74527752828,218770410
74527991868,212049108
74693407548,226917969
74693646588,219303222
74693885628,212640319
74859779388,227560279
74860018428,219990244
74860257468,213366463
75026509788,228320655
75026748828,220655573
75026987868,213823626
75193957308,228720672
75194196348,221130588
75194435388,214489264
75361882908,229553106
75362121948,221983967
75362360988,215235971
75530525628,230331474
75530764668,222665039
75531003708,215956909
75699885468,231087295
75700124508,223451383
75700363548,216769960
75870201468,232048715
75870440508,224417625
75870679548,217615421
76041234588,233038493
76041473628,225283681
76041712668,218498220
76212984828,233935942
76213223868,226193949
76213462908,219419705
76385810748,234992241
76386049788,227368210
76386288828,220572183
76559592828,236250660
76559831868,228469327
76560070908,221660661
76734450588,237453078
76734689628,229646443
76734928668,222815637
76910264508,238713682
76910503548,230874471
76910742588,224015162
77087512668,240138266
77087751708,232245982
77087990748,225340234
77266075548,241672704
77266314588,233838616
77266553628,226983789
77445953148,243360815
77446192188,235440713
77446431228,228510623
77627025948,245071795
77627264988,237187820
77627504028,230164342
77809532988,246768799
77809772028,238672699
77810011068,231713611
77993713308,248499409
77993952348,240436982
77994191388,233507359
78179566908,250443939
78179805948,242388446
78180044988,235464890
78367093788,252656778
78367332828,244574680
78367571868,237502845
78555815868,254689989
78556054908,246478740
78556293948,239293897
78746450268,256757159
78746689308,248537514
78746928348,241220324
78937921308,258692783
78938160348,250356185
78938399388,243061661
79132380348,260928953
79132619388,252687833
79132858428,245351853
79329827388,263557871
79330066428,255363137
79330305468,248192744
79529903868,242168651
79530142908,236897569
79530381948,232285372
79732729308,228624700
79732968348,225296612
79733207388,222509535
79911172668,217070843
79911411708,212311987
79911770268,208022988
80056867548,200145114
80057106588,193376974
80057345628,187454852
80200650108,182022995
80200889148,177145120
80201128188,173001980
80346344988,187501732
80346584028,182314015
80346823068,177774763
80493832668,192052917
80494071708,186546302
80494310748,181728014
80643352188,196137012
80643591228,190369885
80643830268,185198649
80794664508,199548817
80794903548,193480214
80795142588,188295187
80948128188,202883288
80948367228,196772877
80948606268,191426267
81103265148,205997983
81103504188,199623235
81103743228,194045330
81260314428,208789663
81260553468,202315955
81260792508,196651460
81419156508,211570027
81419395548,204998773
81419634588,199248926
81579671868,214217810
81579910908,207440583
81580149948,201635510
81741860508,216681071
81742099548,209970937
81742338588,204099569
81905602908,219212122
81905841948,212310606
81906080988,206271780
82070899068,221487807
82071138108,214551831
82071377148,208482852
82237629468,223797495
82237868508,216697808
82238107548,210485582
82405913628,225924884
82406152668,218809273
82406391708,212583113
82575632028,228135223
82575871068,220868320
82576110108,214509780
82746665148,230196057
82746904188,222796549
82747143228,216446980
82918893468,232141107
82919132508,224748468
82919371548,218279909
83092556028,234119920
83092795068,226604930
83093034108,220029313
83267533308,236025648
83267772348,228397442
83268011388,221847761
83443705788,237866790
83443944828,230133441
83444183868,223491760
83620714908,239555290
83620953948,231735878
83621192988,225018893
83799038748,241266531
83799277788,233483214
83799516828,226672812
83978318748,242963710
83978557788,234968246
83978796828,227972215
84158674428,244350688
84158913468,236306852
84159152508,229393495
84339747228,245844308
84339986268,237738769
84340225308,230771422
84521895708,247174994
84522134748,239153119
84522373788,232133979
84704761308,248617231
84705000348,240540077
84705239388,233347567
84888463548,249929121
84888702588,241687980
84888941628,234351982
85072763388,250932984
85073002428,242691361
85073241468,235479940
85257899868,252169947
85258138908,243898703
85258377948,236536365
85442916828,253094319
85443155868,244707529
85443394908,237244087
85629128988,253963576
85629368028,245593129
85629607068,238143987
85815460668,254875988
85815699708,246266489
85815938748,238733177
86002150908,255516529
86002389948,246951962
86002628988,239457966
86189797308,256275720
86190036348,247741255
86190275388,240273598
86378519388,257239398
86378758428,248709473
86378997468,241120788
86567958588,258105689
86568197628,249592477
86568436668,242143417
86756680668,259125489
86756919708,250359802
86757158748,242689826
86946717468,259603597
86946956508,250903147
86947195548,243290253
87137351868,236753971
87137590908,231034724
87137829948,225905383
87327747228,221417210
87327986268,217490058
87328225308,214178800
87517425468,211156450
87517664508,208511893
87517903548,206072906
87708179388,204188792
87708418428,202540193
87708657468,201097668
87899291868,199835459
87899530908,198731026
87899769948,197764647
88089926268,196794066
88090165308,196069807
88090404348,195436081
88280202108,218631570
88280441148,215177623
88280680188,212030420
88470716988,233026617
88470956028,227648289
88471195068,223067252
88662905148,242933845
88663144188,236692114
88663383228,231230599
88854734748,250201774
88854973788,242926552
88855212828,236560733
89046444828,254865641
89046683868,247007435
89046922908,240131505
89237796348,257865066
89238035388,249631932
89238274428,242427940
89430104028,260124447
89430343068,251733891
89430582108,244267154
89621933628,237608759
89622172668,231907664
89622411708,226919206
89813404668,222554305
89813643708,218610016
89813882748,215158764
90004756188,212138918
90004995228,209496553
90005234268,207309483
90196466268,205395797
90196705308,203721322
90196944348,202131156
90388654428,200864761
90388893468,199756665
90389132508,198912081
90580244988,198048070
90580484028,197292061
90580723068,196630553
90772313628,219926733
90772552668,216435891
90772791708,213381404
90964143228,234708728
90964382268,229370137
90964621308,224698869
91156689948,244611510
91156928988,238035071
91157168028,232405687
91349475708,251479976
91349714748,244169979
91349953788,237773731
91542261468,256177014
91542500508,248279887
91542739548,241369901
91734569148,259323663
91734808188,250908205
91735047228,243669679
91927235388,261335969
91927474428,252793972
91927713468,245194725
92120021148,238670384
92120260188,232961586
92120499228,227966387
92312926428,223470588
92313165468,219661764
92313404508,216329043
92505592668,213412912
92505831708,210736298
92506070748,208519260
92699454108,206704352
92699693148,205116308
92699932188,203601769
92893196028,202401547
92893435068,201351353
92893674108,200432433
93087416028,223878378
93087655068,220143580
93087894108,216875632
93282114108,238391178
93282353148,232967280
93282592188,228221370
93477170748,248443698
93477409788,241763235
93477648828,235917830
93672944508,255178101
93673183548,247780838
93673422588,241308233
93868120668,260019703
93868359708,252017240
93868598748,244890085
94064731068,263153824
94064970108,254759596
94065209148,247539646
94261102428,265722190
94261341468,257131916
94261580508,249490426
94457832348,242804122
94458071388,237078606
94458310428,232068780
94655159868,227810182
94655398908,223958909
94655637948,220589045
94853443548,217765414
94853682588,215294737
94853921628,213132894
95053041948,211491282
95053280988,210054871
95053520028,208798012
95252759868,207573260
95252998908,206501602
95253237948,205688901
95453553468,205102788
95453792508,204589939
95454031548,204266196
95654151068,228857921
95656378908,225625680
95656617948,222797470
95656856988,220197786
95858487228,218173062
95858726268,216151429
95858965308,214382500
96013863228,232209687
96014102268,222683476
96014341308,214348041
96182744988,228054535
96182984028,220672718
96183223068,214213628
96339794268,228061924
96340033308,219304183
96340272348,211641160
96498397308,224561015
96498636348,216365888
96498875388,209070152
96659271228,222811383
96659510268,215084960
96659749308,208324340
96823013628,222908797
96823252668,215545197
96823491708,209102047
96988787868,224089291
96989026908,216828129
96989265948,210474612
97156474428,225790285
97156713468,218566499
97156952508,212120686
97326312348,227730600
97326551388,220514275
97326790428,214199990
97498301628,230174991
97498540668,222903117
97498779708,216540227
97672322748,232722698
97672561788,225382360
97672800828,218959565
97847897628,235214619
97848136668,227812791
97848375708,221336192
98025265308,237794168
98025504348,230319897
98025743388,223654909
98204186748,240198045
98204425788,232548289
98204664828,225854752
98384900988,242497908
98385140028,234810669
98385379068,228084335
98567288508,244948793
98567527548,237205193
98567766588,230304543
98750871228,247141475
98751110268,239248790
98751349308,232342691
98936007708,249424854
98936246748,241496747
98936485788,234434653
99122578428,251505321
99122817468,243317155
99123056508,236277510
99310463868,253492821
99310702908,245306218
99310941948,238142940
99499305468,255375072
99499544508,247078188
99499783548,239818414
99688864188,257091112
99689103228,248704723
99689342268,241366632
99879259548,258695803
99879498588,250233827
99879737628,242704598
