1100125464,100000000
1229170788,103625000
1229887908,106796875
1230489828,109697265
1231206948,112360106
1231808868,114690092
1340663024,130353830
1341619184,128059601
1341858224,126052150
1342694864,124295631
1343651024,122883677
1343890064,121523217
1344726704,120457814
1461346780,134150587
1461585820,132506763
1462541980,131068417
1462781020,129809864
1463020060,128833631
1464334780,127979427
1465649500,127356998
1465888540,126687373
1466127580,126226451
1467083740,125948144
1467322780,125579626
1562668296,122507172
1562907336,119693775
1563146376,117357053
1564461096,115312421
1565895336,113523368
1566134376,111957947
1566373416,110588203
1567210056,109389677
1567449096,108215967
1663033652,119188971
1663272692,116915349
1663511732,114925930
1664587412,113185188
1666141172,111787039
1666380212,110438659
1666619252,109133826
1667336372,108117097
1667575412,107102459
1667814452,106214651
1764952768,105562819
1765191808,105117466
1765430848,104727782
1766387008,104386809
1768179808,104088457
1768418848,103827399
1768657888,103598974
1769135968,103399102
1769375008,103224214
1769614048,103071187
1868545164,115312288
1868784204,113898252
1869023244,112660970
1869979404,111578348
1871772204,110756054
1872011244,109911547
1872250284,109172603
1872728364,108526027
1872967404,107835273
1873206444,107355863
1873445484,106936380
1971061880,106444332
1971300920,106013790
1971539960,105512066
1972496120,105198057
1974527960,104923299
1974767000,104557886
1975006040,104363150
1975484120,104192756
1975723160,104043661
1975962200,103913203
1976201240,103799052
2074773796,115949170
2075012836,114455523
2075251876,113148582
2076327556,112130009
2078239876,111363757
2078478916,110443287
2078717956,109637876
2078956996,108808141
2079435076,108207123
2079674116,107681232
2079913156,107221078
2080152196,106818443
2177051472,106341137
2177290512,105798494
2177529552,105323682
2178844272,104908221
2180756592,104544693
2180995632,104226606
2181234672,104073280
2181473712,103939120
2181951792,103821730
2182190832,103719013
2182429872,103629136
2182668912,103550494
2280763388,115606682
2281002428,114155846
2281241468,112886365
2282556188,111900569
2284468508,111162997
2284707548,110267622
2284946588,109484169
2285185628,108798647
2285424668,108198816
2285902748,107673964
2286141788,107214718
2286380828,106812878
2286619868,106461268
2384387228,106153609
2384626268,105759407
2384865308,105414481
2386419068,105237670
2388331388,105082961
2388570428,104947590
2388809468,104829141
2389048508,104850498
2389287548,104744185
2389765628,104651161
2390004668,104694765
2390243708,104607919
2390482748,104531929
2493269948,117340437
2493508988,116297882
2493748028,115385646
2495301788,114837440
2497214108,114357760
2497453148,113688040
2497692188,113102035
2497931228,112589280
2498170268,112140620
2498409308,111748042
2498887388,111404536
2499126428,111103969
2499365468,110840972
2499604508,110610850
2602750268,110409493
2602989308,110233306
2603228348,110204142
2605021148,110178624
2606933468,110031296
2607172508,110027384
2607411548,110023961
2607650588,110020965
2607889628,110018344
2608128668,110016051
2608606748,110014044
2608845788,110012288
2609084828,110010752
2609323868,110009408
2712828188,122883232
2713067228,121397828
2713306268,120098099
2714979548,118960836
2716891868,117965731
2717130908,117095014
2717369948,116208137
2717608988,115432119
2717848028,114753104
2718087068,114283966
2718565148,113748470
2718804188,113279911
2719043228,112994922
2719282268,112620556
2822069468,125167986
2822308508,123271987
2822547548,121487988
2824220828,120176989
2826133148,119154865
2826372188,118010506
2826611228,116884192
2826850268,115898668
2827089308,115161334
2827328348,114516167
2827806428,113826646
2828045468,113348315
2828284508,112929775
2828523548,112438553
2931310748,124883733
2931549788,122898266
2931788828,121160982
2933462108,119890859
2935374428,118779501
2935613468,117557063
2935852508,116487430
2936091548,115676501
2936330588,114966938
2936569628,114221070
2937047708,113693436
2937286748,113231756
2937525788,112702786
2937764828,112239937
3040552028,124709944
3040791068,122746201
3041030108,121152925
3042703388,119883809
3044615708,118773332
3044854748,117551665
3045093788,116607706
3045332828,115781742
3045571868,114934024
3045810908,114192271
3046288988,113668237
3046528028,113084707
3046767068,112574118
3047006108,112252353
3149793308,124720808
3150032348,122880707
3150271388,121270618
3151944668,119861790
3153856988,118754066
3154096028,117659807
3154335068,116702331
3154574108,115739539
3154813148,114897096
3155052188,114284959
3155530268,113749339
3155769308,113155671
3156008348,112761212
3156247388,112416060
3259034588,124864052
3259273628,123006045
3259512668,121255289
3261185948,119973377
3263098268,118976704
3263337308,117854616
3263576348,116747789
3263815388,115779315
3264054428,115056900
3264293468,114424787
3264771548,113746688
3265010588,113278352
3265249628,112868558
3265488668,112384988
3368275868,124836864
3368514908,122857256
3368753948,121125099
3370427228,119859461
3372339548,118752028
3372578588,117533024
3372817628,116466396
3373056668,115658096
3373295708,114950834
3373534748,114206979
3374012828,113681106
3374251868,113220967
3374490908,112693346
3374729948,112231677
3477517148,124702717
3477756188,122739877
3477995228,121022392
3479668508,119769593
3481580828,118673393
3481819868,117464218
3482058908,116531190
3482297948,115714791
3482536988,114875442
3482776028,114141011
3483254108,113623384
3483493148,113045461
3483732188,112539778
3483971228,112097305
3586758428,124585141
3586997468,122636998
3587236508,121057373
3588909788,119800201
3590822108,118700175
3591061148,117612653
3591300188,116661071
3591539228,115703437
3591778268,114865507
3592017308,114257318
3592495388,113725153
3592734428,113134508
3592973468,112617694
3593212508,112290482
3695999708,124754171
3696238748,122909899
3696477788,121296161
3698151068,120009140
3700063388,119007997
3700302428,117881997
3700541468,116771747
3700780508,115800278
3701019548,115075243
3701258588,114440837
3701736668,113760732
3701975708,113165640
3702214748,112769935
3702453788,112423693
3805240988,124870731
3805480028,123011889
3805719068,121260402
3807392348,119977851
3809304668,118855619
3809543708,117623666
3809782748,116545707
3810021788,115727493
3810260828,115011556
3810499868,114260111
3810977948,113602597
3811216988,113152272
3811456028,112758238
3811695068,112288458
3914482268,124752400
3914721308,122783350
3914960348,121060431
3916633628,119802877
3918545948,118702517
3918784988,117489702
3919024028,116553489
3919263068,115734302
3919502108,114892514
3919741148,114155949
3920219228,113636455
3920458268,113181898
3920697308,112659160
3920936348,112201765
4023723548,124676544
4023962588,122716976
4024201628,121127354
4025874908,119861434
4027787228,118753754
4028026268,117659534
4028265308,116702092
4028504348,115739330
4028743388,114896913
4028982428,114159798
4029460508,113639823
4029699548,113059845
4029938588,112552364
4030177628,112233318
4132964828,124704153
4133203868,122866133
4133442908,121257866
4135116188,119975632
4137028508,118978678
4137267548,117856343
4137506588,116749300
4137745628,115780637
4137984668,114933057
4138223708,114316424
4138701788,113776871
4138940828,113179762
4139179868,112782291
4139418908,112434504
4242206108,124880191
4242445148,123020167
4242684188,121267646
4244357468,119984190
4246269788,118861166
4246508828,117628520
4246747868,116549955
4246986908,115606210
4247225948,114905433
4247464988,114292253
4247943068,113630721
4248182108,113176880
4248421148,112779770
4248660188,112307298
4351447388,124768885
4351686428,122797774
4351925468,121073052
4353598748,119813920
4355511068,118712180
4355750108,117498157
4355989148,116435887
4356228188,115631401
4356467228,114927475
4356706268,114186540
4357184348,113663222
4357423388,113205319
4357662428,112679654
4357901468,112219697
4460688668,124692234
4460927708,122730704
4461166748,121139366
4462840028,119871945
4464752348,118762951
4464991388,117542582
4465230428,116599759
4465469468,115774789
4465708508,114927940
4465947548,114186947
4466425628,113663578
4466664668,113080630
4466903708,112570551
4467142748,112249232
4569929948,124718078
4570168988,122878318
4570408028,121268528
4572081308,119984962
4573993628,118861841
4574232668,117754110
4574471708,116784846
4574710748,115811740
4574949788,114960272
4575188828,114340238
4575666908,113797708
4575905948,113197994
4576144988,112798244
4576384028,112448463
4679171228,124892405
4679410268,123030854
4679649308,121276997
4681322588,119992372
4683234908,118868325
4683473948,117759784
4683712988,116664811
4683952028,115706709
4684191068,114993370
4684430108,114369198
4684908188,113698048
4685147228,113235792
4685386268,112831318
4685625308,112352403
4788412508,124808352
4788651548,122832308
4788890588,121103269
4790563868,119840360
4792476188,118735315
4792715228,117518400
4792954268,116453600
4793193308,115646900
4793432348,114941037
4793671388,114198407
4794149468,113673606
4794388508,113214405
4794627548,112687604
4794866588,112226653
4897653788,124698321
4897892828,122736030
4898131868,121144026
4899805148,119876022
4901717468,118766519
4901956508,117545704
4902195548,116602491
4902434588,115777179
4902673628,114930031
4902912668,114188777
4903390748,113665179
4903629788,113082031
4903868828,112571777
4904107868,112250304
5006895068,124719016
5007134108,122879139
5007373148,121269246
5009046428,119985590
5010958748,118862391
5011197788,117754592
5011436828,116785268
5011675868,115812109
5011914908,114960595
5012153948,114340520
5012632028,113797955
5012871068,113198210
5013110108,112798433
5013349148,112448628
5116140988,124892549
5116380028,123030980
5116619068,121277107
5118292348,119992468
5120204668,118868409
5120443708,117759857
5120682748,116664874
5120921788,115706764
5121160828,114993418
5121399868,114369240
5121877948,113698085
5122116988,113235824
5122356028,112831346
5122595068,112352427
5226581788,124933373
5226820828,123066701
5227059868,121558363
5228733148,120363567
5230645468,119318121
5230884508,118153355
5231123548,117259185
5231362588,116476786
5231601628,115792187
5231840668,115068163
5232318748,114559642
5232557788,114114686
5232796828,113600350
5233035868,113275306
5337496348,125990892
5337735388,124117030
5337974428,122477401
5339647708,121167725
5341560028,120146759
5341799068,119003414
5342038108,118127987
5342277148,117236988
5342516188,116457364
5342755228,115775193
5343233308,115303293
5343472348,114765381
5343711388,114294708
5343950428,113882869
5449247548,126647510
5449486588,124816571
5449725628,123214499
5451398908,122062686
5453311228,121054850
5453550268,119922993
5453789308,118932618
5454028348,118066040
5454267388,117307785
5454506428,116644311
5454984508,116063772
5455223548,115555800
5455462588,115111325
5455701628,114722409
5562432988,127757107
5562672028,125912468
5562911068,124298409
5564584348,123136107
5566496668,122119093
5566735708,120979206
5566974748,119981805
5567213788,119234079
5567452828,118454819
5567691868,117772966
5568169948,117301345
5568408988,116888676
5568648028,116402591
5568887068,115977267
5677411228,129230108
5677650268,127451344
5677889308,125894926
5679562588,124783060
5681474908,123810177
5681713948,122708904
5681952988,121745291
5682192028,121027129
5682431068,120273737
5682670108,119614519
5683148188,119162704
5683387228,118642366
5683626268,118187070
5683865308,117788686
5795257948,131440100
5795496988,129760087
5795736028,128290076
5797409308,127253816
5799321628,126347089
5799560668,125303702
5799799708,124390739
5800038748,123716896
5800277788,123002284
5800516828,122376998
5800994908,121829873
5801233948,121351138
5801472988,120932245
5801712028,120565714
5916570748,134619999
5916809788,132917499
5917048828,131552811
5918722108,130483709
5920634428,129548245
5920873468,128479714
5921112508,127669749
5921351548,126961030
5921590588,126215901
5921829628,125563913
5922307708,125118423
5922546748,124728620
5922785788,124262542
5923024828,123979724
6042664348,138607258
6042903388,137031350
6043142428,135777431
6044815708,134680252
6046728028,133595220
6046967068,132645817
6047206108,131815089
6047445148,131088202
6047684188,130452176
6047923228,129895654
6048281788,129408697
6048520828,128982609
6048759868,128609782
6048998908,128158559
6175570588,128763739
6175809628,129293271
6176048668,129756612
6179395228,130412035
6179634268,130735530
6179873308,131018588
6180112348,131266264
6180351388,131482981
6180590428,131672608
6180948988,131838532
6181188028,131983715
6181427068,132110750
6181666108,132221906
6319592188,149569167
6319831228,148873021
6320070268,148388893
6323297308,147840281
6323536348,147360245
6323775388,146940214
6324014428,146572687
6324253468,146251101
6324492508,145969713
6324731548,145723498
6324970588,145383060
6325209628,145210177
6325448668,145058904
6481422268,147176541
6481661308,149029473
6484888348,150900788
6485127388,152288189
6485366428,153502165
6485605468,154564394
6485844508,155368844
6486083548,156197738
6486322588,156923020
6486561628,157557642
6486800668,158112936
6487039708,158598819
6672295708,182148966
6672534748,183255345
6675522748,184223426
6675761788,184945497
6676000828,185702309
6676239868,186364520
6676478908,186943955
6676717948,187325960
6676956988,187660215
6677196028,188077688
6677435068,188442977
6677674108,188637604
6875121148,190432903
6878109148,192378790
6878348188,193706441
6878587228,194868135
6878826268,195759618
6879065308,196664665
6879304348,197456581
6879543388,198149508
6879782428,198755819
6880021468,199286341
6880260508,199750548
7020218428,217656729
7022967388,208449637
7023206428,200518432
7023445468,193578628
7023684508,187506299
7023923548,182068011
7024162588,177434509
7024401628,173380195
7024640668,169832670
7024879708,166603586
7025118748,163903137
7188024508,164415244
7188263548,164613338
7188502588,164661670
7188741628,164703961
7188980668,164740965
7189219708,164898344
7189458748,164911051
7189697788,164922169
7189936828,164931897
7190175868,165065409
7348898428,164432232
7349137468,164003203
7349376508,163627802
7349615548,163299326
7349854588,163011910
7350093628,162760421
7350332668,162540368
7350571708,162347822
7350810748,162179344
7504513468,181156926
7504752508,178012310
7504991548,175135771
7505230588,172743799
7505469628,170650824
7505708668,168819471
7505947708,167092037
7506186748,165705532
7506425788,164492340
7655825788,162805797
7656064828,161455072
7656303868,160273188
7656542908,159114039
7656781948,158099784
7657020988,157337311
7657260028,156670147
7657499068,155961378
7803672028,173591205
7803911068,170392304
7804150108,167593266
7804389148,165144107
7804628188,163001093
7804867228,161125956
7805106268,159485211
7805345308,158049559
7947574108,156293364
7947813148,154756693
7948052188,153412106
7948291228,152235592
7948530268,151206143
7948769308,150305375
7949008348,149517203
8087771068,166077552
8088010108,162942858
8088249148,160200000
8088488188,157675000
8088727228,155465625
8088966268,153532421
8089205308,151965868
8224023868,150095134
8224262908,148333242
8224501948,146791586
8224740988,145442637
8224980028,144262307
8225219068,143354518
8358125308,159060203
8358364348,155927677
8358603388,153186717
8358842428,150788377
8359081468,148814829
8359320508,147087975
8488999708,161576978
8489238748,157754855
8489477788,154410498
8489716828,151484185
8489955868,148923661
8490194908,146683203
8619993628,160847802
8620232668,157241826
8620471708,153961597
8620710748,151091397
8620949788,148579972
8621188828,146507475
8751824188,160819040
8752063228,157341660
8752302268,154173952
8752541308,151402208
8752780348,148976932
8753019388,146979815
8883535228,161357338
8883774268,157687670
8884013308,154476711
8884252348,151667122
8884491388,149208731
8884730428,147057639
9014887708,161300434
9015126748,157637879
9015365788,154433144
9015604828,151504001
9015843868,148941000
9016082908,146823375
9146598748,161220453
9146837788,157567896
9147076828,154371909
9147315868,151575420
9147554908,149128492
9147793948,146987430
9278190268,161364001
9278429308,157693500
9278668348,154481812
9278907388,151546585
9279146428,149103261
9279385468,146965353
9410140348,161469683
9410379388,157785972
9410618428,154562725
9410857468,151742384
9411096508,149399586
9411335548,147224637
9542090428,161696557
9542329468,157984487
9542568508,154736426
9542807548,151894372
9543046588,149532575
9543285628,147341003
9674040508,161798377
9674279548,158073579
9674518588,154814381
9674757628,151962583
9674996668,149467260
9675235708,147283852
9805990588,161623370
9806229628,157920448
9806468668,154680392
9806707708,151845343
9806946748,149364675
9807185788,147319090
9937940668,161654203
9938179708,158072427
9938418748,154813373
9938657788,151961701
9938896828,149466488
9939135868,147408177
10069771228,161732154
10070010268,158140634
10070249308,154873054
10070488348,152013922
10070727388,149512181
10070966428,147323158
10201721308,161657763
10201960348,157950542
10202199388,154706724
10202438428,151868383
10202677468,149384835
10202916508,147211730
10333790908,161685263
10334029948,158099605
10334268988,154962154
10334508028,152091884
10334747068,149580398
10334986108,147382848
10465980028,161834992
10466219068,158230618
10466458108,154951790
10466697148,152082816
10466936188,149572464
10467175228,147500906
10598169148,162063292
10598408188,158430380
10598647228,155126582
10598886268,152235759
10599125308,149831289
10599364348,147727377
10730358268,162136454
10730597308,158369397
10730836348,155073222
10731075388,152314069
10731314428,149899810
10731553468,147662333
10862666908,162079541
10862905948,158319598
10863144988,155154648
10863384028,152385317
10863623068,149837152
10863862108,147607508
10994856028,162031569
10995095068,158402622
10995334108,155227294
10995573148,152323882
10995812188,149783396
10996051228,147685471
11127045148,162224787
11127284188,158571688
11127523228,155250227
11127762268,152343948
11128001308,149925954
11128240348,147810209
11259234268,162208932
11259473308,158432815
11259712348,155128713
11259951388,152237623
11260190428,149832920
11260429468,147603805
11391542908,162028329
11391781948,158274787
11392020988,155115438
11392260028,152351008
11392499068,149932132
11392738108,147690615
11523971068,162104288
11524210108,158466252
11524449148,155282970
11524688188,152372598
11524927228,149826023
11525166268,147722770
11656399228,162257423
11656638268,158600245
11656877308,155275214
11657116348,152490812
11657355388,150054460
11657594428,147922652
11788827388,162307320
11789066428,158643905
11789305468,155438416
11789544508,152633614
11789783548,150054412
11790022588,147922610
11921375068,162432283
11921614108,158753247
11921853148,155409091
11922092188,152607954
11922331228,150156959
11922570268,148012339
12053803228,162385796
12054042268,158712571
12054281308,155498499
12054520348,152686186
12054759388,150100412
12054998428,147837860
12186231388,162358127
12186470428,158688361
12186709468,155352315
12186948508,152433275
12187187548,150004115
12187426588,147878600
12318659548,162393775
12318898588,158594553
12319137628,155395233
12319376668,152595828
12319615708,150146349
12319854748,147878055
12451207228,162393298
12451446268,158719135
12451685308,155504243
12451924348,152566212
12452163388,150120435
12452402428,147980380
12583874428,162482832
12584113468,158797478
12584352508,155572793
12584591548,152751193
12584830588,150282293
12585069628,148122006
12716541628,162606755
12716780668,158905910
12717019708,155667671
12717258748,152834212
12717497788,150354935
12717736828,148185568
12849208828,162662372
12849447868,158954575
12849686908,155710253
12849925948,152746471
12850164988,150278162
12850404028,148118391
12981995548,162603592
12982234588,158903143
12982473628,155665250
12982712668,152832093
12982951708,150353081
12983190748,148183945
13114662748,162660951
13114901788,158953332
13115140828,155709165
13115379868,152870519
13115618908,150386704
13115857948,148213366
13247329948,162686695
13247568988,158975858
13247808028,155728875
13248047068,152887765
13248286108,150401794
13248525148,148226569
13379997148,162698247
13380236188,158985966
13380475228,155737720
13380714268,152895505
13380953308,150283566
13381192348,148123120
13512783868,162607730
13513022908,159031763
13513261948,155777792
13513500988,152930568
13513740028,150439247
13513979068,148259341
13645690108,162726923
13645929148,159011057
13646168188,155759674
13646407228,152914714
13646646268,150425374
13646885308,148247202
13778596348,162841301
13778835388,159111138
13779074428,155972245
13779313468,153100714
13779552508,150588124
13779791548,148389608
13911502588,162965907
13911741628,159220168
13911980668,155942647
13912219708,153074816
13912458748,150565464
13912697788,148369781
14044528348,162948558
14044767388,159204988
14045006428,156054364
14045245468,153297568
14045484508,150760372
14045723548,148540325
14177434588,163097784
14177673628,159335561
14177912668,156043615
14178151708,153163163
14178390748,150642767
14178629788,148437421
14310340828,163007743
14310579868,159256775
14310818908,155974678
14311057948,153227843
14311296988,150699362
14311536028,148486941
14443247068,163051073
14443486108,159294688
14443725148,156007852
14443964188,153131870
14444203228,150615386
14444442268,148413462
14576272828,162986779
14576511868,159238431
14576750908,155958627
14576989948,153088798
14577228988,150702698
14577468028,148489860
14709418108,163053627
14709657148,159296923
14709896188,156009807
14710135228,153258581
14710374268,150851258
14710613308,148619850
14842563388,163167368
14842802428,159396447
14843041468,156221891
14843280508,153444154
14843519548,150888634
14843758588,148652554
14975708668,163195984
14975947708,159421486
14976186748,156243800
14976425788,153338325
14976664828,150796034
14976903868,148571529
15108853948,163125087
15109092988,159484451
15109332028,156298894
15109571068,153386532
15109810108,150838215
15110049148,148733438
15241879708,163266758
15242118748,159608413
15242357788,156282361
15242596828,153372065
15242835868,150825556
15243074908,148722361
15375024988,163257065
15375264028,159599931
15375503068,156274939
15375742108,153365571
15375981148,150819874
15376220188,148717389
15508170268,163252715
15508409308,159471125
15508648348,156162234
15508887388,153266954
15509126428,150858584
15509365468,148751261
15641435068,163282353
15641674108,159497058
15641913148,156184925
15642152188,153411809
15642391228,150985332
15642630268,148737165
15774819388,163270019
15775058428,159611266
15775297468,156409857
15775536508,153608624
15775775548,151032546
15776014588,148903477
15908203708,163540542
15908442748,159847974
15908681788,156491977
15908920828,153555479
15909159868,151111044
15909398908,148972163
16041468508,146975642
16041707548,145228686
16041946588,143700100
16042185628,142487587
16042424668,141301638
16042663708,140263933
16174972348,139355941
16175211388,138686448
16175450428,138100642
16175689468,137463061
16175928508,136905178
16176167548,136542030
16308356668,136224276
16308595708,135821241
16308834748,135468585
16309073788,135285011
16309312828,135124384
16309551868,134858836
16441740988,134626481
16441980028,134423170
16442219068,134370273
16442458108,134198988
16442697148,134049114
16442936188,133917974
16575005788,133928227
16575244828,133937198
16575483868,133820048
16575722908,133717542
16575961948,133627849
16576200988,133674367
16708509628,133590071
16708748668,133516312
16708987708,133451773
16709226748,133520301
16709465788,133580263
16709704828,133507730
16842132988,133569263
16842372028,133623105
16842611068,133670216
16842850108,133586439
16843089148,133638134
16843328188,133683367
16975636828,133597946
16975875868,133523202
16976114908,133582801
16976353948,133634950
16976592988,133555581
16976832028,133486133
17109379708,133550366
17109618748,133606570
17109857788,133530748
17110096828,133589404
17110335868,133640728
17110574908,133685637
17243003068,133724932
17243242108,133759315
17243481148,133789400
17243720188,133690725
17243959228,133604384
17244198268,133653836
17376506908,133572106
17376745948,133500592
17376984988,133438018
17377224028,133508265
17377463068,133569731
17377702108,133498514
17510130268,133561199
17510369308,133616049
17510608348,133664042
17510847388,133581036
17511086428,133633406
17511325468,133679230
17643873148,133594326
17644112188,133645035
17644351228,133689405
17644590268,133728229
17644829308,133637200
17645068348,133682550
17777735548,133722231
17777974588,133631952
17778213628,133677958
17778452668,133718213
17778691708,133753436
17778930748,133659256
17911597948,133701849
17911836988,133739117
17912076028,133771727
17912315068,133800261
17912554108,133825228
17912793148,133847074
18045340828,133866189
18045579868,133882915
18045818908,133772550
18046057948,133800981
18046296988,133825858
18046536028,133847625
18179322748,133866671
18179561788,133883337
18179800828,133897919
18180039868,133910679
18180278908,133921844
18180517948,133931613
18313185148,133940161
18313424188,133947640
18313663228,133954185
18313902268,133834911
18314141308,133855547
18314380348,133873603
18447047548,133889402
18447286588,133903226
18447525628,133915322
18447764668,133925906
18448003708,133935167
18448242748,133943271
18580909948,133825362
18581148988,133847191
18581388028,133866292
18581627068,133883005
18581866108,133772629
18582105148,133801050
18714891868,133825918
18715130908,133847678
18715369948,133866718
18715608988,133883378
18715848028,133897955
18716087068,133910710
18848993308,133921871
18849232348,133931637
18849471388,133940182
18849710428,133947659
18849949468,133954201
18850188508,133959925
18983094748,134089934
18983333788,134078692
18983572828,134068855
18983811868,134060248
18984050908,134177717
18984289948,134155502
19117196188,134136064
19117435228,134119056
19117674268,134104174
19117913308,134091152
19118152348,134079758
19118391388,134069788
19251417148,134061064
19251656188,134053431
19251895228,134046752
19252134268,134165908
19252373308,134145169
19252612348,134127022
19385518588,134111144
19385757628,134097251
19385996668,134085094
19386235708,134074457
19386474748,134065149
19386713788,134057005
19519620028,134049879
19519859068,134043644
19520098108,134163188
19520337148,134142789
19520576188,134124940
19520815228,134109322
19653721468,134095656
19653960508,134083699
19654199548,134073236
19654438588,134064081
19654677628,134056070
19654916668,134049061
19787942428,134042928
19788181468,134162562
19788420508,134142241
19788659548,134124460
19788898588,134108902
19789137628,134220289
19922282908,134317752
19922521948,134278033
19922760988,134243278
19923000028,134337868
19923239068,134420634
19923478108,134368054
20056623388,134322047
20056862428,134281791
20057101468,134371567
20057340508,134325121
20057579548,134284480
20057818588,134248920
20190963868,134217805
20191202908,134315579
20191441948,134276131
20191680988,134241614
20191920028,134211412
20192159068,134309985
20325423868,134396236
20325662908,134346706
20325901948,134303367
20326140988,134390446
20326380028,134466640
20326619068,134408310
20459764348,134357271
20460003388,134437612
20460242428,134507910
20460481468,134444421
20460720508,134388868
20460959548,134340259
20594104828,134422726
20594343868,134369885
20594582908,134323649
20594821948,134283192
20595060988,134372793
20595300028,134451193
20728445308,134394793
20728684348,134345443
20728923388,134302262
20729162428,134389479
20729401468,134340794
20729640508,134298194
20862905308,134260919
20863144348,134353304
20863383388,134434141
20863622428,134379873
20863861468,134332388
20864100508,134415839
20997484828,134488859
20997723868,134427751
20997962908,134374282
20998201948,134452496
20998440988,134520934
20998680028,134455817
21132064348,134523839
21132303388,134583359
21132542428,134635439
21132781468,134556009
21133020508,134611507
21133259548,134660068
21266643868,134577559
21266882908,134505364
21267121948,134567193
21267360988,134621293
21267600028,134543631
21267839068,134475677
21401342908,134541217
21401581948,134598564
21401820988,134523743
21402060028,134583275
21402299068,134635365
21402538108,134680944
21535922428,134595826
21536161468,134646347
21536400508,134690553
21536639548,134604233
21536878588,134528703
21537117628,134587615
21670501948,134639163
21670740988,134559267
21670980028,134489358
21671219068,134553188
21671458108,134609039
21671697148,134532909
21805200988,134591295
21805440028,134642383
21805679068,134687085
21805918108,134601199
21806157148,134651049
21806396188,134694667
21940019548,134732833
21940258588,134766228
21940497628,134795449
21940736668,134821017
21940975708,134718389
21941214748,134753590
22074838108,134659391
22075077148,134701967
22075316188,134739221
22075555228,134771818
22075794268,134800340
22076033308,134825297
22209656668,134847134
22209895708,134741242
22210134748,134773586
22210373788,134801887
22210612828,134826651
22210851868,134723319
22344594748,134757904
22344833788,134788166
22345072828,134814645
22345311868,134837814
22345550908,134858087
22345789948,134875826
22479413308,134891347
22479652348,134904928
22479891388,134791812
22480130428,134817835
22480369468,134840605
22480608508,134860529
22614231868,134877962
22614470908,134893216
22614709948,134906564
22614948988,134793243
22615188028,134819087
22615427068,134841701
22749050428,134861488
22749289468,134878802
22749528508,134893951
22749767548,134907207
22750006588,134918806
22750245628,134928955
22883988508,134812835
22884227548,134836230
22884466588,134856701
22884705628,134874613
22884944668,134765286
22885183708,134794625
23019046108,134945296
23019285148,134952134
23019524188,134958117
23019763228,134963352
23020002268,135092933
23020241308,135081316
23154103708,135071151
23154342748,135062257
23154581788,135054474
23154820828,135047664
23155059868,135041706
23155298908,135036492
23289161308,135031930
23289400348,135027938
23289639388,135024445
23289878428,135021389
23290117468,135018715
23290356508,135016375
23424338428,135014328
23424577468,135012537
23424816508,135010969
23425055548,135134597
23425294588,135117772
23425533628,135103050
23559396028,135090168
23559635068,135078897
23559874108,135069034
23560113148,135060404
23560352188,135052853
23560591228,135046246
23694453628,135040465
23694692668,135035406
23694931708,135030980
23695170748,135027107
23695409788,135023718
23695648828,135020753
23829511228,135018158
23829750268,135015888
23829989308,135013902
23830228348,135012164
23830467388,135010643
23830706428,135009312
23964688348,135008148
23964927388,135007129
23965166428,135131237
23965405468,135114832
23965644508,135100478
23965883548,135087918
24099984988,135076928
24100224028,135192312
24100463068,135168273
24100702108,135147238
24100941148,135128833
24101180188,135237728
24235281628,135333012
24235520668,135291385
24235759708,135254961
24235998748,135223090
24236237788,135320203
24236476828,135280177
24370578268,135245154
24370817308,135214509
24371056348,135312695
24371295388,135398608
24371534428,135348782
24371773468,135305184
24505994428,135267036
24506233468,135358656
24506472508,135313824
24506711548,135274596
24506950588,135240271
24507189628,135335237
24641291068,135418332
24641530108,135366040
24641769148,135320285
24642008188,135405249
24642247228,135479592
24642486268,135419643
24776587708,135367187
24776826748,135321288
24777065788,135406127
24777304828,135355361
24777543868,135310940
24777782908,135272072
24911884348,135238063
24912123388,135333305
24912362428,135291641
24912601468,135255185
24912840508,135223286
24913079548,135320375
25047300508,135405328
25047539548,135354662
25047778588,135310329
25048017628,135396537
25048256668,135471969
25048495708,135412972
25182840828,135361350
25183079868,135441181
25183318908,135511033
25183557948,135447153
25183796988,135391258
25184036028,135467350
25319576028,135658931
25319815068,135701564
25320054108,135863868
25320293148,136005884
25320532188,136130148
25320771228,136113879
25457382588,136349644
25457621628,136555938
25457860668,136611445
25458099708,136785014
25458338748,136936887
25458577788,137069776
25597220988,137436054
25597460028,137756547
25597699068,138036978
25597938108,138157355
25598177148,138387685
25598416188,138589224
25741242588,139265571
25741481628,139857374
25741720668,140375202
25741959708,140828301
25742198748,141224763
25742437788,141571667
25893989148,142875208
25894228188,144140807
25894467228,145248206
25894706268,146217180
25894945308,146940032
25895184348,147697528
26064066108,150610337
26064305148,153034044
26064544188,155154788
26064783228,157010439
26065022268,158759134
26065261308,160164242
26266891548,165393711
26267130588,170094497
26267369628,174207684
26267608668,177806723
26267847708,180830882
26268086748,183602021
26468043708,185901768
26468282748,187789047
26468521788,189440416
26468760828,190885364
26468999868,192149693
26665849308,217755981
26666088348,215286483
26666327388,213125672
26666566428,211234963
26666805468,209580592
26858156988,207508018
26858396028,205569515
26858635068,203873325
26858874108,202389159
27058993628,226090514
27060026268,223079199
27060265308,220444299
27060504348,218138761
27258668508,240871415
27259863708,235637488
27260222268,231182802
27260461308,227284951
27444163548,222124332
27445478268,217608790
27445717308,213532691
27628224348,232841104
27629419548,226860966
27629658588,221503345
27811807068,239565426
27813002268,232744747
27813241308,226651653
27996584988,244195196
27997780188,236920796
27998019228,230430696
28182319068,247751859
28183514268,240157876
28183753308,233388141
28368650748,250464623
28369845948,242531545
28370084988,235590101
28556177628,252766338
28557372828,244795545
28557611868,237696101
28744182588,254734088
28745377788,246517327
28745616828,239202661
28932187548,256177328
28933502268,247780162
28933741308,240307641
29121985308,257269185
29123419548,248985536
29123658588,241612344
29312619708,258785801
29313934428,250437575
29314173468,243007878
29504329788,260256893
29505764028,251724781
29506003068,244259183
29696159388,237726785
29697593628,232010936
29697832668,226884569
29889303708,222648997
29890737948,218942872
29890976988,215700013
30083523708,212987511
30084957948,210614072
30085196988,208662313
30277504668,206829523
30278938908,205225832
30279177948,203822603
30471485628,202594777
30472919868,201520429
30473158908,200580375
30666661788,223882828
30668096028,220522474
30668335068,217457164
30861837948,238775018
30863272188,233553140
30863511228,228733997
31057014108,248767247
31058448348,242296341
31058687388,236384298
31251712188,255336260
31253146428,247919227
31253385468,241304323
31447366428,259766282
31448800668,251920496
31449039708,244930434
31643857308,263064129
31645291548,254931112
31645530588,247564723
31839870108,241119132
31841304348,235479240
31841543388,230544335
32036600028,226351293
32038034268,222682381
32038273308,219472083
32234644668,216788072
32236078908,214439563
32236317948,212384617
32431972188,210461539
32433406428,208778846
32433645468,207306490
32628941148,206018178
32630494908,204890905
32630733948,203904541
32826388188,203166473
32827822428,202645663
32828061468,202064955
33023596188,225931835
33025030428,222565355
33025269468,219494685
33219848028,240932849
33221282268,235566242
33221521308,230620461
33416816988,250667903
33418251228,244209415
33418490268,238308238
33614742108,257644708
33616176348,250439119
33616415388,243884229
33811950108,262523700
33813384348,254583237
33813623388,247385332
34008919068,241087165
34010353308,235576269
34010592348,230754235
34206724668,226659955
34208158908,223077460
34208397948,219942777
34405366908,217324929
34406801148,214909312
34407040188,212920648
34602694428,210930567
34604128668,209314246
34604367708,207774965
34800141468,206553094
34801575708,205358957
34801814748,204314087
34997588508,203399826
34999022748,202724847
34999261788,202134241
35194557468,225992460
35195991708,222493402
35196230748,219306726
35392124028,241018385
35393558268,235766086
35393797308,231045325
35589810108,251289659
35591244348,244753451
35591483388,238909269
35788332828,258420610
35789767068,251118033
35790006108,244603278
35986257948,263402868
35987572668,255352509
35987811708,248183445
36184302588,266410514
36185736828,257859199
36185975868,250376799
36383661948,243954699
36385096188,238460361
36385335228,233652815
36581945628,229196213
36583379868,225296686
36583618908,221884600
36780707388,219024025
36782141628,216521021
36782380668,214330893
36979588668,212414531
36981022908,210737714
36981261948,209270499
37178828508,207986686
37180262748,206863350
37180501788,205880431
37377351228,229645377
37378785468,225939704
37379024508,222572241
37576830108,244250710
37578264348,238844371
37578503388,233988824
37777504188,254490221
37778938428,247928943
37779177468,242062825
37977939228,261679971
37979373468,254219974
37979612508,247567477
38179732028,266621542
38180047548,258668849
38181481788,251585242
38381601308,270387086
38382753468,261963700
38384307228,254718237
38694342108,239253457
38824738428,225846774
38825455548,214115927
38956449468,220101436
38957166588,209213756
39089116668,216062036
39089833788,205679281
39222740028,213094370
39223457148,203207573
39357558588,211306626
39358395228,201893297
39493930908,210406634
39494887068,201230804
39631737468,210201953
39631976508,201176708
39632932668,193279619
39770978268,186494666
39771217308,180682832
39772173468,175597478
39911175228,171272793
39911414268,167363693
39912370428,163943231
40052447868,161075327
40052686908,158565911
40053643068,156370172
40194796188,154573900
40195035228,153127162
40195991388,151861266
40337981148,168378607
40338220188,165331281
40339176348,162664870
40482122268,178206761
40482361308,174055915
40483317468,170423925
40626741468,184995934
40626980508,179871442
40627936668,175512511
40772316828,189698447
40772555868,184236141
40773512028,179581623
40918848348,193508920
40919087388,187695305
40920043548,182733391
41066096988,196516717
41066336028,190452127
41067292188,185145611
41214182268,198752409
41214421308,192408357
41215377468,186982312
41362865148,200484523
41363104188,194048957
41364060348,188542837
41512265148,202099982
41512504188,195587484
41513460348,189889048
41662262748,203402917
41662501788,196727552
41663457948,191011608
41812857948,204510157
41813096988,197821387
41814053148,192093713
41964170268,205706998
41964409308,198993623
41965365468,193119420
42115721628,206604492
42115960668,199653930
42116916828,193697188
42267870588,207235039
42268109628,200455659
42269065788,194648701
42420617148,208317613
42420856188,201402911
42421812348,195352547
42573722268,208933478
42573961308,201941793
42574917468,195949068
42727544508,209705434
42727783548,202742254
42728739708,196774472
42881486268,210552663
42881725308,203483580
42882681468,197423132
43035906108,211120240
43036145148,204105210
43037101308,198092058
43190684508,211830550
43190923548,204726731
43191879708,198510889
43345821468,212197027
43346060508,205172398
43347016668,199150848
43501436508,213006992
43501675548,205881118
43502631708,199645978
43657051548,213440230
43657290588,206260201
43658246748,200102675
43812905628,213839840
43813144668,206609860
43814100828,200408627
43969237788,214232548
43969476828,207078479
43970432988,200818669
44125928508,214591335
44126167548,207392418
44127123708,201218365
44282619228,215066069
44282858268,207807810
44283814428,201456833
44439309948,215274728
44439548988,207990387
44440505148,201741588
44596359228,215648889
44596598268,208317777
44597554428,202028054
44753528028,215899547
44753767068,208537103
44754723228,202219965
44911055388,216192469
44911294428,208918410
44912250588,202678608
45068463228,216593782
45068702268,209144559
45069658428,202751489
45225990588,216532552
45226229628,209215983
45227185788,202938985
45383637468,216821611
45383876508,209468909
45384832668,203035295
45541523388,216905883
45541762428,209542647
45542718588,203224816
45699409308,217196714
45699648348,209797124
45700604508,203447483
45857175708,217391547
45857414748,209967603
45858370908,203596652
46015061628,217522070
46015300668,210081811
46016256828,203696584
46173067068,217609511
46173306108,210158322
46174262268,203763531
46331072508,217668089
46331311548,210209577
46332267708,203808379
46489197468,217707331
46489436508,210243914
46490392668,203838424
46647202908,217733621
46647441948,210266918
46648398108,203858553
46805327868,217751233
46805566908,210282328
46806523068,203872037
46963572348,217763032
46963811388,210292653
46964767548,203881071
47121816828,217770937
47122055868,210424569
47123131548,204121497
47280180828,218106309
47280419868,210718020
47281376028,204253267
47438425308,218096608
47438664348,210584532
47439620508,204136465
47596789308,217994406
47597028348,210620105
47597984508,204167591
47755272828,218146642
47755511868,210753311
47756468028,204284147
47913875868,218248628
47914114908,210842549
47915071068,204487230
48072359388,218426326
48072598428,210998035
48073554588,204498280
48230962428,218310995
48231201468,210897120
48232157628,204534980
48389804508,218468107
48390043548,211159593
48390999708,204639643
48548885628,218559687
48549124668,211239726
48550080828,204834760
48708086268,218980415
48708325308,211607863
48709281468,205156880
48867286908,219137270
48867525948,211620111
48868482108,205167597
49026726588,219146647
49026965628,211628316
49027921788,205174776
49186285788,219277929
49186524828,211868187
49187480988,205509663
49346084028,219695955
49346323068,212233960
49347279228,205829715
49506121308,219976000
49506360348,212479000
49507316508,206044125
49666158588,220163609
49666397628,212643157
49667353788,206187762
49826673948,220289291
49826912988,212753129
49827869148,206283987
49987547868,220498488
49987786908,213061177
49988743068,206678529
50148780348,220968712
50149019388,213597623
50149975548,207147920
50310251868,221504430
50310490908,214066376
50311447068,207558079
50471842908,221863319
50472081948,214380404
50473038108,207957853
50633912028,222213121
50634151068,214811480
50635107228,208335045
50796578748,222668164
50796817788,215209643
50797773948,208683437
50959604028,223098007
50959843068,215585756
50960799228,209137536
51123107388,223745344
51123346428,216277176
51124302588,209867529
51287208348,224509087
51287447388,216945451
51288403548,210452269
51451787388,225020735
51452026428,217518143
51452982588,210953375
51616724988,225584203
51616964028,218011177
51617920188,211384779
51782260188,226211681
51782499228,218685220
51783455388,212224567
51948153948,227071496
51948392988,219437559
51949349148,212882864
52114764828,227647506
52115003868,220066567
52115960028,213433246
52282331868,228379090
52282570908,220831703
52283527068,214227740
52450735548,229324272
52450974588,221658738
52451930748,215076395
52619736828,230191845
52619975868,222542864
52620932028,215975006
52789694268,231228130
52789933308,223574613
52790889468,217002786
52960488348,232377437
52960727388,224705257
52961683548,218117099
53132358108,233602461
53132597148,225902153
53133553308,219289383
53305303548,234878210
53305542588,227143433
53306498748,220500503
53479205148,236187940
53479444188,228414447
53480400348,221737641
53654182428,237520435
53654421468,229705380
53655377628,222992207
53830593948,238868181
53830832988,231009658
53831789148,224258450
54008320188,240351143
54008559228,232557250
54009515388,225862593
54187241628,242129768
54187480668,234238547
54188436828,227458728
54367477788,243776387
54367716828,235804338
54368672988,228953795
54549506748,245459570
54549745788,237527123
54550701948,230711232
54732969948,247372328
54733208988,239450787
54734165148,232644438
54918225948,249563883
54918464988,241618397
54919421148,234666097
55105035708,251707834
55105274748,243619354
55106230908,236666934
55293518748,253833567
55293757788,245604371
55294713948,238528824
55484033628,255962721
55484272668,247842380
55485228828,240862082
55676102268,258504321
55676341308,250191280
55677297468,243042370
55869724668,260662073
55869963708,252204313
55870919868,244803773
56066574108,238828301
56066813148,233599763
56067769308,229024792
56266172508,225396693
56266411548,222222106
56267367708,219444342
56468878428,217263799
56469117468,215480824
56470073628,213920721
56671703868,212555630
56671942908,211236176
56672899068,210081654
56836282908,204446447
56836521948,199515641
56837478108,195201185
56997276348,211426036
56997515388,205122781
56998471548,199732433
57163887228,215515878
57164126268,209451393
57165082428,204269968
57331573788,220361222
57331812828,213816069
57332768988,208089060
57500216508,223952927
57500455548,217083811
57501411708,211198334
57670891068,227048542
57671130108,220042474
57672086268,214037164
57843358428,230032518
57843597468,222903453
57844553628,216665521
58017738108,232707330
58017977148,225368913
58018933308,219072798
58194627708,235438698
58194866748,228133860
58195822908,221867127
58374385788,238633736
58374624828,231304519
58375580988,225016454
58556414748,242014397
58556653788,234512597
58557609948,228073522
58740116988,245189331
58740356028,237540664
58741312188,230973081
58926448668,248226445
58926687708,240448139
58927643868,233767121
59113616988,251046230
59113856028,243040451
59114812188,236160394
59301502428,253390344
59301741468,245216551
59302697628,238189482
59491180668,255540796
59491419708,247348196
59492375868,240304671
59681695548,257641587
59681934588,249186388
59682890748,241913089
59873286108,259298952
59873525148,250886583
59874481308,243650760
60066549948,261194415
60066788988,252670113
60067745148,245211348
60260411388,238809929
60260650428,233208687
60261606588,228307601
60456185148,224269150
60456424188,220735506
60457380348,217643567
60652915068,214938121
60653154108,212695855
60654110268,210733873
60851079228,209267138
60851318268,207858745
60852274428,206626401
61050319068,205673100
61050558108,204838962
61051514268,204109091
61250754108,203595454
61250993148,203146022
61251949308,202877769
61451308668,227518047
61451547708,224203291
61452503868,221427879
61652102268,243874394
61652341308,238515094
61653297468,233950707
61853373948,254831868
61853612988,248102884
61854569148,242340023
62054688668,262172520
62056079868,254775955
62056318908,248303960
62257155548,267640965
62258666268,259685844
62258905308,252475113
62459024828,271290723
62461252668,262879382
62461491708,255394459
62633361468,270345151
62634795708,258177007
62635154268,247654881
62776546428,234573020
62777741628,223126392
62777980668,212985593
62914233468,203612393
62915428668,195410843
62915667708,188234487
63053354748,182080176
63054549948,176695154
63054788988,171983259
63193312668,167985351
63194507868,164487182
63194746908,161426284
63334704828,158872998
63335900028,156638873
63336139068,154809013
63476575068,170707886
63477770268,167244400
63478009308,164213850
63619640508,179062118
63620835708,174679353
63621074748,170844433
63764379228,185238878
63765574428,180334018
63765813468,175917265
63910193628,190052606
63911388828,184671030
63911627868,179837151
64056844668,193732507
64058039868,188015943
64058278908,182888950
64204690908,196652831
64205886108,190696227
64206125148,185359198
64353373788,199064298
64354568988,192931260
64354808028,187439852
64502654268,201009870
64503849468,194633636
64504088508,189054431
64652532348,202672627
64653727548,196213548
64653966588,190436854
64803127548,204007247
64804322748,197506341
64804561788,191693048
64954320348,205356417
64955515548,198686864
64955754588,192726006
65106230268,206385255
65107425468,199712098
65107664508,193748085
65258737788,207404574
65259932988,200604002
65260172028,194653501
65411723388,208321813
65412918588,201531586
65413157628,195590137
65565426108,209266369
65566621308,202483072
65566860348,196422688
65719487388,210119852
65720682588,203229870
65720921628,197076136
65874265788,210941619
65875460988,204073916
65875700028,197939676
66029402748,211822216
66030597948,204844439
66030836988,198613884
66185017788,212537148
66186212988,205595004
66186452028,199395628
66340991388,213221174
66342186588,206193527
66342425628,199919336
66497443068,213804419
66498638268,206828866
66498877308,200475257
66654133788,214415849
66655328988,207363867
66655568028,201068383
66811063548,215059835
66812258748,207927355
66812497788,201561435
66968471388,215491255
66969666588,208304848
66969905628,201891742
67126357308,215905274
67127552508,208792114
67127791548,202443099
67284243228,216512711
67285438428,209323622
67285677468,202908169
67442368188,216919647
67443563388,209679691
67443802428,203219729
67600732188,217192262
67601927388,209918229
67602166428,203553450
67759574268,217609268
67760769468,210408109
67761008508,204107095
67918416348,218093708
67919611548,210831994
67919850588,204352994
68077377948,218308869
68078573148,211020260
68078812188,204517727
68236698108,218578011
68237893308,211255759
68238132348,204848789
68396018268,218992690
68397213468,211743603
68397452508,205275652
68555338428,219241195
68556533628,211836045
68556772668,205231539
68714897628,219202596
68716092828,211927271
68716331868,205436362
68874695868,219506816
68875891068,212193464
68876130108,205669281
69034374588,219710620
69035569788,212371792
69035808828,205825318
69194172828,219847153
69195368028,212491258
69195607068,205929850
69353851548,219938618
69355046748,212571290
69355285788,205999878
69513649788,219999893
69514844988,212624906
69515084028,206046792
69673567548,220040943
69674762748,212660825
69675001788,206203221
69833604828,220177818
69834800028,212780590
69835039068,206308016
69993522588,220269514
69994717788,212860824
69994956828,206253221
70153440348,220221568
70154635548,212818872
70154874588,206216513
70313477628,220314448
70314672828,212900142
70314911868,206287624
70473634428,220376671
70474829628,212954587
70475068668,206460263
70633910748,220527730
70635105948,213211763
70635344988,206685292
70794067548,220724630
70795262748,213384051
70795501788,206711044
70954343868,220747163
70955539068,213278767
70955778108,206618921
71114739708,220666555
71115934908,213208235
71116173948,206682205
71275135548,220846929
71276330748,213491062
71276569788,206929679
71435650908,220938469
71436846108,213446160
71437085148,206890390
71596166268,221029091
71597361468,213650454
71597600508,207069147
71756920668,221060503
71758115868,213677940
71758354908,207093197
71917914108,221206547
71919109308,213930728
71919348348,207314387
72078788028,221400088
72080102748,214100077
72080341788,207462567
72239900988,221529746
72241096188,214213527
72241335228,207561836
72401133468,221741606
72402328668,214398905
72402567708,207724041
72562485468,221883535
72563680668,214398093
72563919708,207723331
72724196028,222007914
72725391228,214631924
72725630268,208052933
72886145628,222421316
72887340828,214993651
72887579868,208369444
73048095228,222698263
73049290428,215235980
73049529468,208581482
73210522908,222883796
73211718108,215398321
73211957148,208723530
73373309148,223133088
73374504348,215741452
73374743388,209148770
73536334428,223630173
73537529628,216176401
73537768668,209529350
73699837788,223963181
73701032988,216592783
73701272028,210018685
73863341148,224516349
73864536348,217076805
73864775388,210317204
74027322588,224777553
74028517788,217305358
74028756828,210642188
74191901628,225186914
74193096828,217788549
74193335868,211189980
74356839228,225791232
74358034428,218442328
74358273468,211762037
74522254908,226416782
74523450108,218989684
74523689148,212240973
74688148668,226960851
74689343868,219465744
74689582908,212782526
74854520508,227559710
74855715708,219989746
74855954748,213241027
75021250908,228085898
75022446108,220575160
75022685148,213878265
75188698428,228768481
75189893628,221172420
75190132668,214525867
75356624028,229460133
75357819228,221902616
75358058268,215289789
75525266748,230253565
75526461948,222721869
75526700988,216006635
75694626588,231005805
75695821788,223380079
75696060828,216707569
75864942588,231869122
75866137788,224385481
75866376828,217712295
76035975708,232873258
76037170908,225389100
76037409948,218590462
76207725948,233891654
76208921148,226280197
76209160188,219495172
76380551868,234933275
76381747068,227316615
76381986108,220527038
76554333948,236086158
76555529148,228450388
76555768188,221644089
76729191708,237438577
76730386908,229758754
76730625948,222913909
76905005628,238799670
76906200828,231074711
76906439868,224190372
77082253788,240166575
77083448988,232395753
77083688028,225471283
77260816668,241537372
77262011868,233845200
77262250908,226989550
77440694268,243240856
77441889468,235460749
77442128508,228528155
77621767068,244837135
77622962268,236982493
77623201308,230109681
77804274108,246595970
77805469308,238771473
77805708348,231800038
77988454428,248450033
77989649628,240518778
77989888668,233453930
78174308028,250397188
78175503228,242472539
78175742268,235413471
78361834908,252486787
78363030108,244550938
78363269148,237482070
78550556988,254671811
78551752188,246587834
78551991228,239264354
78741191388,256606309
78742386588,248530520
78742625628,241339205
78932781948,258796804
78933977148,250447203
78934216188,243141302
79127838588,260873639
79128914268,252639434
79129153308,245434504
79324688028,239380191
79325883228,234082667
79326122268,229447333
79524644988,225766416
79525840188,222545614
79526079228,219727412
79727470428,217636485
79728665628,215806924
79728904668,214081058
79905674748,209570925
79906869948,205624559
79907108988,202296489
80050772028,195134427
80052086748,188992623
80052325788,183493545
80195152188,196556851
80196347388,190237244
80196586428,184457588
80341086108,197525389
80342281308,191209715
80342520348,185558500
80488573788,198863687
80489768988,192505726
80490008028,186942510
80638093308,200574696
80639288508,194377859
80639527548,188830626
80789405628,202601797
80790600828,196276572
80790839868,190617000
80942869308,204664875
80944064508,198456765
80944303548,192899669
81098006268,207287210
81099201468,201001308
81099440508,195251144
81255055548,209719751
81256250748,203254782
81256489788,197472934
81413897628,212038817
81415092828,205533964
81415331868,199717218
81574412988,214502565
81575608188,207939744
81575847228,201947276
81736601628,216828866
81737796828,210100257
81738035868,204212724
81900344028,219311133
81901539228,212522241
81901778268,206456960
82065640188,221524840
82066835388,214584235
82067074428,208511205
82232370588,223822304
82233565788,216844516
82233804828,210613951
82400654748,225912207
82401849948,218798181
82402088988,212573408
82570373148,228126732
82571568348,220985890
82571807388,214612653
82741406268,230161071
82742601468,222890937
82742840508,216404569
82913634588,232103997
82914829788,224715997
82915068828,218251497
83087297148,234095059
83088492348,226708176
83088731388,220119654
83262274428,235979697
83263469628,228482234
83263708668,221796954
83438446908,237822334
83439642108,230219542
83439881148,223442099
83615456028,239511836
83616651228,231822856
83616890268,224969999
83793779868,241098749
83794975068,233336405
83795214108,226544354
83973059868,242851309
83974255068,235119895
83974494108,228229908
84153415548,244451169
84154610748,236519772
84154849788,229454800
84334488348,245772950
84335683548,237801331
84335922588,230701164
84516636828,247113518
84517832028,239099328
84518071068,232086912
84699502428,248576048
84700697628,240504042
84700936668,233316036
84883204668,249776531
84884399868,241679464
84884638908,234469531
85067504508,251035839
85068699708,242781359
85068938748,235433689
85252640988,252004477
85253836188,243753917
85254075228,236534677
85437657948,253092842
85438853148,244706236
85439092188,237367956
85623870108,253821961
85625065308,245594215
85625304348,238269938
85810201788,254861195
85811396988,246503545
85811636028,238940601
85996892028,255448025
85998087228,247017021
85998326268,239514893
86184538428,256200531
86185733628,247800464
86185972668,240200406
86373260508,257050355
86374455708,248669060
86374694748,241210427
86562819228,258184123
86564014428,249786107
86564253468,242312843
86752138908,259273737
86753214588,250739519
86753453628,243022079
86941578108,236269319
86942773308,230360654
86943012348,225315572
87132092988,221026125
87133288188,217272859
87133527228,213863751
87322488348,210880782
87323683548,208270684
87323922588,205986848
87512166588,203988492
87513361788,202239930
87513600828,200709938
87702681468,199371195
87703876668,198199795
87704115708,197299820
87893435388,196512342
87894750108,195948299
87894989148,195329761
88084547868,218413540
88085743068,215111847
88085982108,212097866
88274943228,233085632
88276138428,227949928
88276377468,223331187
88465458108,242914788
88466653308,236550439
88466892348,230731634
88657646268,249515179
88658841468,242450781
88659080508,236269433
88849475868,254610753
88850671068,246909408
88850910108,240045732
89041185948,257790015
89042381148,249691263
89042620188,242479855
89233374108,260044873
89234449788,251664263
89234688828,244206230
89424964668,237555451
89426159868,231861019
89426398908,226878391
89616674748,222518592
89617869948,218578768
89618108988,215256422
89808145788,212349369
89809340988,209805697
89809580028,207454984
89999497308,205398111
90000692508,203598347
90000931548,202023553
90191087868,200770608
90192283068,199674282
90192522108,198714996
90382678428,197750621
90383993148,196906793
90384232188,196293443
90574866588,219506762
90576061788,216318416
90576300828,213403614
90767054748,234603162
90768249948,229527766
90768488988,224836795
90958884348,244482195
90960079548,238046920
90960318588,232291055
91151431068,251129673
91152626268,243988463
91152865308,237489905
91344216828,255803666
91345412028,248078207
91345651068,241193431
91537241628,259169252
91538436828,251023095
91538675868,243770208
91729907868,261298932
91730983548,252636565
91731222588,245181994
91922096028,238659244
91923291228,232951838
91923530268,227832858
92114762268,223353750
92115957468,219434531
92116196508,216130214
92307667548,213238937
92308862748,210709069
92309101788,208495435
92500333788,206558505
92501528988,204863691
92501768028,203255729
92693358588,201973762
92694673308,200852041
92694912348,199870535
92887817628,223136718
92889012828,219744628
92889251868,216651549
93082157148,238070105
93083352348,232811341
93083591388,227959923
93276855228,247839932
93278050428,241359940
93278289468,235564947
93471911868,254619328
93473107068,247416912
93473346108,240864798
93667805148,259381698
93669000348,251708985
93669239388,244745361
93863459388,262902190
93864535068,254664416
93864774108,247206364
94059711228,240805568
94060906428,235204872
94061145468,230429263
94255963068,226125605
94257158268,222484904
94257397308,219174291
94452573468,216402504
94453768668,213852191
94454007708,211745667
94649900988,209902458
94651096188,208414650
94651335228,206987818
94847945628,205864340
94849140828,204881297
94849379868,204021134
95047304988,203518492
95048619708,203203680
95048858748,202678220
95247261948,227093442
95248457148,223831761
95248696188,220852790
95448175068,243246191
95449370268,238090417
95449609308,233454114
95649728828,254397349
95650641948,247847680
95651956668,242116720
95652315228,237227130
95853228348,233073738
95854423548,229439520
95854662588,226009580
96008723868,217133382
96010038588,209491709
96010277628,202805245
96177844668,198579589
96179039868,194882140
96179278908,191646872
96335132988,187441013
96336328188,183635886
96336567228,180306400
96493736028,177518100
96494931228,175078337
96495170268,173068544
96654609948,171559976
96655805148,170239979
96656044188,169084981
96817993788,168324358
96819188988,167908813
96819428028,167420211
96983528988,187367684
96984724188,184821723
96984963228,182344007
97151215548,201051006
97152410748,197044630
97152649788,193414051
97321053468,211362294
97322248668,206317007
97322487708,201777381
97492803708,219055208
97493998908,213173307
97494237948,208026643
97667063868,225148312
97668259068,219004773
97668498108,213504176
97842638748,230316154
97843833948,223526634
97844072988,217585804
98020006428,234387578
98021201628,227464130
98021440668,221281113
98198927868,237870973
98200123068,230637101
98200362108,224182463
98379642108,240909655
98380837308,233545948
98381076348,226977704
98562029628,243855491
98563224828,236373554
98563463868,229701859
98745612348,246489126
98746807548,238677985
98747046588,231843236
98930748828,248737831
98931944028,240895602
98932183068,234033651
99117319548,251029444
99118514748,243150763
99118753788,236131917
99305204988,253240427
99306400188,245210373
99306639228,238059076
99494046588,255301691
99495241788,247138979
99495480828,239871606
99683605308,257012655
99684800508,248636073
99685039548,241306563
99874239708,258518242
99875434908,250203461
99875673948,242803028
