1100041944,100000000
1207579428,100875000
1208296548,101765625
1208898468,102544921
1209615588,103351805
1210217508,104182829
1310543984,117409975
1311500144,115733728
1311739184,114142012
1312575824,112874260
1313531984,111889977
1313771024,110903729
1314607664,110040762
1416168220,122035666
1416407260,120031207
1417363420,118277306
1417602460,116742642
1417841500,115399811
1419156220,114349834
1420470940,113556104
1420709980,112736591
1420949020,112019517
1421905180,111517077
1422144220,111077442
1516533576,109692761
1517489736,108606165
1517728776,107530394
1517967816,106589094
1519282536,106015457
1520716776,105388524
1520955816,104714958
1521194856,104250588
1522031496,103969264
1522270536,103598106
1616659892,114898342
1617735572,113161049
1617974612,111515917
1618213652,110201427
1619408852,109176248
1620962612,108154217
1621201652,107259939
1621440692,106477446
1622157812,105792765
1622396852,105068669
1622635892,104435085
1717981408,104005699
1719296128,103754986
1719535168,103535612
1719774208,103218660
1720969408,102941327
1722762208,102823661
1723001248,102720703
1723240288,102630615
1723957408,102426788
1724196448,102373439
1724435488,102326759
1818227244,114035914
1819541964,112531424
1819781004,110964996
1820020044,109719371
1821215244,108754449
1823008044,108035142
1823247084,107155749
1823486124,106261280
1824203244,105603620
1824442284,105028167
1824681324,104399646
1824920364,103849690
1919548760,103493478
1921102520,103306793
1921341560,103143443
1921580600,102875512
1922775800,102641073
1924807640,102435938
1925046680,102381445
1925285720,102333764
1926002840,102292043
1926241880,102255537
1926480920,102223594
1926719960,102195644
2020033636,113921188
2021467876,112431039
2021706916,110877159
2021945956,109517514
2023260676,108577824
2025172996,107880596
2025412036,107020521
2025651076,106142955
2025890116,105375085
2026607236,104703199
2026846276,104115299
2027085316,103725886
2027324356,103385150
2121355152,103087006
2122789392,102826130
2123028432,102722863
2123267472,102632505
2124821232,102428441
2126733552,102249885
2126972592,102093649
2127211632,102081942
2127450672,102071699
2128167792,102187736
2128406832,102164269
2128645872,102143735
2128884912,102000768
2221720508,113500672
2223154748,112063088
2223393788,110680202
2223632828,109345176
2225186588,108427029
2227098908,107748650
2227337948,106905068
2227576988,106166934
2227816028,105396067
2228055068,104846558
2228772188,104240738
2229011228,103835645
2229250268,103481189
2229489308,103171040
2324388188,103149660
2325822428,103005952
2326061468,103005208
2326300508,103004557
2328093308,103003987
2330005628,103003488
2330244668,103003052
2330483708,103002670
2330722748,103002336
2330961788,103002044
2331678908,103001788
2331917948,103001564
2332156988,103001368
2332396028,103001197
2429924348,115126047
2431358588,114110291
2431597628,113096504
2431836668,112084441
2433629468,111448885
2435541788,110892774
2435780828,110156177
2436019868,109636654
2436258908,109182072
2436497948,108784313
2436736988,108436273
2437454108,108131738
2437693148,107865270
2437932188,107507111
2438171228,107318722
2540121788,107778881
2541556028,108056520
2541795068,108299455
2542034108,108637023
2544065948,108932395
2545978268,109065845
2546217308,109307614
2546456348,109519162
2546695388,109579266
2546934428,109631857
2547173468,109802874
2547890588,109952514
2548129628,110083449
2548368668,110198017
2548607708,110298264
2650677788,123010981
2652112028,121634608
2652351068,120305282
2652590108,119142121
2654502428,118249355
2656414748,117468185
2656653788,116659661
2656892828,115827203
2657131868,115223802
2657370908,114695826
2657609948,114233847
2658327068,113829616
2658566108,113475914
2658805148,113041424
2659044188,112786246
2759919068,125062965
2761353308,123305094
2761592348,121516957
2761831388,119952337
2763743708,118833294
2765656028,117854132
2765895068,116747365
2766134108,115903944
2766373148,115165951
2766612188,114395207
2766851228,113720806
2767568348,113255705
2767807388,112723741
2768046428,112383273
2768285468,112085363
2869160348,124324692
2870594588,122659105
2870833628,120951716
2871072668,119582751
2872984988,118509907
2874897308,117571168
2875136348,116624772
2875375388,115796675
2875614428,114947090
2875853468,114203703
2876092508,113678240
2876809628,113218460
2877048668,112816152
2877287708,112464133
2877526748,112031116
2978401628,124277226
2979835868,122492572
2980074908,120931000
2980313948,119564625
2982226268,118494046
2984138588,117682290
2984377628,116722003
2984616668,115756752
2984855708,114912158
2985094748,114298138
2985333788,113760870
2986050908,113290761
2986289948,112879415
2986528988,112394488
2986768028,111970177
3087642908,124223904
3089077148,122570916
3089316188,120999551
3089555228,119499607
3091467548,118437156
3093379868,117507511
3093618908,116444072
3093857948,115513563
3094096988,114824367
3094336028,114221321
3094575068,113568655
3095292188,113122573
3095531228,112607251
3095770268,112156344
3096009308,111886801
3196884188,124150950
3198318428,122507081
3198557468,120818695
3198796508,119341358
3200708828,118298688
3202621148,117386352
3202860188,116338058
3203099228,115545800
3203338268,114852575
3203577308,114121003
3203816348,113480877
3204533468,113045767
3204772508,112540046
3205011548,112222540
3205250588,111944722
3306125468,124201631
3307559708,122551427
3307798748,120857498
3308037788,119500310
3309950108,118437771
3311862428,117508049
3312101468,116569542
3312340508,115748349
3312579548,114904805
3312818588,114166704
3313057628,113645866
3313774748,113190132
3314013788,112791365
3314252828,112442444
3314491868,112012138
3415366748,124260620
3416800988,122478042
3417040028,120918286
3417279068,119553500
3419191388,118484312
3421103708,117673773
3421342748,116714551
3421581788,115750232
3421820828,114906453
3422059868,114293146
3422298908,113756502
3423016028,113286939
3423255068,112876071
3423494108,112391562
3423733148,111967616
3524608028,124221664
3526042268,122568956
3526281308,120997836
3526520348,119498106
3528432668,118435842
3530344988,117506361
3530584028,116443065
3530823068,115512681
3531062108,114823595
3531301148,114220645
3531540188,113568064
3532257308,113122056
3532496348,112606799
3532735388,112155949
3532974428,111761455
3633849308,124041273
3635283548,122411113
3635522588,120734723
3635761628,119267882
3637673948,118234396
3639586268,117330096
3639825308,116288834
3640064348,115502729
3640303388,114814887
3640542428,114088026
3640781468,113452022
3641498588,113020519
3641737628,112517954
3641976668,112078209
3642215708,111818432
3743090588,124216128
3744524828,122564112
3744763868,120868598
3745002908,119510023
3746915228,118446270
3748827548,117515486
3749066588,116576050
3749305628,115754043
3749544668,114909787
3749783708,114171063
3750022748,113649680
3750739868,113193470
3750978908,112669286
3751217948,112335625
3751456988,112043671
3852331868,124288212
3853766108,122502185
3854005148,120939411
3854244188,119571984
3856156508,118500486
3858068828,117687925
3858307868,116726934
3858546908,115761067
3858785948,114915933
3859024988,114301441
3859264028,113763760
3859981148,113168290
3860220188,112772253
3860459228,112425721
3860698268,111997505
3961573148,124247816
3963007388,122591839
3963246428,121017859
3963485468,119515626
3965397788,118451172
3967310108,117519775
3967549148,116454803
3967788188,115522952
3968027228,114832583
3968266268,114228510
3968505308,113574946
3969222428,113128077
3969461468,112737067
3969700508,112269933
3969939548,111861191
4070814428,124128542
4072248668,122487474
4072487708,120801539
4072726748,119326346
4074639068,118285552
4076551388,117374858
4076790428,116328000
4077029468,115537000
4077268508,114844875
4077507548,114114265
4077746588,113474981
4078463708,113040608
4078702748,112535532
4078941788,112093590
4079180828,111831891
4180055708,124227904
4181489948,122574416
4181728988,120877614
4181968028,119392912
4183880348,118343798
4185792668,117425823
4186031708,116497595
4186270748,115685395
4186509788,114849720
4186748828,114118505
4186987868,113478691
4187704988,113043854
4187944028,112538372
4188183068,112221075
4188422108,111943440
4289296988,124200510
4290731228,122425446
4290970268,120747265
4291209308,119403856
4293121628,118478374
4295033948,117668577
4295272988,116710004
4295512028,115746253
4295751068,114902971
4295990108,114165099
4296229148,113644461
4296946268,113188903
4297185308,112790290
4297424348,112441503
4297663388,112011315
4398538268,124259900
4399972508,122477412
4400211548,120917735
4400450588,119553018
4402362908,118483890
4404275228,117548403
4404514268,116479852
4404753308,115544870
4404992348,114726761
4405231388,114135915
4405470428,113618925
4406187548,113166559
4406426588,112770739
4406665628,112299396
4406904668,111886971
4507779548,124151099
4509213788,122507211
4509452828,120943809
4509691868,119450832
4511604188,118394478
4513516508,117470168
4513755548,116411397
4513994588,115484972
4514233628,114799350
4514472668,114199431
4514711708,113549502
4515428828,113105814
4515667868,112592587
4515906908,112143513
4516145948,111875573
4617020828,124266126
4618455068,122607860
4618694108,120906877
4618933148,119418517
4620845468,118366202
4622757788,117445426
4622996828,116389747
4623235868,115591028
4623474908,114892149
4623713948,114155630
4623952988,113511176
4624670108,113072279
4624909148,112563244
4625148188,112242838
4625387228,111962483
4726262108,124217172
4727696348,122440025
4727935388,120760021
4728174428,119415018
4730086748,118488140
4731999068,117552122
4732238108,116608106
4732477148,115782092
4732716188,114934330
4732955228,114192538
4733194268,113668470
4733911388,113209911
4734150428,112808672
4734389468,112457588
4734628508,112025389
4835503388,124272215
4836937628,122488188
4837176668,120927164
4837415708,119561268
4839328028,118491109
4841240348,117554720
4841479388,116610380
4841718428,115659082
4841957468,114826696
4842196508,114223359
4842435548,113695439
4843152668,113233509
4843391708,112829320
4843630748,112350655
4843869788,111931823
4944744668,124190345
4946178908,122541551
4946417948,120973857
4946656988,119477124
4948569308,118417483
4950481628,117490297
4950720668,116429009
4950959708,115500382
4951198748,114812834
4951437788,114211229
4951676828,113559825
4952393948,113114846
4952632988,112600490
4952872028,112150428
4953111068,111881624
5053985948,124146421
5055420188,122503118
5055659228,120815228
5055898268,119338324
5057810588,118296033
5059722908,117384028
5059961948,116336024
5060200988,115544021
5060440028,114851018
5060679068,114119640
5060918108,113479685
5061635228,113044724
5061874268,112539133
5062113308,112221741
5062352348,111944023
5163231868,124201020
5164666108,122550892
5164905148,120857030
5165144188,119499901
5167056508,118562413
5168968828,117617111
5169207868,116664972
5169446908,115831850
5169685948,114977868
5169924988,114230634
5170164028,113701804
5170881148,113239078
5171120188,112834193
5171359228,112479918
5171598268,112044928
5273672668,124414312
5275106908,122862523
5275345948,121379707
5275584988,120082243
5277497308,119071962
5279409628,118187966
5279648668,117289470
5279887708,116378286
5280126748,115706000
5280365788,115117750
5280604828,114603031
5281321948,114152652
5281560988,113758570
5281800028,113288748
5282039068,113002654
5384587228,125502322
5386021468,123939531
5386260508,122322089
5386499548,120906827
5388411868,119918473
5390324188,119053663
5390563228,118046955
5390802268,117166085
5391041308,116520324
5391280348,115830283
5391519388,115226497
5392236508,114823184
5392475548,114345286
5392714588,113927125
5392953628,113561234
5496338428,126116079
5497772668,124476569
5498011708,122916997
5498250748,121552372
5500163068,120608325
5502075388,119782284
5502314428,118809498
5502553468,117958310
5502792508,117213521
5503031548,116561830
5503270588,115991601
5503987708,115492650
5504226748,115056068
5504465788,114674059
5504704828,114339801
5609523868,127172325
5610958108,125525784
5611197148,124085061
5611436188,122699428
5613348508,121736999
5615260828,120894874
5615499868,119908014
5615738908,119044512
5615977948,118288948
5616216988,117752829
5616456028,117158725
5617173148,116763884
5617412188,116418398
5617651228,115991098
5617890268,115617210
5724502108,128665058
5725936348,127081925
5726175388,125696684
5726414428,124359598
5728326748,123439648
5730239068,122634692
5730478108,121680355
5730717148,120845310
5730956188,120114646
5731195228,119600315
5731434268,119025275
5732151388,118647115
5732390428,118191225
5732629468,117792321
5732868508,117443280
5841631708,130762870
5842946428,129167511
5843185468,127771572
5843424508,126425125
5845336828,125496984
5847249148,124684861
5847488188,123724253
5847727228,122883721
5847966268,122148255
5848205308,121629723
5848444348,121051007
5849161468,120669631
5849400508,120210927
5849639548,119809561
5849878588,119458365
5962944508,133276069
5964259228,131991560
5964498268,130742615
5964737308,129524788
5966649628,128709189
5968561948,127745540
5968800988,126902347
5969040028,126289553
5969279068,125753358
5969518108,125159188
5969757148,124639289
5970354748,124184377
5970593788,123786329
5970832828,123438037
5971071868,123258282
6086767228,123350996
6087962428,123307121
6088201468,123393730
6088440508,123469513
6092026108,123785823
6092265148,123812595
6092504188,123836020
6092743228,123731517
6092982268,123640077
6093221308,123685067
6093818908,123724433
6094057948,123758878
6094296988,123789018
6094536028,123815390
6219434428,139338466
6220629628,138671157
6220868668,137962262
6221107708,137341979
6224573788,136674231
6224812828,136089952
6225051868,135703708
6225290908,135365744
6225529948,135070026
6225768988,134686272
6226247068,134475488
6226486108,134166052
6226725148,133895295
6226964188,133658383
6360348508,134576085
6361543708,135379074
6361782748,136081689
6365248828,137071477
6365487868,137562542
6365726908,137992224
6365965948,138243196
6366204988,138587796
6366444028,138889321
6366922108,139153155
6367161148,139384010
6367400188,139586008
6367639228,139762757
6521939548,159167412
6523134748,159646485
6523373788,159940674
6526600828,160073089
6526839868,160188952
6527078908,160415333
6527317948,160613416
6527556988,160661739
6527796028,160704021
6528274108,160866018
6528513148,160882765
6528752188,160897419
6528991228,160910241
6709705468,164296460
6710900668,167134402
6714127708,170117601
6714366748,172352900
6714605788,174308787
6714844828,175895188
6715083868,177408289
6715322908,178732252
6715800988,179890720
6716040028,180904380
6716279068,181791332
6716518108,182567415
6912291868,207746488
6913487068,207278177
6916475068,206618404
6916714108,206041103
6916953148,205535965
6917192188,205218969
6917431228,204816597
6917670268,204464522
6918148348,204281456
6918387388,203996274
6918626428,203746739
6918865468,203528396
7054281628,195837346
7058225788,189482677
7058464828,183547342
7058703868,178353924
7058942908,173809683
7059181948,169833472
7059420988,166354288
7059899068,163310002
7060138108,160646251
7060377148,158315469
7060616188,156276035
7217904508,174116530
7221370588,172726963
7221609628,171511092
7221848668,170447205
7222087708,169641304
7222326748,168811141
7222565788,168084748
7222924348,167449154
7223163388,166893009
7223402428,166406382
7223641468,165980584
7380571228,165608011
7380810268,164782009
7381049308,164184257
7381288348,163661224
7381527388,163078571
7381766428,162568749
7382124988,162247655
7382364028,161966698
7382603068,161595860
7382842108,161271377
7532839708,160112454
7533078748,159223397
7533317788,158320472
7533556828,157530413
7533795868,156839111
7534034908,156359222
7534273948,155814319
7534512988,155337529
7534752028,154920337
7683912988,173180294
7684152028,170532757
7684391068,168091162
7684630108,165954766
7684869148,164085420
7685108188,162574742
7685347228,161127899
7685586268,159861911
7685825308,158754172
7828651708,157034900
7828890748,155405537
7829129788,154104844
7829368828,152966738
7829607868,151970895
7829846908,150974533
7830085948,150227716
7830324988,149574251
7972314748,166752469
7972553788,163908410
7972792828,161419858
7973031868,159242375
7973270908,157337078
7973509948,155669943
7973748988,154211200
7973988028,152809800
8109404188,150833575
8109643228,149104378
8109882268,147591330
8110121308,146267413
8110360348,145108986
8110599388,144095362
8110838428,143208441
8245417948,159307385
8245656988,156393961
8245896028,153844715
8246135068,151739125
8246374108,149771734
8246613148,148050267
8246852188,146543983
8378085148,144850985
8378324188,143369611
8378563228,142073409
8378802268,140814232
8379041308,139837453
8379280348,138982771
8508122908,154359924
8508361948,151314933
8508600988,148650566
8508840028,146319245
8509079068,144404339
8509318108,142603796
8639833948,157278321
8640072988,154118530
8640312028,151353713
8640551068,148934498
8640790108,146817685
8641029148,144965474
8771664508,159594789
8771903548,156145440
8772142588,153127260
8772381628,150486352
8772620668,148175558
8772859708,146153613
8903375548,160634411
8903614588,157055109
8903853628,153923220
8904092668,151182817
8904331708,148784964
8904570748,146686843
9034847548,144725987
9035086588,143135238
9035325628,141743333
9035564668,140400416
9035803708,139225364
9036042748,138322193
9166558588,137531918
9166797628,136715428
9167036668,136125999
9167275708,135610249
9167514748,135158967
9167753788,134639096
9298150108,134309209
9298389148,134020557
9298628188,133642987
9298867228,133312613
9299106268,133148536
9299345308,133004969
9430100188,132879347
9430339228,132769428
9430578268,132673249
9430817308,132589092
9431056348,132515455
9431295388,132451023
9562050268,132394645
9562289308,132345314
9562528348,132302149
9562767388,132264380
9563006428,132231332
9563245468,132202415
9694000348,132177113
9694239388,132154973
9694478428,132135601
9694717468,132118650
9694956508,131978818
9695195548,131981465
9825950428,131858781
9826189468,131876433
9826428508,131891878
9826667548,131905393
9826906588,131917218
9827145628,131927565
9957900508,131936619
9958139548,131944541
9958378588,131951473
9958617628,131957538
9958856668,131962845
9959095708,131967489
10089731068,131971552
10089970108,131850108
10090209148,131868844
10090448188,131885238
10090687228,131899583
10090926268,131787135
10221681148,131813743
10221920188,131837025
10222159228,131857396
10222398268,131875221
10222637308,131890818
10222876348,131904465
10353750748,131916406
10353989788,131926855
10354228828,131935998
10354467868,131943998
10354706908,131950998
10354945948,131957123
10485939868,131962482
10486178908,132092171
10486417948,132080649
10486656988,132070567
10486896028,132061746
10487135068,132179027
10618128988,132281648
10618368028,132246442
10618607068,132215636
10618846108,132188681
10619085148,132290095
10619324188,132253833
10750318108,132222103
10750557148,132194340
10750796188,132170047
10751035228,132273791
10751274268,132239567
10751513308,132209621
10882626748,132183418
10882865788,132160490
10883104828,132265428
10883343868,132232249
10883582908,132203217
10883821948,132177814
11014815868,132155587
11015054908,132261138
11015293948,132228495
11015532988,132199933
11015772028,132174941
11016011068,132278073
11147004988,132368313
11147244028,132322273
11147483068,132281988
11147722108,132246739
11147961148,132215896
11148200188,132188909
11279194108,132165295
11279433148,132144633
11279672188,132126553
11279911228,132110733
11280150268,132221891
11280389308,132194154
11411502748,132169884
11411741788,132148648
11411980828,132130067
11412219868,132238808
11412458908,132208957
11412697948,132182837
11543930908,132159982
11544169948,132264984
11544408988,132356861
11544648028,132312253
11544887068,132273221
11545126108,132364068
11676359068,132443559
11676598108,132388114
11676837148,132339599
11677076188,132422149
11677315228,132494380
11677554268,132432582
11808787228,132378509
11809026268,132456195
11809265308,132524170
11809504348,132458648
11809743388,132401317
11809982428,132351152
11941334908,132432258
11941573948,132378225
11941812988,132330946
11942052028,132414577
11942291068,132487754
11942530108,132551784
12073763068,132482811
12074002108,132547459
12074241148,132604026
12074480188,132528522
12074719228,132462456
12074958268,132404649
12206191228,132479067
12206430268,132419183
12206669308,132366785
12206908348,132320936
12207147388,132405819
12207386428,132480091
12338619388,132420079
12338858428,132367569
12339097468,132446622
12339336508,132515794
12339575548,132451319
12339814588,132394904
12471167068,132470541
12471406108,132536723
12471645148,132469632
12471884188,132410928
12472123228,132484562
12472362268,132548991
12603834268,132480367
12604073308,132545321
12604312348,132602155
12604551388,132651885
12604790428,132570399
12605029468,132624099
12736501468,132671086
12736740508,132587200
12736979548,132513800
12737218588,132574575
12737457628,132627753
12737696668,132549283
12869168668,132605622
12869407708,132654919
12869646748,132698054
12869885788,132610797
12870124828,132659447
12870363868,132702016
13001955388,132614264
13002194428,132662481
13002433468,132704670
13002672508,132741586
13002911548,132648887
13003150588,132692776
13134622588,132731179
13134861628,132639781
13135100668,132684808
13135339708,132724207
13135578748,132758681
13135817788,132663845
13267289788,132705864
13267528828,132742631
13267767868,132649802
13268006908,132693576
13268245948,132731879
13268484988,132765394
13399956988,132669719
13400196028,132711004
13400435068,132747128
13400674108,132653737
13400913148,132572019
13401152188,132625516
13532743708,132672326
13532982748,132588285
13533221788,132639749
13533460828,132684780
13533699868,132724182
13533938908,132633659
13665649948,132679451
13665888988,132719519
13666128028,132754579
13666367068,132785256
13666606108,132812099
13666845148,132835586
13798556188,132856137
13798795228,132874119
13799034268,132889854
13799273308,132903622
13799512348,132915669
13799751388,132926210
13931462428,132935433
13931701468,132943503
13931940508,132825565
13932179548,132847369
13932418588,132866447
13932657628,132883141
14064488188,132897748
14064727228,132910529
14064966268,132921712
14065205308,132931498
14065444348,132940060
14065683388,132947552
14197394428,132954108
14197633468,132959844
14197872508,132964863
14198111548,132969255
14198350588,132973098
14198589628,132976460
14330300668,132979402
14330539708,132981976
14330778748,132984229
14331017788,132986200
14331256828,132987925
14331495868,132989434
14463206908,132990754
14463445948,132991909
14463684988,132992920
14463924028,132868805
14464163068,132885204
14464402108,132899553
14596232668,132912108
14596471708,132923094
14596710748,132932707
14596949788,132941118
14597188828,132948478
14597427868,132954918
14729377948,132960553
14729616988,132965483
14729856028,132969797
14730095068,133098572
14730334108,133086250
14730573148,133075468
14862523228,133066034
14862762268,133057779
14863001308,133175556
14863240348,133153611
14863479388,133134409
14863718428,133117607
14995668508,133102906
14995907548,133090042
14996146588,133078786
14996385628,133068937
14996624668,133060319
14996863708,133052779
15128694268,133046181
15128933308,133040408
15129172348,133035357
15129411388,133030937
15129650428,133027069
15129889468,133023685
15261839548,133020724
15262078588,133143133
15262317628,133125241
15262556668,133109585
15262795708,133095886
15263034748,133208900
15394984828,133182787
15395223868,133159938
15395462908,133139945
15395701948,133122451
15395940988,133107144
15396180028,133093751
15528130108,133207032
15528369148,133181153
15528608188,133158508
15528847228,133138694
15529086268,133246357
15529325308,133215562
15661394908,133188616
15661633948,133165039
15661872988,133144409
15662112028,133251357
15662351068,133219937
15662590108,133192444
15794779228,133168388
15795018268,133272339
15795257308,133363296
15795496348,133317884
15795735388,133278148
15795974428,133243379
15927924508,133212956
15928163548,133186336
15928402588,133163044
15928641628,133142663
15928880668,133124830
15929119708,133234226
16061308828,133329947
16061547868,133288703
16061786908,133252615
16062025948,133346038
16062264988,133427783
16062504028,133374310
16194812668,133327521
16195051708,133411580
16195290748,133485132
16195529788,133424490
16195768828,133371428
16196007868,133449999
16328196988,133518749
16328436028,133453905
16328675068,133397166
16328914108,133347520
16329153148,133429080
16329392188,133375445
16461461788,133328514
16461700828,133287449
16461939868,133251517
16462178908,133345077
16462417948,133301942
16462656988,133264199
16594846108,133231174
16595085148,133327277
16595324188,133411367
16595563228,133359946
16595802268,133314952
16596041308,133400583
16728349948,133475510
16728588988,133416071
16728828028,133364062
16729067068,133443554
16729306108,133513109
16729545148,133448970
16861853788,133392848
16862092828,133468742
16862331868,133535149
16862570908,133468255
16862809948,133409723
16863048988,133483507
16995477148,133548068
16995716188,133479559
16995955228,133419614
16996194268,133492162
16996433308,133555641
16996672348,133486185
17129220028,133550411
17129459068,133606609
17129698108,133655782
17129937148,133573809
17130176188,133627082
17130415228,133673696
17262723868,133589484
17262962908,133515798
17263201948,133576323
17263440988,133629282
17263680028,133550621
17263919068,133481793
17396347228,133546568
17396586268,133603247
17396825308,133527841
17397064348,133586860
17397303388,133638502
17397542428,133683689
17529970588,133598227
17530209628,133648448
17530448668,133692392
17530687708,133605843
17530926748,133530112
17531165788,133588848
17663713468,133640242
17663952508,133560211
17664191548,133615184
17664430588,133663286
17664669628,133705375
17664908668,133617203
17797575868,133665052
17797814908,133706920
17798053948,133743555
17798292988,133775610
17798532028,133803658
17798771068,133828200
17931318748,133849675
17931557788,133868465
17931796828,133759906
17932035868,133789917
17932274908,133816177
17932513948,133839154
18065181148,133859259
18065420188,133876851
18065659228,133892244
18065898268,133780713
18066137308,133808123
18066376348,133832107
18199163068,133853093
18199402108,133871456
18199641148,133887524
18199880188,133901583
18200119228,133913885
18200358268,133924649
18333025468,133934067
18333264508,133942308
18333503548,133949519
18333742588,133955829
18333981628,133836350
18334220668,133856806
18466887868,133749705
18467126908,133780991
18467365948,133808367
18467604988,133832321
18467844028,133853280
18468083068,133871620
18600750268,133887667
18600989308,133776708
18601228348,133804619
18601467388,133829041
18601706428,133850410
18601945468,133744108
18734732188,133776094
18734971228,133804082
18735210268,133828571
18735449308,133849999
18735688348,133868749
18735927388,133885155
18868833628,133899510
18869072668,134037071
18869311708,134032437
18869550748,134028382
18869789788,134024834
18870028828,134146729
19002935068,134128387
19003174108,134112338
19003413148,134098295
19003652188,134086008
19003891228,134075257
19004130268,134065849
19137036508,134182617
19137275548,134159789
19137514588,134139815
19137753628,134122338
19137992668,134107045
19138231708,134093664
19271257468,134081956
19271496508,134071711
19271735548,134062747
19271974588,134054903
19272213628,134173040
19272452668,134151410
19405358908,134132483
19405597948,134115922
19405836988,134101431
19406076028,134213752
19406315068,134187033
19406554108,134163653
19539460348,134143196
19539699388,134125296
19539938428,134109634
19540177468,134095929
19540416508,134083937
19540655548,134073444
19673561788,134064263
19673800828,134056230
19674039868,134174201
19674278908,134152425
19674517948,134133371
19674756988,134116699
19807782748,134102111
19808021788,134214347
19808260828,134187553
19808499868,134164108
19808738908,134143594
19808977948,134125644
19942123228,134234938
19942362268,134205570
19942601308,134179873
19942840348,134157388
19943079388,134262714
19943318428,134354874
20076463708,134310514
20076702748,134271699
20076941788,134237736
20077180828,134333019
20077419868,134291391
20077658908,134254967
20210804188,134223096
20211043228,134320209
20211282268,134405182
20211521308,134354534
20211760348,134310217
20211999388,134271439
20345264188,134362509
20345503228,134317195
20345742268,134277545
20345981308,134242851
20346220348,134337494
20346459388,134420307
20479604668,134367768
20479843708,134321797
20480082748,134406572
20480321788,134480750
20480560828,134420656
20480799868,134368074
20613945148,134322064
20614184188,134406806
20614423228,134355955
20614662268,134311460
20614901308,134272527
20615140348,134363461
20748285628,134443028
20748524668,134387649
20748763708,134339192
20749002748,134421793
20749241788,134494068
20749480828,134432309
20882745628,134378270
20882984668,134330986
20883223708,134414612
20883462748,134362785
20883701788,134317436
20883940828,134277756
21017325148,134368036
21017564188,134447031
21017803228,134391152
21018042268,134467258
21018281308,134533850
21018520348,134592118
21151904668,134518103
21152143708,134578340
21152382748,134631047
21152621788,134552166
21152860828,134483145
21153099868,134547751
21286484188,134604282
21286723228,134528746
21286962268,134462652
21287201308,134529820
21287440348,134588592
21287679388,134515018
21421183228,134575640
21421422268,134628685
21421661308,134675099
21421900348,134590711
21422139388,134641872
21422378428,134686638
21555762748,134600808
21556001788,134650707
21556240828,134694368
21556479868,134732572
21556718908,134641000
21556957948,134560875
21690342268,134615765
21690581308,134538794
21690820348,134471444
21691059388,134537513
21691298428,134595323
21691537468,134645907
21825041308,134690168
21825280348,134728897
21825519388,134762784
21825758428,134667436
21825997468,134584006
21826236508,134636005
21959859868,134556504
21960098908,134611941
21960337948,134660448
21960576988,134702892
21960816028,134740030
21961055068,134772526
22094678428,134800960
22094917468,134700840
22095156508,134738235
22095395548,134770955
22095634588,134799585
22095873628,134699636
22229496988,134737181
22229736028,134770033
22229975068,134673778
22230214108,134714555
22230453148,134750235
22230692188,134781455
22364435068,134808773
22364674108,134832676
22364913148,134853591
22365152188,134871892
22365391228,134887905
22365630268,134901916
22499253628,134914176
22499492668,134924904
22499731708,134934291
22499970748,134817504
22500209788,134840316
22500448828,134860276
22634072188,134877741
22634311228,134893023
22634550268,134906395
22634789308,134918095
22635028348,134928333
22635267388,134937291
22768890748,134820129
22769129788,134842612
22769368828,134862285
22769607868,134879499
22769846908,134769561
22770085948,134798365
22903828828,134823569
22904067868,134845622
22904306908,134864919
22904545948,134881804
22904784988,134896578
22905024028,134909505
23038886428,134920816
23039125468,134930714
23039364508,134939374
23039603548,134946952
23039842588,134953583
23040081628,134959385
23173944028,134964461
23174183068,134968903
23174422108,134972790
23174661148,134976191
23174900188,134979167
23175139228,134981771
23309001628,135109049
23309240668,135095417
23309479708,135083489
23309718748,135073052
23309957788,135063920
23310196828,135055930
23444178748,135048938
23444417788,135042820
23444656828,135037467
23444895868,135032783
23445134908,135153685
23445373948,135134474
23579236348,135117664
23579475388,135102956
23579714428,135090086
23579953468,135078825
23580192508,135068971
23580431548,135060349
23714293948,135052805
23714532988,135046204
23714772028,135040428
23715011068,135160374
23715250108,135140327
23715489148,135122786
23849351548,135107437
23849590588,135094007
23849829628,135082256
23850068668,135071974
23850307708,135062977
23850546748,135055104
23984528668,135048216
23984767708,135042189
23985006748,135161915
23985245788,135141675
23985484828,135123965
23985723868,135108469
24119825308,135094910
24120064348,135208046
24120303388,135182040
24120542428,135159285
24120781468,135139374
24121020508,135246952
24255121948,135341083
24255360988,135298447
24255600028,135261141
24255839068,135228498
24256078108,135324935
24256317148,135284318
24390418588,135248778
24390657628,135217680
24390896668,135190470
24391135708,135291661
24391374748,135255203
24391613788,135223302
24525834748,135195389
24526073788,135295965
24526312828,135383969
24526551868,135335972
24526790908,135293975
24527029948,135382228
24661131388,135459449
24661370428,135402017
24661609468,135351764
24661848508,135307793
24662087548,135394318
24662326588,135345028
24796428028,135301899
24796667068,135264161
24796906108,135231140
24797145148,135327247
24797384188,135286341
24797623228,135250548
24931724668,135219229
24931963708,135191825
24932202748,135292846
24932441788,135256240
24932680828,135224210
24932919868,135196183
25067140828,135296660
25067379868,135384577
25067618908,135336504
25067857948,135294441
25068096988,135382635
25068336028,135459805
25202681148,135402329
25202920188,135352037
25203159228,135433032
25203398268,135503903
25203637308,135440915
25203876348,135385800
25339416348,135587575
25339655388,135764128
25339894428,135793612
25340133468,135944410
25340372508,136076358
25340611548,136191813
25477222908,136417836
25477461948,136615606
25477700988,136788655
25477940028,136815073
25478179068,136963188
25478418108,137092789
25616941788,137331190
25617180828,137664791
25617419868,137956692
25617658908,138212105
25617897948,138310591
25618136988,138521767
25761082908,139331546
25761321948,139915102
25761560988,140425714
25761800028,140872499
25762039068,141388436
25762278108,141714881
25913829468,143000520
25914068508,144250455
25914307548,145344148
25914546588,146301129
25914785628,147013487
25915024668,147761801
26083906428,150541575
26084145468,152973878
26084384508,155102143
26084623548,156964375
26084862588,158593828
26085101628,160019599
26286253788,165392149
26286492828,169968130
26286731868,173972113
26286970908,177475598
26287209948,180666148
26287448988,183332879
26485254588,185291269
26485493628,187004860
26485732668,188504252
26485971708,189816220
26486210748,190964192
26680669788,216218668
26680908828,213566334
26681147868,211370542
26681386908,209449224
26681625948,207643071
26871901788,205562687
26872140828,203867351
26872379868,202258932
26872618908,200851565
27071739228,200745119
27071978268,200526979
27072217308,200461106
27072456348,200403467
27271457148,200353033
27271696188,200308903
27271935228,200145290
27272174268,200127128
27456354588,198236237
27456593628,196581707
27456832668,195133993
27457071708,193867243
27639459228,192508837
27639698268,191320232
27639937308,190280203
27640176348,189370177
27823161468,188698904
27823400508,188111541
27823639548,187597598
27823878588,187022898
28007939388,186645035
28008178428,186439405
28008417468,186259479
28008656508,186102044
28193195388,186089288
28193434428,185953127
28193673468,185833986
28193912508,185729737
28380005148,185888519
28380244188,186027454
28380483228,186149022
28380722268,186255394
28567532028,186348469
28567771068,186429910
28568010108,186626171
28568249148,186797899
28755417468,186948161
28755656508,187079640
28755895548,187069685
28756134588,187185974
28943661468,187287727
28943900508,187376761
28944139548,187579665
28944378588,187632206
29133459228,187928180
29133698268,188187157
29133937308,188288762
29134176348,188502666
29324452188,188814832
29324691228,189087978
29324930268,189326980
29325169308,189536107
29515445148,189719093
29515684188,189879206
29515923228,190019305
29516162268,190141891
29707633308,190374154
29707872348,190577384
29708111388,190880211
29708350428,191020184
29900897148,191267661
29901136188,191609203
29901375228,191783052
29901614268,191935170
30094997628,192193273
30095236668,192419113
30095475708,192616723
30095714748,192789632
30288620028,192940928
30288859068,192948312
30289098108,193079773
30289337148,193194801
30483557148,193420450
30483796188,193617893
30484035228,193790656
30484274268,193941824
30678255228,194074096
30678494268,194189834
30678733308,194166104
30678972348,194145341
30873550908,194252173
30873789948,194345651
30874028988,194552444
30874268028,194733388
31068368508,194766714
31068607548,194795874
31068846588,194696389
31069085628,194734340
31263305628,194767547
31263544668,194796603
31263783708,194822027
31264022748,194844273
31459318428,194988738
31459557468,195115145
31459796508,195225751
31460035548,195322532
31654972668,195282215
31655211708,195371938
31655450748,195450445
31655689788,195394139
31851104988,195594871
31851344028,195645512
31851583068,195689823
31851822108,195728595
32048312988,195887520
32048552028,196026580
32048791068,196148257
32049030108,196379724
32246118588,196582258
32246357628,196759475
32246596668,196914540
32246835708,196925222
32443087548,196934569
32443326588,196942747
32443565628,196949903
32443804668,196956165
32640654108,196961644
32640893148,196966438
32641132188,197095633
32641371228,197208678
32838220668,197307593
32838459708,197394143
32838698748,197344875
32838937788,197301765
33035189628,197264044
33035428668,197231038
33035667708,197202158
33035906748,197176888
33231441468,197029777
33231680508,196901054
33231919548,196788422
33232158588,196814869
33428888508,196838010
33429127548,196983258
33429366588,197110350
33429605628,197096556
33626216028,197209486
33626455068,197183300
33626694108,197160387
33626933148,197140338
33822945948,196997795
33823184988,196998070
33823424028,196998311
33823663068,196998522
34020273468,197123706
34020512508,197108242
34020751548,197094711
34020990588,197082872
34218437628,197197513
34218676668,197297823
34218915708,197385595
34219154748,197587395
34416362748,197638970
34416601788,197684098
34416840828,197723585
34417079868,197758136
34614168348,197788369
34614407388,197814822
34614646428,197837969
34614885468,197733222
34811734908,197641569
34811973948,197561372
34812212988,197616200
34812452028,197664175
35009420988,197706153
35009660028,197742883
35009899068,197650022
35010138108,197693769
35206270428,197607047
35206509468,197531166
35206748508,197464770
35206987548,197281673
35403717468,197246463
35403956508,197215655
35404195548,197313698
35404434588,197399485
35601881628,197474549
35602120668,197665230
35602359708,197707076
35602598748,197743691
35799806748,197775729
35800045788,197803762
35800284828,197828291
35800523868,197849754
35997492828,197868534
35997731868,197759967
35997970908,197664971
35998209948,197706849
36195776508,197743492
36196015548,197900555
36196254588,198037985
36196493628,198033236
36394538268,198154081
36394777308,198134820
36395016348,198242967
36395255388,198337596
36593419548,198420396
36593658588,198492846
36593897628,198431240
36594136668,198502335
36792181308,198564543
36792420348,198618975
36792659388,198666603
36792898428,198583277
36991301628,198635367
36991540668,198680946
36991779708,198720827
36992018748,198880723
37190541468,198895632
37190780508,198908678
37191019548,199045093
37191258588,199039456
37389064188,199034524
37389303228,199030208
37389542268,198901432
37389781308,198788753
37588901628,198815158
37589140668,198963263
37589379708,199092855
37589618748,199206248
37788978108,199305467
37789217148,199392283
37789456188,199468247
37789695228,199534716
37990010748,199842876
37990249788,199987516
37990488828,200114076
37990727868,200224816
38192119068,200446714
38192358108,200640874
38192597148,200810764
38192836188,200959418
38394227388,201089490
38394466428,201203303
38394705468,201302890
38394944508,201390028
38573985468,198591274
38574224508,196267364
38574463548,194233943
38574702588,192454700
38703784188,184647862
38704023228,177816879
38704262268,171839769
38704501308,166609797
38835136668,162283572
38835375708,158373125
38835614748,154951484
38835853788,151957548
38966608668,149337854
38966847708,147045622
38967086748,145164919
38967325788,143519304
39099275868,142204391
39099514908,141053842
39099753948,139922111
39099992988,138931847
39233018748,138315366
39233257788,137775945
39233496828,137303951
39233735868,136890957
39368315388,136654587
39368554428,136447763
39368793468,136266792
39369032508,136233443
39504568188,136204262
39504807228,136178729
39505046268,136281387
39505285308,136246213
39642494268,136465436
39642733308,136657256
39642972348,136700099
39643211388,136862586
39781854588,137129762
39782093628,137488541
39782332668,137802473
39782571708,137952163
39921932028,138208142
39922171068,138432124
39922410108,138628108
39922649148,138799594
40063204668,139199644
40063443708,139424688
40063682748,139621602
40063921788,139793901
40205672508,140069663
40205911548,140310955
40206150588,140647085
40206389628,140941199
40348857468,141198549
40349096508,141548730
40349335548,141730138
40349574588,141888870
40492998588,142152761
40493237628,142383665
40493476668,142585706
40493715708,142762492
40637617788,143042180
40637856828,143161907
40638095868,143391668
40638334908,143592709
40783193148,143893620
40783432188,144156917
40783671228,144262302
40783910268,144354514
40929724668,144560199
40929963708,144740174
40930202748,145022652
40930441788,145269820
41076973308,145486092
41077212348,145800330
41077451388,145950288
41077690428,146081502
41225058588,146446314
41225297628,146640524
41225536668,146810458
41225775708,146959150
41373741468,147089256
41373980508,147203099
41374219548,147427711
41374458588,147624247
41523141468,147921216
41523380508,148181064
41523619548,148283431
41523858588,148373002
41673139068,148576376
41673378108,148754329
41673617148,148910037
41673856188,149046282
41823734268,149165496
41823973308,149269809
41824212348,149486082
41824451388,149675321
41975046588,149965905
41975285628,150220166
41975524668,150317645
41975763708,150402939
42126597948,150477571
42126836988,150542874
42127076028,150725014
42127315068,150884387
42278746908,151023838
42278985948,151145858
42279224988,151252625
42279464028,151346046
42431493468,151552790
42431732508,151733691
42431971548,151766979
42432210588,151921106
42584598588,152055967
42584837628,152173971
42585076668,152402224
42585315708,152476946
42738420828,152667327
42738659868,152833911
42738898908,152854672
42739137948,152997838
42892362588,153123108
42892601628,153232719
42892840668,153328629
42893079708,153412550
43046782428,153485981
43047021468,153675233
43047260508,153840828
43047499548,153860724
43201560828,154003133
43201799868,154002741
43202038908,154127398
43202277948,154236473
43356697788,154331913
43356936828,154415423
43357175868,154488495
43357414908,154552433
43512312828,154733378
43512551868,154891705
43512790908,154905241
43513029948,155042085
43667927868,155036824
43668166908,155157221
43668405948,155262568
43668644988,155229747
43823781948,155326028
43824020988,155410274
43824260028,155483989
43824499068,155548490
43980114108,155729928
43980353148,155763687
43980592188,155793226
43980831228,155819072
44136804828,155841688
44137043868,155986477
44137282908,156113167
44137521948,156224021
44293495548,156321018
44293734588,156280890
44293973628,156245778
44294212668,156340055
44450186268,156422548
44450425308,156494729
44450664348,156557887
44450903388,156488151
44607235548,156552132
44607474588,156608115
44607713628,156657100
44607952668,156699962
44764404348,156737466
44764643388,156770282
44764882428,156798996
44765121468,156949121
44921931708,156955480
44922170748,157086045
44922409788,157200289
44922648828,157175252
45079339548,157278345
45079578588,157243551
45079817628,157213107
45080056668,157311468
45236866908,157272534
45237105948,157363467
45237344988,157443033
45237584028,157387653
45394513788,157464196
45394752828,157406171
45394991868,157355399
45395230908,157435974
45552399708,157506477
45552638748,157568167
45552877788,157622146
45553116828,157669377
45710285628,157710704
45710524668,157746866
45710763708,157778507
45711002748,157806193
45868052028,157830418
45868291068,157851615
45868530108,157870163
45868769148,157761392
46025937948,157666218
46026176988,157707940
46026416028,157744447
46026655068,157776391
46183943388,157804342
46184182428,157828799
46184421468,157850199
46184660508,157868924
46341948828,157885308
46342187868,157899644
46342426908,157912188
46342665948,157923164
46500073788,158057768
46500312828,158050547
46500551868,158044228
46500790908,158038699
46658079228,158033861
46658318268,158029628
46658557308,158025924
46658796348,158022683
46816204188,158019847
46816443228,158017366
46816682268,158015195
46816921308,158013295
46974448668,158011633
46974687708,158010178
46974926748,158008905
46975165788,158132791
47132812668,158116192
47133051708,158226668
47133290748,158323334
47133529788,158282917
47291057148,158372552
47291296188,158325983
47291535228,158285235
47291774268,158249580
47449301628,158218382
47449540668,158191084
47449779708,158167198
47450018748,158271298
47607665628,158237385
47607904668,158207711
47608143708,158306747
47608382748,158268403
47766149148,158359852
47766388188,158439870
47766627228,158384886
47766866268,158336775
47924752188,158294678
47924991228,158257843
47925230268,158350612
47925469308,158431785
48083235708,158502811
48083474748,158564959
48083713788,158494339
48083952828,158432546
48241838748,158378477
48242077788,158456167
48242316828,158524146
48242555868,158583627
48400680828,158635673
48400919868,158556213
48401158908,158611686
48401397948,158660225
48559761948,158702696
48560000988,158864859
48560240028,158881751
48560479068,158896532
48718962588,158909465
48719201628,158920781
48719440668,158930683
48719679708,158939347
48878163228,159071928
48878402268,159062937
48878641308,159055069
48878880348,159048185
49037602908,159042161
49037841948,159036890
49038080988,159157278
49038320028,159262618
49197162108,159354790
49197401148,159435441
49197640188,159381010
49197879228,159333383
49356960348,159291710
49357199388,159380246
49357438428,159457715
49357677468,159525500
49516997628,159584812
49517236668,159636710
49517475708,159682121
49517714748,159721855
49677034908,159881623
49677273948,159896420
49677512988,159909367
49677752028,159920696
49837550268,159930609
49837789308,159939282
49838028348,160071871
49838267388,160187887
49998424188,160289401
49998663228,160378225
49998902268,160330946
49999141308,160414577
50159656668,160487754
50159895708,160551784
50160134748,160732811
50160373788,160766209
50321128188,160920432
50321367228,161055378
50321606268,161048455
50321845308,161042398
50482719228,161037098
50482958268,161032460
50483197308,161153402
50483436348,161259226
50644788348,161351822
50645027388,161557844
50645266428,161613113
50645505468,161661473
50807455068,161828788
50807694108,161850189
50807933148,161868915
50808172188,162010300
50970480348,162134012
50970719388,162242260
50970958428,162336977
50971197468,162419854
51133983708,162492372
51134222748,162680825
51134461788,162845721
51134700828,162865005
51298084668,163131879
51298323708,163240394
51298562748,163335344
51298801788,163418426
51462663708,163491122
51462902748,163554731
51463141788,163735389
51463380828,163893465
51627601308,164031781
51627840348,164152808
51628079388,164258707
51628318428,164351368
51793136508,164557447
51793375548,164737766
51793614588,164770545
51793853628,164799226
51959030268,164949322
51959269308,165080656
51959508348,165195574
51959747388,165296127
52125641148,165384111
52125880188,165461097
52126119228,165653459
52126358268,165821776
52293208188,166094054
52293447228,166332297
52293686268,166415759
52293925308,166488789
52461611868,166677690
52461850908,166842978
52462089948,167112605
52462328988,167348529
52630613148,167554962
52630852188,167735591
52631091228,167893642
52631330268,168031936
52800570588,168277944
52800809628,168493201
52801048668,168681550
52801287708,168846356
52971364668,169115561
52971603708,169351115
52971842748,169432225
52972081788,169628196
53143234428,169924671
53143473468,170184087
53143712508,170411076
53143951548,170484691
53316179868,170799104
53316418908,171074216
53316657948,171314939
53316896988,171525571
53490081468,171834874
53490320508,172105514
53490559548,172342324
53490798588,172549533
53665058748,172855841
53665297788,173123860
53665536828,173358377
53665775868,173563579
53841470268,173868131
53841709308,174134614
53841948348,174367787
53842187388,174696813
54019196508,175109711
54019435548,175470997
54019674588,175787122
54019913628,175938731
54198117948,176321389
54198356988,176656215
54198596028,176949188
54198835068,177205539
54378354108,177554846
54378593148,177860490
54378832188,178127928
54379071228,178486937
54560383068,178926069
54560622108,179310310
54560861148,179646521
54561100188,179940705
54743846268,180323116
54744085308,180782726
54744324348,181184885
54744563388,181411774
54929102268,181985302
54929341308,182362139
54929580348,182691871
54929819388,182980387
55115553468,183357838
55115792508,183688108
55116031548,184102094
55116270588,184464332
55304156028,185031290
55304395068,185527378
55304634108,185836455
55304873148,186106898
55494670908,186593535
55494909948,187019343
55495148988,187516925
55495388028,187952309
55686859068,188458270
55687098108,189025986
55687337148,189397737
55687576188,189723019
55880122908,190257641
55880361948,190600435
55880600988,190900380
55880840028,191162832
56077091868,191892478
56077330908,192530918
56077569948,193089553
56077808988,193578358
56277287868,194381063
56277526908,195083430
56277765948,195698001
56278004988,196360750
56480113308,197190656
56480352348,197916824
56480591388,198552221
56480830428,198983193
56682460668,199360293
56682699708,199690256
56682938748,199978974
56683177788,200356602
56847398268,195937026
56847637308,192069897
56847876348,188686159
56848115388,185725389
57007913628,182509715
57008152668,179821000
57008391708,177468375
57008630748,175284828
57174285468,174249224
57174524508,173218071
57174763548,172315812
57175002588,171651335
57341732988,171069918
57341972028,170561178
57342211068,170241030
57342450108,169835901
57510375708,169731413
57510614748,169639986
57510853788,169434987
57511092828,169380613
57681050268,169583036
57681289308,169760156
57681528348,169915136
57681767388,169925744
57853517628,170185026
57853756668,170411897
57853995708,170610409
57854234748,170909107
58028136348,171420468
58028375388,171867909
58028614428,172259420
58028853468,172476992
58205384508,173042368
58205623548,173537072
58205862588,173969938
58206101628,174473695
58385262108,175164483
58385501148,175768922
58385740188,176297806
58385979228,176635580
58567291068,177306132
58567530108,177892865
58567769148,178406256
58568008188,178980474
58751232348,179607914
58751471388,180156924
58751710428,180637308
58751949468,180932644
58937444508,181566063
58937683548,182120305
58937922588,182605266
58938161628,183154607
59124134748,183635281
59124373788,184055870
59124612828,184423886
59124851868,184620900
59312378748,185043287
59312617788,185412876
59312856828,185736266
59313095868,186144232
59501578908,186501203
59501817948,186813552
59502056988,187211858
59502296028,187435375
59692571868,187880953
59692810908,188270833
59693049948,188611978
59693288988,188910480
59884042908,189296670
59884281948,189634586
59884520988,189805262
59884760028,189954604
60077067708,190335278
60077306748,190668368
60077545788,190959822
60077784828,191214844
60271526748,191562988
60271765788,191867614
60272004828,192259162
60272243868,192601766
60466822428,192901545
60467061468,193288851
60467300508,193502744
60467539548,193689901
60663910908,194103663
60664149948,194465705
60664388988,194782491
60664628028,195059679
60861836028,195427219
60862075068,195748816
60862314108,196030214
60862553148,196276437
61061314908,196741882
61061553948,197024146
61061792988,197271127
61062032028,197612236
61261391388,197910706
61261630428,198171867
61261869468,198400383
61262108508,198600335
61461706908,198775293
61461945948,198928381
61462184988,199187333
61462424028,199288916
61663098108,199627801
61663337148,199924325
61663576188,200058784
61663815228,200176436
61864369788,200279381
61864608828,200369458
61864847868,200448275
61865086908,200642240
62066836668,200811960
62067075708,201085465
62067314748,201324781
62067553788,201409183
62269542588,201608035
62269781628,201657030
62270020668,201824901
62270259708,201971788
62472128988,202100314
62472368028,202212774
62472607068,202186177
62472846108,202162904
62645074428,198517541
62645313468,195327848
62645552508,192536867
62787303228,207844758
62787542268,199614163
62787781308,192412392
62924870748,203235843
62925109788,195081362
62925348828,187946191
63064111548,199077917
63064350588,191693177
63064589628,185106529
63203949948,196718212
63204188988,189628435
63204428028,183424880
63345581148,195621770
63345820188,188919048
63346059228,183054167
63487331868,195547396
63487570908,188853971
63487809948,182997224
63630516828,195622571
63630755868,189044749
63630994908,183289155
63775375068,196378010
63775614108,189955758
63775853148,184336288
63921189468,197669252
63921428508,191210595
63921667548,185559270
64067840508,198864361
64068079548,192381315
64068318588,186708650
64215806268,200120068
64216045308,193730059
64216284348,188013801
64364369628,201512075
64364608668,194948065
64364847708,189079556
64513650108,202569611
64513889148,195873409
64514128188,190139232
64663528188,203746828
64663767228,197028474
64664006268,191274914
64814123388,204865549
64814362428,198132355
64814601468,192240810
64965316188,205835708
64965555228,198981244
64965794268,192983588
65117226108,206735639
65117465148,199893684
65117704188,193906973
65269733628,207668601
65269972668,200710025
65270211708,194746271
65422719228,208527987
65422958268,201586988
65423197308,195638614
65576421948,209433787
65576660988,202504563
65576900028,196441492
65730483228,210261305
65730722268,203228641
65730961308,197075060
65885261628,211065677
65885500668,204057467
65885739708,197925283
66040398588,211934622
66040637628,204817794
66040876668,198590569
66196013628,212641747
66196252668,205561528
66196491708,199366337
66351987228,213320544
66352226268,206155476
66352465308,199886041
66508438908,213900285
66508677948,206787749
66508916988,200439280
66665129628,214509370
66665368668,207320698
66665607708,201030610
66822059388,215151783
66822298428,207882810
66822537468,201522458
66979467228,215582150
66979706268,208259381
66979945308,201851958
67137353148,215995463
67137592188,208746030
67137831228,202402776
67295239068,216602429
67295478108,209277125
67295717148,202867484
67453364028,217009048
67453603068,209632917
67453842108,203178802
67611728028,217281451
67611967068,209871269
67612206108,203512360
67770570108,217698315
67770809148,210361025
67771048188,204065896
67929412188,218182659
67929651228,210784826
67929890268,204311722
68088373788,218397756
68088612828,210973036
68088851868,204476406
68247693948,218666855
68247932988,211208498
68248172028,204807435
68407014108,219081505
68407253148,211696316
68407492188,205234276
68566334268,219329991
68566573308,211788742
68566812348,205190149
68725893468,219291380
68726132508,211879957
68726371548,205394962
68885691708,219595591
68885930748,212146142
68886169788,205627874
69045370428,219799389
69045609468,212324465
69045848508,205783906
69205168668,219935917
69205407708,212443927
69205646748,205888436
69364847388,220027381
69365086428,212523958
69365325468,205958463
69524645628,220088655
69524884668,212577573
69525123708,206005376
69684563388,220129704
69684802428,212613491
69685041468,206161804
69844600668,220266578
69844839708,212733255
69845078748,206266598
70004518428,220358273
70004757468,212813488
70004996508,206211802
70164436188,220310326
70164675228,212771535
70164914268,206175093
70324473468,220403206
70324712508,212852805
70324951548,206246204
70484630268,220465428
70484869308,212907249
70485108348,206418842
70644906588,220616486
70645145628,213164425
70645384668,206643871
70805063388,220813387
70805302428,213336713
70805541468,206669623
70965339708,220835920
70965578748,213231430
70965817788,206577501
71125735548,220755313
71125974588,213160898
71126213628,206640785
71286131388,220935686
71286370428,213443725
71286609468,206888259
71446646748,221027226
71446885788,213398822
71447124828,206848969
71607162108,221117847
71607401148,213603116
71607640188,207027726
71767916508,221149260
71768155548,213630602
71768394588,207051776
71928909948,221295304
71929148988,213883391
71929388028,207272967
72089903388,221488846
72090142428,214052740
72090381468,207421147
72250896828,221618503
72251135868,214166190
72251374908,207520416
72412129308,221830364
72412368348,214351568
72412607388,207682622
72573481308,221972294
72573720348,214350757
72573959388,207681912
72735191868,222096673
72735430908,214584588
72735669948,208011514
72897141468,222510074
72897380508,214946314
72897619548,208328024
73059091068,222787021
73059330108,215188643
73059569148,208540062
73221518748,222972554
73221757788,215350984
73221996828,208682111
73384304988,223221847
73384544028,215694116
73384783068,209107351
73547330268,223718932
73547569308,216129065
73547808348,209487931
73710833628,224051939
73711072668,216545446
73711311708,209977265
73874336988,224605106
73874576028,217029467
73874815068,210275783
74038318428,224866310
74038557468,217258021
74038796508,210600768
74202897468,225275672
74203136508,217741213
74203375548,211148561
74367835068,225879990
74368074108,218394991
74368313148,211720617
74533250748,226505539
74533489788,218942346
74533728828,212199552
74699144508,227049608
74699383548,219418407
74699622588,212741106
74865516348,227648467
74865755388,219942408
74865994428,213199607
75032246748,228174656
75032485788,220527824
75032724828,213836846
75199694268,228857240
75199933308,221125085
75200172348,214484449
75367619868,229548892
75367858908,221855280
75368097948,215248370
75536262588,230342323
75536501628,222674532
75536740668,215965215
75705622428,231094563
75705861468,223332742
75706100508,216666149
75875938428,231957880
75876177468,224338145
75876416508,217670876
76046971548,232962016
76047210588,225341764
76047449628,218549043
76218721788,233980412
76218960828,226232860
76219199868,219453752
76391547708,235022033
76391786748,227269278
76392025788,220610618
76565329788,236284290
76565568828,228498753
76565807868,221686408
76740187548,237475607
76740426588,229666156
76740665628,222832886
76916001468,238853775
76916240508,230997053
76916479548,224122421
77093249628,240232118
77093488668,232328103
77093727708,225412090
77271812508,241610578
77272051548,233784255
77272290588,226936223
77451690108,243319195
77451929148,235404295
77452168188,228478758
77632762908,244918913
77633001948,237054048
77633240988,230172292
77815269948,246775755
77815508988,238803785
77815748028,231703311
77999450268,248490397
77999689308,240429097
77999928348,233375459
78185303868,250453526
78185542908,242396835
78185781948,235347230
78372352668,252553826
78372591708,244359597
78372830748,237189647
78561194268,254540941
78561433308,246348323
78561672348,239179782
78752306748,233157309
78752545788,227887645
78752784828,223276689
78943777788,219242102
78944016828,215836839
78944255868,212857234
79138236828,210625079
79138475868,208546944
79138714908,206728576
79335803388,205512504
79336042428,204573441
79336281468,203751760
79536238428,203407790
79536477468,202981816
79536716508,202609089
79738346748,202532952
79738585788,202466333
79738824828,202408041
79916909628,224607035
79917148668,218906155
79917387708,213917885
80062245948,227678149
80062484988,217468380
80062724028,208409832
80206148028,218483603
80206387068,209173152
80206626108,201026508
80351842908,212023194
80352081948,203770294
80352320988,196549007
80499330588,208605381
80499569628,201029708
80499808668,194275994
80648969628,206991494
80649208668,199867557
80649447708,193634112
80800401468,207054848
80800640508,200172992
80800879548,194026368
80953865148,207773072
80954104188,201051438
80954343228,195170008
81109002108,209398757
81109241148,202723912
81109480188,196758423
81266170908,211163620
81266409948,204393167
81266648988,198469021
81424893468,213035393
81425132508,206280968
81425371548,200370847
81585408828,215199491
81585647868,208424554
81585886908,202371484
81747597468,217325048
81747836508,210409417
81748075548,204483239
81911339868,219672834
81911578908,212713729
81911817948,206624512
82076636028,221796448
82076875068,214696892
82077114108,208609780
82243366428,224033557
82243605468,216904362
82243844508,210666316
82411650588,226083026
82411889628,218822647
82412128668,212594816
82581368988,228270464
82581608028,220986656
82581847068,214613324
82752402108,230286658
82752641148,222875825
82752880188,216391346
82924630428,232217427
82924869468,224690248
82925108508,218228967
83098292988,234200346
83098532028,226675302
83098771068,220090889
83273270268,236079527
83273509308,228444586
83273748348,221764012
83449442748,237918510
83449681788,230178696
83449920828,223406359
83626451868,239605564
83626690908,231779868
83626929948,224932384
83804775708,241190836
83805014748,233416981
83805253788,226614858
83984055708,243038000
83984294748,235158250
83984533788,228138468
84164411388,244496159
84164650428,236434139
84164889468,229379871
84345484188,245832387
84345723228,237728338
84345962268,230637295
84527632668,247182633
84527871708,239034803
84528110748,232030452
84710498268,248651645
84710737308,240445189
84710976348,233264540
84894200508,249856472
84894439548,241624413
84894678588,234421361
85078500348,251118690
85078739388,242728853
85078978428,235387746
85262800188,251964277
85263039228,243593742
85263278268,236269524
85448653788,252985833
85448892828,244487603
85449131868,237176652
85634985468,230779570
85635224508,225307123
85635463548,220393732
85821317148,216219515
85821556188,212442075
85821795228,209136815
86008007388,206369713
86008246428,203948498
86008485468,201829935
86195892828,199976193
86196131868,198479168
86196370908,197169272
86384973468,196148113
86385212508,195254598
86385451548,194472773
86573695548,217288676
86573934588,213752591
86574173628,210658517
86762417628,231451202
86762656668,226144801
86762895708,221501700
86952334908,241063987
86952573948,234680988
86952812988,229095864
87142969308,247958881
87143208348,240839020
87143447388,234609142
87332767068,252782999
87333006108,245060124
87333245148,238177608
87523042908,255905407
87523281948,247792231
87523520988,240568202
87713557788,257997176
87713796828,249497529
87714035868,242185337
87905028828,235912169
87905267868,230423147
87905506908,225495253
88095782748,221058346
88096021788,217301052
88096260828,214013420
88286058588,211136742
88286297628,208494649
88286536668,206182817
88477171068,204284964
88477410108,202624343
88477649148,201171300
88669000668,200024887
88669239708,199021776
88669478748,198144054
88860591228,197251047
88860830268,196469666
88861069308,195910957
89052181788,219297087
89052420828,215884951
89052659868,212899332
89243533308,234036915
89243772348,228657300
89244011388,224075137
89435482428,243940744
89435721468,237448151
89435960508,231767132
89627192508,250671240
89627431548,243337335
89627670588,236920168
89818783068,255180147
89819022108,247282628
89819261148,240372299
90010493148,234325761
90010732188,228910040
90010971228,224171285
90202203228,220149874
90202442268,216631139
90202681308,213552246
90394391388,210858215
90394630428,208500938
90394869468,206438320
90586699068,204633530
90586938108,203054338
90587177148,201797545
90778170108,200572851
90778409148,199501244
90778648188,198438588
90970238748,197633764
90970477788,196929543
90970716828,196313350
91162426908,219774181
91162665948,216302408
91162904988,213264607
91355212668,234731531
91355451708,229515089
91355690748,224950702
91547998428,244956864
91548237468,238462256
91548476508,232779474
91739708508,251682039
91739947548,244221784
91740186588,237694061
91932613788,255982303
91932852828,248109515
91933091868,241345825
92125638588,259302596
92125877628,251014771
92126116668,243762924
92318663388,237417558
92318902428,231865363
92319141468,227007192
92511329628,222756293
92511568668,219036756
92511807708,215657161
92705430108,212950015
92705669148,210581263
92705908188,208508605
92899411068,206695029
92899650108,205108150
92899889148,203719631
93093511548,202504677
93093750588,201441592
93093989628,200511393
93287851068,223947468
93288090108,220329034
93288329148,217162904
93482907708,238642541
93483146748,233312223
93483385788,228523195
93678083868,248707795
93678322908,242119320
93678561948,236229405
93873857628,255450729
93874096668,248019387
93874335708,241516963
94070228988,260327342
94070468028,252411424
94070707068,245359996
94266839388,239189996
94267078428,233916246
94267317468,229301715
94463569308,225264000
94463808348,221606000
94464047388,218530250
94660896828,215838968
94661135868,213609097
94661374908,211532959
94859778108,209966339
94860017148,208595546
94860256188,207396102
95059017948,206471589
95059256988,205537640
95059496028,204720435
95258496828,204005380
95258735868,203379707
95258974908,202832243
95459094428,227478212
95459409948,224168435
95459648988,221272380
95459888028,218738332
95662115868,216771040
95662354908,215049660
95662593948,213543452
95862713468,237225520
95864463228,232822330
95864702268,228969538
95864941308,225598345
96019480668,217023551
96019719708,209270607
96019958748,202486781
96188123388,217675933
96188362428,211591441
96188601468,206267510
96345053148,221234071
96345292188,213204812
96345531228,206179210
96503656188,219781808
96503895228,212059082
96504134268,205426696
96665008188,219748359
96665247228,212529814
96665486268,206213587
96828392028,220936888
96828631068,213694777
96828870108,207357929
96994405308,222563187
96994644348,215492788
96994883388,209306189
97162211388,224892915
97162450428,217781300
97162689468,211558637
97332049308,227363807
97332288348,220193331
97332527388,213919164
97504158108,229929268
97504397148,222688109
97504636188,216352095
97678179228,232558083
97678418268,225238322
97678657308,218833531
97853634588,235104339
97853873628,227591296
97854112668,221142384
98031002268,237624586
98031241308,230171512
98031480348,223650073
98209923708,240068813
98210162748,232435211
98210401788,225755809
98390637948,242411332
98390876988,234734915
98391116028,228018050
98573025468,244890793
98573264508,237154443
98573503548,230385137
98756608188,247211994
98756847228,239185494
98757086268,232287307
98941744668,249251393
98941983708,241219968
98942222748,234317472
99128076348,251402788
99128315388,243352439
99128554428,236308384
99315961788,253394836
99316200828,245220481
99316439868,238067920
99504683868,255309430
99504922908,246895751
99505161948,239658782
99694720668,233451434
99694959708,228020004
99695198748,223267503
99885116028,219234065
99885355068,215704806
99885594108,212491705
