1100060504,100000000
1212377508,101500000
1213094628,102937500
1213696548,104195312
1214413668,105420898
1215015588,106618285
1317237104,120415999
1318193264,118613999
1318432304,116912249
1319268944,115548217
1320225104,114479689
1320464144,113419727
1321300784,112492261
1426207900,124805728
1426446940,122830012
1427403100,121101260
1427642140,119588602
1427881180,118265026
1429195900,117231897
1430510620,116452909
1430749660,115646295
1430988700,114940508
1431944860,114447944
1432183900,114016951
1526692776,112264832
1527648936,110731728
1527887976,109390262
1528127016,108341479
1529441736,107298794
1530875976,106386444
1531115016,105713138
1531354056,105123995
1532190696,104608495
1532429736,104032433
1626938612,103528378
1628014292,103212330
1628253332,102935788
1628492372,102568814
1629687572,102247712
1631241332,102091748
1631480372,101830279
1631719412,101601494
1632436532,101401307
1632675572,101226143
1728857728,113072875
1730172448,111938765
1730411488,110696419
1730650528,109609366
1731965248,108783195
1733399488,108185295
1733638528,107412133
1733877568,106735616
1734116608,106268664
1734833728,105735081
1735072768,105393195
1829342604,104844045
1830657324,104238539
1830896364,103708721
1831135404,103370130
1832689164,103073863
1834123404,102814630
1834362444,102587801
1834601484,102389325
1834840524,102215659
1835557644,102063701
1835796684,101930738
1931381240,113689395
1932935000,112353220
1933174040,111184067
1933413080,110161058
1934966840,109265925
1936401080,108607684
1936640120,107781723
1936879160,107059007
1937118200,106551631
1937357240,106107677
1938074360,105719217
1938313400,105379314
2032105156,104831899
2033539396,104352911
2033778436,103808797
2034017476,103457697
2035810276,103150484
2037244516,102881673
2037483556,102646463
2037722596,102440655
2037961636,102260573
2038200676,102103001
2038917796,101965125
2039156836,101844484
2134143792,113613923
2135578032,112287182
2135817072,111001284
2136056112,110001123
2137848912,109125982
2139283152,108485234
2139522192,107674579
2139761232,106965256
2140000272,106469599
2140239312,106035899
2140478352,105531411
2141195472,105214984
2141434512,104813111
2234748188,104211472
2236182428,103810038
2236421468,103458783
2236660508,103026435
2238692348,102773130
2240126588,102551488
2240365628,102357552
2240604668,102187858
2240843708,102039375
2241082748,101909453
2241321788,101795771
2242038908,101821299
2242277948,101718636
2338132988,113628806
2339686748,112550205
2339925788,111356429
2340164828,110436875
2342077148,109882265
2342316188,109146981
2343750428,108378608
2343989468,107706282
2344228508,107242996
2344467548,106837621
2344706588,106357918
2344945628,105938178
2345782268,105570905
2346021308,105374541
2443908188,105327723
2445700988,105411757
2445940028,105485287
2446179068,105549626
2448091388,105605922
2448330428,105655181
2449764668,105823283
2450003708,105970372
2450242748,106099075
2450481788,106086690
2450720828,106075853
2450959868,106066371
2452035548,106308074
2452274588,106394564
2554822748,119095243
2556496028,118333337
2556735068,117416669
2556974108,116614585
2558886428,116037761
2559125468,115408040
2560559708,114982035
2560798748,114484280
2561037788,114048745
2561276828,113667651
2561515868,113334194
2561754908,113042419
2562711068,112912116
2562950108,112548101
2665020188,125104588
2666693468,123466514
2666932508,121783199
2667171548,120435299
2669083868,119505886
2669322908,118442650
2670757148,117512318
2670996188,116573278
2671235228,115876618
2671474268,115142040
2671713308,114499285
2671952348,113936874
2672908508,113569764
2673147548,113248543
2774261468,125592475
2775934748,123643415
2776173788,121937988
2776412828,120445739
2778325148,119265021
2778564188,117981893
2779998428,116984156
2780237468,116111136
2780476508,115347244
2780715548,114553838
2780954588,113859608
2781193628,113377157
2782149788,113080012
2782388828,112695010
2883502748,124858133
2885176028,123125866
2885415068,121485132
2885654108,119924490
2887566428,118808928
2887805468,117582812
2889239708,116759960
2889478748,115914965
2889717788,115050594
2889956828,114294269
2890195868,113757485
2890434908,113287799
2891391068,112876824
2891630108,112392221
2992744028,124593193
2994417308,122894043
2994656348,121157287
2994895388,119637626
2996807708,118557922
2997046748,117488181
2998480988,116677158
2998720028,115717513
2998959068,114877823
2999198108,114268095
2999437148,113734583
2999676188,113142760
3000632348,112749915
3000871388,112281175
3101985308,124496028
3103658588,122809024
3103897628,121082896
3104136668,119697534
3106048988,118735342
3106288028,117643424
3107722268,116687996
3107961308,115726996
3108200348,115011121
3108439388,114384730
3108678428,113711638
3108917468,113122683
3109873628,112732347
3110112668,112390803
3211226588,124716952
3212899868,123002333
3213138908,121377041
3213377948,119954910
3215290268,118835546
3215529308,117606102
3216963548,116655339
3217202588,115823421
3217441628,115095493
3217680668,114333556
3217919708,113666861
3218158748,113208503
3219114908,112932440
3219353948,112565885
3320467868,124745149
3322141148,123027005
3322380188,121398629
3322619228,119848800
3324531548,118742700
3324770588,117524862
3326204828,116709254
3326443868,115870597
3326682908,115011772
3326921948,114260300
3327160988,113727762
3327400028,113261791
3328356188,112854067
3328595228,112372308
3429709148,124575769
3431382428,122878797
3431621468,121143947
3431860508,119625953
3433772828,118547708
3434011868,117479244
3435446108,116669338
3435685148,115710670
3435924188,114871836
3436163228,114262856
3436402268,113729999
3436641308,113138749
3437597468,112746405
3437836508,112278104
3538950428,124493341
3540623708,122806673
3540862748,121080838
3541101788,119695733
3543014108,118733766
3543253148,117642045
3544687388,116686789
3544926428,115725940
3545165468,115010197
3545404508,114383922
3545643548,113710931
3545882588,113122064
3546838748,112731806
3547077788,112390330
3648191708,124716538
3649864988,123001970
3650104028,121376723
3650343068,119954632
3652255388,118835303
3652494428,117605890
3653928668,116655153
3654167708,115823258
3654406748,115095350
3654645788,114333431
3654884828,113666752
3655123868,113208408
3656080028,112932357
3656319068,112565812
3757432988,124745085
3759106268,123026949
3759345308,121398580
3759584348,119848757
3761496668,118742662
3761735708,117524829
3763169948,116709225
3763408988,115870571
3763648028,115011749
3763887068,114260280
3764126108,113727745
3764365148,113261776
3765321308,112854054
3765560348,112372297
3866674268,124575759
3868347548,122878789
3868586588,121143940
3868825628,119625947
3870737948,118547703
3870976988,117354240
3872411228,116559960
3872650268,115614965
3872889308,114788094
3873128348,114189582
3873367388,113665884
3873606428,113082648
3874562588,112697317
3874801628,112235152
3975915548,124455758
3977588828,122773788
3977827868,121052064
3978066908,119670556
3979979228,118586736
3980218268,117513394
3981652508,116699219
3981891548,115736816
3982130588,115019714
3982369628,114392249
3982608668,113718217
3982847708,113128439
3983803868,112737384
3984042908,112395211
4085156828,124720809
4086830108,123005707
4087069148,121379993
4087308188,119957493
4089220508,118837806
4089459548,117733080
4090893788,116766445
4091132828,115920639
4091371868,115180559
4091610908,114407989
4091849948,113731990
4092088988,113265491
4093045148,112982304
4093284188,112609516
4194398108,124783326
4196071388,123060410
4196310428,121427858
4196549468,119874375
4198461788,118765078
4198700828,117544443
4200135068,116726387
4200374108,115885588
4200613148,115024889
4200852188,114271777
4201091228,113737804
4201330268,113270578
4202286428,112861755
4202525468,112379035
4303639388,124581655
4305312668,122883948
4305551708,121148454
4305790748,119629897
4307703068,118551159
4307942108,117357264
4309376348,116562606
4309615388,115617280
4309854428,114790120
4310093468,114191355
4310332508,113667435
4310571548,113084005
4311527708,112698504
4311766748,112236191
4412880668,124456667
4414553948,122774583
4414792988,121052760
4415032028,119671165
4416944348,118587269
4417183388,117513860
4418617628,116699627
4418856668,115737173
4419095708,115020026
4419334748,114392522
4419573788,113718456
4419812828,113128649
4420768988,112737567
4421008028,112395371
4522121948,124720949
4523795228,123005830
4524034268,121380101
4524273308,119957588
4526185628,118837889
4526424668,117733152
4527858908,116766508
4528097948,115920694
4528336988,115180607
4528576028,114408031
4528815068,113732027
4529054108,113265523
4530010268,112982332
4530249308,112609540
4631363228,124783347
4633036508,123060428
4633275548,121427874
4633514588,119874389
4635426908,118765090
4635665948,117544453
4637100188,116726396
4637339228,115885596
4637578268,115024896
4637817308,114271784
4638056348,113737811
4638295388,113270584
4639251548,112861761
4639490588,112379040
4740604508,124581660
4742277788,122883952
4742516828,121148458
4742755868,119629900
4744668188,118551162
4744907228,117357266
4746341468,116562607
4746580508,115617281
4746819548,114790120
4747058588,114191355
4747297628,113667435
4747536668,113084005
4748492828,112698504
4748731868,112236191
4849845788,124456667
4851519068,122774583
4851758108,121052760
4851997148,119546165
4853909468,118477894
4854148508,117418157
4855582748,116615887
4855821788,115663901
4856060828,114955913
4856299868,114336423
4856538908,113669370
4856777948,113085698
4857734108,112699985
4857973148,112237486
4959087068,124582800
4960760348,122884950
4960999388,121149331
4961238428,119755664
4963150748,118786206
4963389788,117687930
4964824028,116726938
4965063068,115886070
4965302108,115150311
4965541148,114381522
4965780188,113708831
4966019228,113245227
4966975388,112839573
4967214428,112484626
5068328348,124799047
5070001628,123074166
5070240668,121439895
5070479708,120009908
5072392028,118883669
5072631068,117648210
5074065308,116817183
5074304348,115965035
5074543388,115094405
5074782428,114332604
5075021468,113791028
5075260508,113317149
5076216668,112902505
5076455708,112539691
5177574268,124722229
5179247548,123006950
5179486588,121256081
5179725628,119724070
5181637948,118633561
5181876988,117429365
5183311228,116625694
5183550268,115672482
5183789308,114838421
5184028348,114233618
5184267388,113704415
5184506428,113116363
5185462588,112726817
5185701628,112260964
5288015068,124728343
5289688348,123137300
5289927388,121495137
5290166428,120183244
5292078748,119285338
5292317788,118249670
5293752028,117468461
5293991068,116534903
5294230108,115843040
5294469148,115237660
5294708188,114582952
5294947228,114010083
5295903388,113633822
5296142428,113304594
5398929628,125766519
5400602908,124045704
5400841948,122414991
5401080988,121113117
5402993308,119973977
5403232348,118852229
5404666588,117995700
5404905628,117121237
5405144668,116481082
5405383708,115795946
5405622748,115196452
5405861788,114671895
5406817948,114337908
5407056988,114045669
5510680828,126539960
5512354108,124972465
5512593148,123350906
5512832188,121932042
5514744508,120815536
5514983548,119713594
5516417788,118874394
5516656828,118015094
5516895868,117263207
5517134908,116605306
5517373948,116029642
5517612988,115525936
5518569148,115210194
5518808188,114808919
5623866268,127457804
5625539548,125900578
5625778588,124288005
5626017628,123002004
5627929948,122001753
5628168988,121001533
5629603228,120251341
5629842268,119344923
5630081308,118676807
5630320348,118092206
5630559388,117455680
5630798428,116898720
5631754588,116536380
5631993628,116094332
5738844508,129082540
5740517788,127572222
5740756828,126000694
5740995868,124625607
5742908188,123547406
5743147228,122603980
5744581468,121778482
5744820508,120931171
5745059548,120314774
5745298588,119650427
5745537628,119069123
5745776668,118560482
5746732828,118240421
5746971868,117835368
5855854588,131105947
5857527868,129592703
5857766908,128018615
5858005948,126766288
5859918268,125795502
5860157308,124821064
5861591548,123968431
5861830588,123097377
5862069628,122460204
5862308668,121777678
5862547708,121180468
5862786748,120657909
5863742908,120325670
5863981948,119909961
5976689308,133671215
5978362588,132337313
5978601628,130920148
5978840668,129680129
5980752988,128595112
5980992028,127520723
5982306748,126705632
5982545788,125992428
5982784828,125243374
5983023868,124712952
5983262908,124248833
5983501948,123842728
5984458108,123487387
5984697148,123176463
6100392508,123279405
6102065788,123369479
6102304828,123448294
6104217148,123767257
6104456188,123796349
6105770908,123946805
6106009948,123953454
6106248988,123959272
6106488028,123964363
6106727068,123843817
6106966108,123738339
6107922268,123771046
6108161308,123799665
6232103548,139324706
6233776828,138534117
6234015868,137717352
6235928188,136877683
6236167228,136267972
6237242908,135734475
6237481948,135142665
6237720988,134624831
6237960028,134171727
6238199068,133900261
6238438108,133662728
6239394268,133454887
6239633308,133148026
6373017628,134129522
6374690908,134988331
6376603228,135864789
6376842268,136506690
6377917948,137068353
6378156988,137559808
6378396028,137989832
6378635068,138366103
6378874108,138695340
6379113148,138983422
6380069308,139360494
6380308348,139565432
6533652508,158869753
6535325788,159261033
6537238108,159478403
6537477148,159668602
6538313788,159835026
6538552828,159855647
6538791868,159873691
6539030908,160014479
6539269948,160137669
6539508988,160120460
6540465148,160105402
6540704188,160092226
6721418428,163580697
6724764988,166758109
6725004028,169413345
6725840668,171736676
6726079708,173769591
6726318748,175548392
6726557788,177104843
6726796828,178341737
6727035868,179549019
6727992028,180605391
6728231068,181529717
6923048668,206713502
6926275708,206124314
6926514748,205483774
6927231868,205048302
6927470908,204542264
6927709948,204099481
6927948988,203712045
6928188028,203498039
6928427068,203185784
6929263708,203037561
6929502748,202782865
7068026428,195560006
7068265468,188865005
7068863068,183006879
7069102108,177881019
7069341148,173395891
7069580188,169471404
7069819228,166037478
7070058268,163032793
7070894908,160403693
7071133948,158103231
7230573628,158590327
7230812668,159016536
7231410268,159514469
7231649308,159825160
7231888348,160097015
7232127388,160459888
7232366428,160777402
7232605468,160930226
7233322588,161188947
7389415708,180790328
7389654748,178066537
7390013308,175808219
7390252348,173707191
7390491388,171868792
7390730428,170260193
7390969468,168727668
7391208508,167511709
7391925628,166447745
7541564668,164641776
7541803708,163061554
7542162268,161678859
7542401308,160469001
7542640348,159410375
7542879388,158484078
7543118428,157798568
7543357468,157073747
7691801308,174939528
7692040348,171947087
7692279388,169328701
7692518428,166912613
7692757468,164798536
7692996508,162948719
7693235548,161455129
7693474588,160023237
7836540028,158145332
7836779068,156377165
7837018108,154955019
7837257148,153710641
7837496188,152621810
7837735228,151669083
7837974268,150710447
7979246908,167621641
7979485948,164543935
7979724988,161850943
7979964028,159369575
7980203068,157323378
7980442108,155532955
7980681148,153966335
8116336348,151845543
8116575388,149989850
8116814428,148366118
8117053468,147070353
8117292508,145811558
8117531548,144710113
8251513468,160496348
8251752508,157309304
8251991548,154520641
8252230588,152205560
8252469628,150054865
8252708668,148173006
8383941628,162901380
8384180668,159163707
8384419708,155893243
8384658748,153031587
8384897788,150402638
8385136828,148227308
8513979388,145948894
8514218428,143955282
8514457468,142210871
8514696508,140684512
8514935548,139348948
8515174588,138180329
8645690428,137407787
8645929468,136606813
8646168508,136030961
8646407548,135527090
8646646588,135086203
8646885628,134575427
8777520988,134253498
8777760028,133971810
8777999068,133600333
8778238108,133400291
8778477148,133225254
8778716188,133072097
8908873468,132813084
8909112508,132711448
8909351548,132622517
8909590588,132419702
8909829628,132242239
8910068668,132211959
9040584508,132185464
9040823548,132037281
9041062588,132032620
9041301628,132028542
9041540668,132024974
9041779708,131896852
9172295548,131909745
9172534588,131921026
9172773628,131805897
9173012668,131830159
9173251708,131851389
9173490748,131869965
9303887068,131761219
9304126108,131791066
9304365148,131817182
9304604188,131715034
9304843228,131625654
9305082268,131672447
9435837148,131713391
9436076188,131749217
9436315228,131780564
9436554268,131807993
9436793308,131831993
9437032348,131852993
9567787228,131871368
9568026268,131887447
9568265308,131901516
9568504348,131913826
9568743388,131924597
9568982428,131809022
9699737308,131832894
9699976348,131728782
9700215388,131762684
9700454428,131792348
9700693468,131818304
9700932508,131841016
9831687388,131860889
9831926428,131878277
9832165468,131893492
9832404508,131906805
9832643548,131918454
9832882588,131928647
9963637468,131937566
9963876508,131945370
9964115548,131952198
9964354588,131958173
9964593628,131963401
9964832668,131967975
10095468028,131971978
10095707068,131975480
10095946108,131853545
10096185148,131871851
10096424188,131887869
10096663228,131901885
10227418108,131914149
10227657148,131924880
10227896188,131934270
10228135228,131942486
10228374268,131949675
10228613308,131955965
10359487708,131961469
10359726748,131966285
10359965788,131970499
10360204828,131974186
10360443868,131977412
10360682908,131980235
10491676828,131982705
10491915868,131984866
10492154908,132111757
10492393948,132097787
10492632988,132085563
10492872028,132074867
10623865948,132065508
10624104988,132182319
10624344028,132159529
10624583068,132139587
10624822108,132122138
10625061148,132231870
10756055068,132327886
10756294108,132286900
10756533148,132251037
10756772188,132219657
10757011228,132317199
10757250268,132277549
10888363708,132242855
10888602748,132212498
10888841788,132185935
10889080828,132287693
10889319868,132251731
10889558908,132220264
11020552828,132192731
11020791868,132168639
11021030908,132272559
11021269948,132238489
11021508988,132208677
11021748028,132182592
11152741948,132159768
11152980988,132139797
11153220028,132122322
11153459068,132107031
11153698108,132093652
11153937148,132081945
11284931068,132071701
11285170108,132187738
11285409148,132164270
11285648188,132143736
11285887228,132125769
11286126268,132235047
11417239708,132330666
11417478748,132289332
11417717788,132253165
11417956828,132221519
11418195868,132318829
11418434908,132278975
11549667868,132244103
11549906908,132213590
11550145948,132311891
11550384988,132397904
11550624028,132348166
11550863068,132304645
11682096028,132391564
11682335068,132467618
11682574108,132409165
11682813148,132358019
11683052188,132438266
11683291228,132508482
11814524188,132444921
11814763228,132389305
11815002268,132465641
11815241308,132532435
11815480348,132465880
11815719388,132407645
11947071868,132481689
11947310908,132546477
11947549948,132478167
11947788988,132418396
11948028028,132491096
11948267068,132554709
12079500028,132485370
12079739068,132424698
12079978108,132371610
12080217148,132450158
12080456188,132393888
12080695228,132344652
12211928188,132301570
12212167228,132388873
12212406268,132465263
12212645308,132407105
12212884348,132356216
12213123388,132436689
12344356348,132507102
12344595388,132443714
12344834428,132388249
12345073468,132464717
12345312508,132531627
12345551548,132465173
12476904028,132407026
12477143068,132481147
12477382108,132546003
12477621148,132477752
12477860188,132418033
12478099228,132490778
12609571228,132554430
12609810268,132485126
12610049308,132549485
12610288348,132605799
12610527388,132655074
12610766428,132573189
12742238428,132626540
12742477468,132673222
12742716508,132589069
12742955548,132515435
12743194588,132576005
12743433628,132629004
12874905628,132550378
12875144668,132606580
12875383708,132655757
12875622748,132698787
12875861788,132611438
12876100828,132660008
13007692348,132702507
13007931388,132614693
13008170428,132662856
13008409468,132704999
13008648508,132741874
13008887548,132649139
13140359548,132692996
13140598588,132731371
13140837628,132639949
13141076668,132684955
13141315708,132724335
13141554748,132758793
13273026748,132788943
13273265788,132815325
13273504828,132838409
13273743868,132733607
13273982908,132641906
13274221948,132686667
13405693948,132600833
13405932988,132525728
13406172028,132585012
13406411068,132636885
13406650108,132682274
13406889148,132596989
13538480668,132647365
13538719708,132691444
13538958748,132605013
13539197788,132654386
13539436828,132697587
13539675868,132735388
13671386908,132768464
13671625948,132797406
13671864988,132822730
13672104028,132844888
13672343068,132864277
13672582108,132881242
13804293148,132896086
13804532188,132909075
13804771228,132920440
13805010268,132930385
13805249308,132939086
13805488348,132946700
13937199388,132953362
13937438428,132959191
13937677468,132964292
13937916508,132843755
13938155548,132863285
13938394588,132880374
14070225148,132895327
14070464188,132908411
14070703228,132919859
14070942268,132929876
14071181308,132938641
14071420348,132946310
14203131388,132953021
14203370428,132958893
14203609468,132964031
14203848508,132968527
14204087548,132972461
14204326588,132975903
14336037628,132978915
14336276668,132981550
14336515708,132983856
14336754748,132985874
14336993788,132862639
14337232828,132879809
14468943868,132769832
14469182908,132798603
14469421948,132823777
14469660988,132845804
14469900028,132865078
14470139068,132881943
14601969628,132896700
14602208668,132909612
14602447708,132920910
14602686748,132930796
14602925788,132939446
14603164828,132947015
14735114908,133078638
14735353948,133068808
14735592988,133060207
14735832028,133052681
14736071068,133171095
14736310108,133149708
14868260188,133130994
14868499228,133114619
14868738268,133100291
14868977308,133087754
14869216348,133076784
14869455388,133067186
15001405468,133058787
15001644508,133051438
15001883548,133045008
15002122588,133164382
15002361628,133143834
15002600668,133125854
15134431228,133110122
15134670268,133096356
15134909308,133084311
15135148348,133073772
15135387388,133064550
15135626428,133056481
15267576508,133049420
15267815548,133043242
15268054588,133162836
15268293628,133142481
15268532668,133124670
15268771708,133109086
15400721788,133095450
15400960828,133083518
15401199868,133073078
15401438908,133063943
15401677948,133055950
15401916988,133048956
15533867068,133042836
15534106108,133162481
15534345148,133142170
15534584188,133124398
15534823228,133108848
15535062268,133220242
15667131868,133317711
15667370908,133277997
15667609948,133243247
15667848988,133212841
15668088028,133311235
15668327068,133272330
15800516188,133238288
15800755228,133208502
15800994268,133182439
15801233308,133284634
15801472348,133249054
15801711388,133217922
15933661468,133190681
15933900508,133166845
15934139548,133270989
15934378588,133237115
15934617628,133207475
15934856668,133181540
16067045788,133283847
16067284828,133373366
16067523868,133326695
16067762908,133285858
16068001948,133375125
16068240988,133453234
16200549628,133396579
16200788668,133347006
16201027708,133428630
16201266748,133500051
16201505788,133437544
16201744828,133382851
16333933948,133334994
16334172988,133418119
16334412028,133365854
16334651068,133320122
16334890108,133280106
16335129148,133370092
16467198748,133448830
16467437788,133392726
16467676828,133343635
16467915868,133300680
16468154908,133388095
16468393948,133339583
16600583068,133297135
16600822108,133259993
16601061148,133352493
16601300188,133433431
16601539228,133379252
16601778268,133331845
16734086908,133415364
16734325948,133488443
16734564988,133427387
16734804028,133373963
16735043068,133452217
16735282108,133520689
16867590748,133455602
16867829788,133398651
16868068828,133473819
16868307868,133539591
16868546908,133472142
16868785948,133413124
17001214108,133486483
17001453148,133550672
17001692188,133481838
17001931228,133421608
17002170268,133493907
17002409308,133557168
17134956988,133487522
17135196028,133551581
17135435068,133607633
17135674108,133656678
17135913148,133574593
17136152188,133627768
17268460828,133674297
17268699868,133590009
17268938908,133516257
17269177948,133576724
17269416988,133629633
17269656028,133550928
17402084188,133607062
17402323228,133656179
17402562268,133699156
17402801308,133611761
17403040348,133660290
17403279388,133702753
17535707548,133614908
17535946588,133538044
17536185628,133595788
17536424668,133646314
17536663708,133565524
17536902748,133494833
17669450428,133557978
17669689468,133613230
17669928508,133536576
17670167548,133594504
17670406588,133645191
17670645628,133689542
17803312828,133728349
17803551868,133762305
17803790908,133792016
17804029948,133818014
17804268988,133840762
17804508028,133860666
17937055708,133878082
17937294748,133893321
17937533788,133906655
17937772828,133793323
17938011868,133819157
17938250908,133841762
18070918108,133736541
18071157148,133769473
18071396188,133798288
18071635228,133823502
18071874268,133720564
18072113308,133755493
18204900028,133786056
18205139068,133812799
18205378108,133836199
18205617148,133856674
18205856188,133874589
18206095228,133890265
18338762428,133903981
18339001468,133915983
18339240508,133926485
18339479548,133935674
18339718588,133943714
18339957628,133825749
18472624828,133847530
18472863868,133741588
18473102908,133773889
18473341948,133802152
18473580988,133826883
18473820028,133848522
18606487228,133867456
18606726268,133884024
18606965308,133773521
18607204348,133801830
18607443388,133826601
18607682428,133848275
18740469148,133867240
18740708188,133883835
18740947228,133898355
18741186268,133911060
18741425308,133922177
18741664348,133931904
18874570588,133940416
18874809628,133947864
18875048668,134079381
18875287708,134069458
18875526748,134060775
18875765788,134053178
19008672028,134046530
19008911068,134040713
19009150108,134035623
19009389148,134031170
19009628188,134027273
19009867228,134023863
19142773468,134020880
19143012508,134143270
19143251548,134125361
19143490588,134109690
19143729628,134095978
19143968668,134083980
19276994428,134073482
19277233468,134064296
19277472508,134056259
19277711548,134049226
19277950588,134043072
19278189628,134162688
19411095868,134267352
19411334908,134233933
19411573948,134204691
19411812988,134179104
19412052028,134281716
19412291068,134246501
19545197308,134215688
19545436348,134188727
19545675388,134165136
19545914428,134144494
19546153468,134126432
19546392508,134110628
19679298748,134096799
19679537788,134084699
19679776828,134074111
19680015868,134189847
19680254908,134166116
19680493948,134145351
19813519708,134127182
19813758748,134111284
19813997788,134097373
19814236828,134085201
19814475868,134074550
19814714908,134065231
19947860188,134057077
19948099228,134174942
19948338268,134278074
19948577308,134243314
19948816348,134212899
19949055388,134311286
20082200668,134397375
20082439708,134347703
20082678748,134304240
20082917788,134266210
20083156828,134357933
20083395868,134313191
20216541148,134274042
20216780188,134239786
20217019228,134334812
20217258268,134417960
20217497308,134365715
20217736348,134320000
20351001148,134405000
20351240188,134479375
20351479228,134419453
20351718268,134367021
20351957308,134321143
20352196348,134406000
20485341628,134355250
20485580668,134310843
20485819708,134271987
20486058748,134362988
20486297788,134442614
20486536828,134387287
20619682108,134338876
20619921148,134296516
20620160188,134384451
20620399228,134336394
20620638268,134294344
20620877308,134257551
20754022588,134350357
20754261628,134431562
20754500668,134377616
20754739708,134330414
20754978748,134289112
20755217788,134377973
20888482588,134330726
20888721628,134289385
20888960668,134253211
20889199708,134346559
20889438748,134428239
20889677788,134374709
21023062108,134452870
21023301148,134521261
21023540188,134581103
21023779228,134508465
21024018268,134569906
21024257308,134623667
21157641628,134545708
21157880668,134477494
21158119708,134542807
21158358748,134599956
21158597788,134524961
21158836828,134459340
21292221148,134526922
21292460188,134586056
21292699228,134512799
21292938268,134448699
21293177308,134517611
21293416348,134577909
21426920188,134505670
21427159228,134567461
21427398268,134621528
21427637308,134668837
21427876348,134585232
21428115388,134637078
21561499708,134682443
21561738748,134597137
21561977788,134522494
21562216828,134582182
21562455868,134634409
21562694908,134555107
21696079228,134610718
21696318268,134659378
21696557308,134701955
21696796348,134614210
21697035388,134662433
21697274428,134704628
21830778268,134616549
21831017308,134664480
21831256348,134706420
21831495388,134743117
21831734428,134650227
21831973468,134568948
21965596828,134622829
21965835868,134544975
21966074908,134601853
21966313948,134651621
21966552988,134695168
21966792028,134733272
22100415388,134766613
22100654428,134795786
22100893468,134696312
22101132508,134734273
22101371548,134767488
22101610588,134796552
22235233948,134821983
22235472988,134844235
22235712028,134863705
22235951068,134755741
22236190108,134786273
22236429148,134812988
22370172028,134836364
22370411068,134856818
22370650108,134874715
22370889148,134890375
22371128188,134904078
22371367228,134916068
22504990588,134801559
22505229628,134826364
22505468668,134848068
22505707708,134867059
22505946748,134758676
22506185788,134788841
22639809148,134815235
22640048188,134838330
22640287228,134858538
22640526268,134876220
22640765308,134891692
22641004348,134905230
22774627708,134917076
22774866748,134802441
22775105788,134827135
22775344828,134848743
22775583868,134867650
22775822908,134759193
22909565788,134789293
22909804828,134815631
22910043868,134838677
22910282908,134858842
22910521948,134876486
22910760988,134891925
23044623388,134905434
23044862428,134917254
23045101468,134927597
23045340508,134936647
23045579548,134944566
23045818588,134951495
23179680988,134957558
23179920028,134962863
23180159068,134967505
23180398108,134971566
23180637148,134975120
23180876188,134978230
23314738588,134980951
23314977628,134983332
23315216668,134985415
23315455708,134987238
23315694748,134988833
23315933788,134990228
23449915708,134991449
23450154748,135117517
23450393788,135102827
23450632828,135089973
23450871868,135078726
23451110908,135193885
23584973308,135169649
23585212348,135148442
23585451388,135129886
23585690428,135113650
23585929468,135099443
23586168508,135087012
23720030908,135201135
23720269948,135175993
23720508988,135153993
23720748028,135134743
23720987068,135117900
23721226108,135103162
23855088508,135090266
23855327548,135078982
23855566588,135069109
23855805628,135060470
23856044668,135177911
23856283708,135155672
23990265628,135136213
23990504668,135119186
23990743708,135104287
23990982748,135091251
23991221788,135079844
23991460828,135069863
24125562268,135061130
24125801308,135053488
24126040348,135171802
24126279388,135275326
24126518428,135240910
24126757468,135210796
24260858908,135184446
24261097948,135286390
24261336988,135250591
24261576028,135219267
24261815068,135191858
24262054108,135292875
24396155548,135381265
24396394588,135333606
24396633628,135291905
24396872668,135255416
24397111708,135348489
24397350748,135304927
24531571708,135266811
24531810748,135233459
24532049788,135329276
24532288828,135413116
24532527868,135361476
24532766908,135316291
24666868348,135276754
24667107388,135367159
24667346428,135321264
24667585468,135281106
24667824508,135245967
24668063548,135340221
24802164988,135422693
24802404028,135369856
24802643068,135323624
24802882108,135283171
24803121148,135372774
24803360188,135326177
24937461628,135285404
24937700668,135249728
24937939708,135218512
24938178748,135316198
24938417788,135276673
24938656828,135242088
25072877788,135211827
25073116828,135310348
25073355868,135396554
25073594908,135346984
25073833948,135303611
25074072988,135390659
25208418108,135466826
25208657148,135408472
25208896188,135357413
25209135228,135437736
25209374268,135508019
25209613308,135444516
25345153308,135638951
25345392348,135809082
25345631388,135957946
25345870428,135963202
25346109468,136092801
25346348508,136206200
25482959868,136305425
25483198908,136517246
25483437948,136702590
25483676988,136864766
25483916028,136881670
25484155068,137021461
25622678748,137393778
25622917788,137594555
25623156828,137895235
25623395868,138158330
25623634908,138388538
25623873948,138464970
25766819868,139156848
25767058908,139887242
25767297948,140401336
25767536988,140851169
25767776028,141244772
25768015068,141714175
25919566428,143124903
25919805468,144234290
25920044508,145330003
25920283548,146288752
25920522588,147127658
25920761628,147736700
26089643388,150519612
26089882428,152954660
26090121468,155085327
26090360508,156949661
26090599548,158580953
26090838588,160008333
26291990748,165257291
26292229788,169975129
26292468828,173978237
26292707868,177480957
26292946908,180545837
26293185948,183352607
26490513468,185308531
26490752508,186894964
26490991548,188283093
26491230588,189622706
26491469628,190794867
26684972508,215820508
26685211548,213217944
26685450588,210940701
26685689628,208823113
26685928668,206970223
26875845948,204973945
26876084988,203227201
26876324028,201698800
26876563068,200361450
27075324828,224066268
27075563868,220932984
27075802908,218191361
27076041948,215917440
27275162268,213927760
27275401308,212186790
27275640348,210663441
27459820668,232205510
27460059708,226304821
27460298748,221141718
27642925308,239374003
27643164348,232452252
27643403388,226270720
27826627548,243736880
27826866588,236269770
27827105628,229736048
28011405468,247019042
28011644508,239266661
28011883548,232483328
28196661468,249547912
28196900508,241479423
28197139548,234544495
28383471228,251726433
28383710268,243635628
28383949308,236556174
28570878588,253611652
28571117628,245410195
28571356668,238233920
28759003068,232079680
28759242108,226569720
28759481148,221748505
28947247068,217529941
28947486108,213838698
28947725148,210608860
29137044828,208032752
29137283868,205778658
29137522908,203806325
29328037788,202205534
29328276828,200804842
29328515868,199579236
29519030748,198506831
29519269788,197568477
29519508828,196747417
29711338428,196153989
29711577468,195634740
29711816508,195180397
29904363228,218907847
29904602268,215669366
29904841308,212835695
30098463708,234606233
30098702748,229530453
30098941788,225089146
30292086108,245453002
30292325148,239021376
30292564188,233393704
30487023228,252844491
30487262268,245613929
30487501308,239287187
30681721308,258001288
30681960348,250001127
30682199388,243125986
30876897468,261360237
30877136508,253190207
30877375548,245916431
31071954108,239551877
31072193148,233982892
31072432188,229110030
31266891228,224846276
31267130268,221115491
31267369308,217851054
31462904028,215119672
31463143068,212729713
31463382108,210638498
31658558268,208808685
31658797308,207082599
31659036348,205697274
31854810108,204485114
31855049148,203549474
31855288188,202605789
32051779068,226280065
32052018108,222745056
32052257148,219526924
32249584668,241336058
32249823708,235919050
32250062748,231179168
32446553628,251531772
32446792668,244715300
32447031708,238875887
32644120188,258266401
32644359228,250733100
32644598268,244141462
32841567228,262873779
32841806268,254639556
32842045308,247559611
33038775228,241239659
33039014268,235834701
33039253308,230980363
33235027068,226732817
33235266108,222891214
33235505148,219529812
33432474108,216713585
33432713148,214249386
33432952188,212093212
33629801628,210206560
33630040668,208680740
33630279708,207345647
33826531548,206052441
33826770588,204795885
33827009628,203821399
34023978588,202968724
34024217628,202347633
34024456668,201804178
34221903708,225828655
34222142748,222475073
34222381788,219415688
34419828828,241363727
34420067868,236068261
34420306908,231309728
34617634428,251771012
34617873468,245049635
34618112508,239168430
34815081468,258647376
34815320508,251066454
34815559548,244433147
35013006588,238629003
35013245628,233550377
35013484668,229106579
35209856028,224968256
35210095068,221472224
35210334108,218413196
35407303068,215861546
35407542108,213503852
35407781148,211440870
35605467228,209760761
35605706268,208290665
35605945308,207004331
35803392348,205878789
35803631388,204893940
35803870428,204032197
36001197948,203278172
36001436988,202618400
36001676028,202041100
36199242588,226285962
36199481628,222750216
36199720668,219656439
36398004348,241824384
36398243388,236471336
36398482428,231787419
36596885628,252438991
36597124668,245759117
36597363708,239914227
36795647388,259549948
36795886428,251981204
36796125468,245358553
36994648188,264313733
36994887228,256149516
36995126268,249005826
37194127068,242880097
37194366108,237520084
37194605148,232705073
37392649788,228366938
37392888828,224571070
37393127868,221374686
37592487228,218702850
37592726268,216364993
37592965308,214194368
37792563708,212420072
37792802748,210867563
37793041788,209634117
37993715868,208554852
37993954908,207610495
37994193948,206784183
38194313468,231061160
38195704668,227428515
38195943708,224249950
38196182748,221468706
38397932508,219160117
38398291068,217140102
38398530108,215372589
38577571068,236076015
38577810108,229066513
38578049148,222933198
38707250268,233691548
38707489308,220730104
38707728348,209388841
38838602748,215715235
38838841788,205125830
38839080828,195985101
38970074748,204361963
38970313788,195316717
38970552828,187402127
39102741948,196851861
39102980988,188745378
39103220028,181777205
39236484828,192305054
39236723868,185016922
39236962908,178639806
39371781468,189809830
39372020508,183083601
39372259548,177198150
39508034268,189048381
39508273308,182542333
39508512348,176724541
39645960348,188758973
39646199388,182414101
39646438428,176862338
39785320668,189379545
39785559708,183207101
39785798748,177681213
39925398108,190346061
39925637148,184052803
39925876188,178546202
40066670748,191352926
40066909788,185058810
40067148828,179676458
40209138588,192716900
40209377628,186502287
40209616668,181064501
40352323548,194056438
40352562588,187674383
40352801628,182090085
40496464668,195203824
40496703708,188803346
40496942748,183202927
40641083868,196427561
40641322908,189999115
40641561948,184374225
40786659228,197577446
40786898268,191005265
40787137308,185379606
40933190748,198707155
40933429788,192243760
40933668828,186588290
41080439388,199889753
41080678428,193278533
41080917468,187493716
41228524668,200932001
41228763708,194315500
41229002748,188651062
41377207548,202194679
41377446588,195545344
41377685628,189727176
41526607548,203136279
41526846588,196369244
41527085628,190573088
41676605148,204126452
41676844188,197360645
41677083228,191565564
41827200348,205119868
41827439388,198354884
41827678428,192435523
41978512668,206006082
41978751708,199130321
41978990748,193114030
42130064028,206849776
42130303068,199993554
42130542108,193994359
42282212988,207745064
42282452028,200776931
42282691068,194679814
42434959548,208344837
42435198588,201426732
42435437628,195373390
42588064668,209201716
42588303708,202301501
42588542748,196138813
42741886908,209871461
42742125948,202887528
42742364988,196776587
42895828668,210554513
42896067708,203610198
42896306748,197408923
43050248508,211232807
43050487548,204203706
43050726588,197928242
43205026908,211812211
43205265948,204710684
43205504988,198496848
43360163868,212434742
43360402908,205255399
43360641948,198973474
43515778908,212851789
43516017948,205745315
43516256988,199527150
43671393948,213461256
43671632988,206278599
43671872028,199868774
43827248028,213760177
43827487068,206540154
43827726108,200222634
43983580188,214194804
43983819228,206920453
43984058268,200680396
44140270908,214720346
44140509948,207505302
44140748988,201192139
44296961628,215043121
44297200668,207787730
44297439708,201439263
44453652348,215384355
44453891388,208086310
44454130428,201700521
44610701628,215612955
44610940668,208286335
44611179708,202000543
44767870428,215875475
44768109468,208641040
44768348508,202310910
44925397788,216272046
44925636828,208988040
44925875868,202489535
45082805628,216428343
45083044668,209124800
45083283708,202734200
45240332988,216767425
45240572028,209421496
45240811068,202868809
45397979868,216760207
45398218908,209415181
45398457948,202988283
45555865788,216989747
45556104828,209741028
45556343868,203273399
45713751708,217239224
45713990748,209834321
45714229788,203355030
45871518108,217310651
45871757148,209896819
45871996188,203409716
46029404028,217358501
46029643068,209938688
46029882108,203446352
46187409468,217515558
46187648508,210076113
46187887548,203566598
46345414908,217620773
46345653948,210168176
46345892988,203647154
46503539868,217691259
46503778908,210229851
46504017948,203826119
46661545308,217847854
46661784348,210366872
46662023388,203946013
46819670268,217827761
46819909308,210349290
46820148348,203930628
46977914748,217814299
46978153788,210462511
46978392828,204029697
47136278748,218025984
47136517788,210647736
47136756828,204066769
47294523228,218058422
47294762268,210551119
47295001308,204107229
47452767708,218093825
47453006748,210707096
47453245788,204243709
47611131708,218213245
47611370748,210811589
47611609788,204210140
47769615228,218183872
47769854268,210660888
47770093308,204203277
47928218268,218302867
47928457308,210890008
47928696348,204403757
48086701788,218353287
48086940828,210809126
48087179868,204332985
48245304828,218416361
48245543868,210989315
48245782908,204490650
48404146908,218554318
48404385948,211110028
48404624988,204596274
48563228028,218771739
48563467068,211300271
48563706108,204762737
48722428668,218917394
48722667708,211427719
48722906748,204874254
48881629308,219014972
48881868348,211513100
48882107388,205073962
49041068988,219314716
49041308028,211900376
49041547068,205412829
49200628188,219486225
49200867228,211925446
49201106268,205434765
49360426428,219630419
49360665468,212176616
49360904508,205654539
49520463708,219822721
49520702748,212344880
49520941788,205801770
49680500988,220076548
49680740028,212566979
49680979068,205996106
49841016348,220371592
49841255388,212950143
49841494428,206456375
50001890268,220774328
50002129308,213302537
50002368348,206764719
50163122748,221169129
50163361788,213772987
50163600828,207176363
50324594268,221529317
50324833308,213963152
50325072348,207467758
50486185308,221909288
50486424348,214420627
50486663388,207868048
50648254428,222259542
50648493468,214727099
50648732508,208136211
50810921148,222619184
50811160188,215166786
50811399228,208645937
50973946428,223190194
50974185468,215791419
50974424508,209192491
51137449788,223793429
51137688828,216319250
51137927868,209654343
51301550748,224322550
51301789788,216782231
51302028828,210309452
51466129788,225145770
51466368828,217627548
51466607868,211049104
51631067388,225792966
51631306428,218193845
51631545468,211544614
51796602588,226351537
51796841628,218682594
51797080668,212097269
51962496348,226960110
51962735388,219340096
51962974428,212672584
52129107228,227588511
52129346268,220014947
52129585308,213388078
52296674268,228464568
52296913308,220781497
52297152348,214183809
52465077948,229410832
52465316988,221859478
52465556028,215252043
52634079228,230470537
52634318268,222786719
52634557308,216063379
52804036668,231430456
52804275708,223751649
52804514748,217032692
52974830748,232403605
52975069788,224728154
52975308828,218012134
53146700508,233510617
53146939548,225821789
53147178588,219094065
53319645948,234707306
53319884988,226993892
53320124028,220369655
53493547548,236073448
53493786588,228314267
53494025628,221649983
53668524828,237443735
53668763868,229638268
53669002908,222933484
53844936348,238816798
53845175388,231089698
53845414428,224328485
54022662588,240412424
54022901628,232610871
54023140668,225784512
54201584028,242061448
54201823068,234178767
54202062108,227406421
54381820188,243730618
54382059228,235889290
54382298268,229028128
54563849148,245524612
54564088188,237709035
54564327228,230745405
54747312348,247527229
54747551388,239586325
54747790428,232513034
54932568348,249448904
54932807388,241392791
54933046428,234468692
55119019548,251660105
55119258588,243577591
55119497628,236505392
55307622108,253692218
55307861148,245480690
55308100188,238420603
55498017468,255993027
55498256508,247868898
55498495548,240635285
55690444668,234555874
55690683708,229236389
55690922748,224581840
55883708508,220634110
55883947548,217179846
55884186588,214282365
56080677468,212122069
56080916508,210231810
56081155548,208577833
56280873468,207505603
56281112508,206692402
56281351548,205855851
56483698908,205498869
56483937948,205061510
56484176988,204803821
56851222908,199828343
57011379708,194974800
57011618748,190727950
57177512508,207636956
57177751548,202432336
57344960028,218753294
57345199068,212409132
57513602748,227857990
57513841788,220500741
57684277308,235313148
57684516348,227274004
57856744668,241739753
57856983708,233022283
58031482908,247269497
58031721948,238235809
58031960988,230331332
58208970108,223664915
58209209148,217956800
58209448188,212962200
58388847708,208841925
58389086748,205236684
58389325788,202082098
58570876668,199571835
58571115708,197375355
58571354748,195453435
58754937468,194021755
58755176508,192769035
58755415548,191672905
58940910588,213838791
58941149628,210483942
58941388668,207423449
59127600828,227995517
59127839868,222871077
59128078908,218387192
59315844828,237838793
59316083868,231733943
59316322908,226392200
59505044988,245218175
59505284028,238315903
59505523068,232151415
59696037948,250632488
59696276988,243178427
59696516028,236656123
59887508988,254824107
59887748028,246846093
59887987068,239865331
60080414268,257882164
60080653308,249771893
60080892348,242675406
60275112348,236715980
60275351388,231501482
60275590428,226938796
60470408028,222946446
60470647068,219453140
60470886108,216396497
60667496508,213971934
60667735548,211850442
60667974588,209994136
60865421628,208494869
60865660668,207183010
60865899708,206035133
61065020028,205280741
61065259068,204620648
61065498108,204043067
61264857468,228412683
61265096508,224861097
61265335548,221753459
61465172988,244034276
61465412028,238654991
61465651068,233823117
61665770588,254595227
61666683708,247895823
61666922748,242033845
61667161788,237029614
61868194428,232775912
61868433468,228928923
61868672508,225562807
62068792028,247492456
62070541788,241805899
62070900348,236830161
62071139388,232601390
62273247708,229151216
62273606268,225882314
62273845308,223022024
62473964828,245394271
62475834108,239969987
62476192668,235348738
62476431708,231305145
62649018588,224392001
62649496668,218093000
62649735708,212456375
62790888828,225149328
62791366908,214755662
62791605948,205661204
62928217308,214828553
62928695388,205224983
62928934428,196696860
63067458108,206609752
63067936188,198158533
63068175228,190888716
63207296508,201902626
63207774588,194164797
63208013628,187519197
63348927708,199079297
63349405788,191944384
63349644828,185701336
63490678428,197738669
63491156508,190896335
63491395548,184784293
63633863388,197186256
63634341468,190537974
63634580508,184595727
63778721628,197396261
63779199708,190971728
63779438748,185225262
63924536028,198322104
63925014108,191906841
63925253148,186168485
64071187068,199397424
64071665148,192847746
64071904188,186991777
64219152828,200367804
64219630908,193821828
64219869948,188094099
64367716188,201582336
64368194268,195009544
64368433308,189258351
64516996668,202726057
64517474748,196135299
64517713788,190243386
64666874748,203712962
64667352828,197123841
64667591868,191233360
64817469948,204829190
64817948028,198100541
64818187068,192212973
64968662748,205811351
64969140828,199084932
64969379868,193199315
65120572668,206799400
65121050748,200074475
65121289788,194065165
65273080188,207807019
65273558268,200956141
65273797308,194836623
65426065788,208607045
65426543868,201656164
65426782908,195574143
65579768508,209377375
65580246588,202455203
65580485628,196398302
65733829788,210223514
65734307868,203320574
65734546908,197155502
65888608188,211011064
65889086268,204134681
65889325308,197992845
66043745148,211868739
66044223228,204885146
66044462268,198649502
66199360188,212568314
66199838268,205497274
66200077308,199310114
66355333788,213271349
66355811868,206112430
66356050908,199973376
66511785468,213851704
66512263548,206745241
66512502588,200527085
66668476188,214461199
66668954268,207278549
66669193308,200993730
66825405948,214994513
66825884028,207745198
66826123068,201527048
66982813788,215461167
66983291868,208278521
66983530908,201993705
67140699708,215994491
67141177788,208870179
67141416828,202511406
67298585628,216572480
67299063708,209375920
67299302748,202953930
67456710588,216959688
67457188668,209714727
67457427708,203250386
67615074588,217344087
67615552668,210051076
67615791708,203544691
67773916668,217601604
67774394748,210276403
67774633788,203866852
67932758748,218008495
67933236828,210757433
67933475868,204287753
68091720348,218376783
68092198428,211079685
68092437468,204569724
68251040508,218748508
68251518588,211404944
68251757628,204854326
68410360668,218997535
68410838748,211497843
68411077788,205060612
68569680828,219178035
68570158908,211780780
68570397948,205308182
68729240028,219394659
68729718108,211970326
68729957148,205349035
68889038268,219555405
68889516348,212110979
68889755388,205597106
69048716988,219772467
69049195068,212300908
69049434108,205763294
69208515228,219917882
69208993308,212428146
69209232348,205874627
69368193948,220015298
69368672028,212513385
69368911068,205949211
69527992188,219955559
69528470268,212461114
69528709308,205903474
69687909948,220040539
69688388028,212660471
69688627068,206077912
69847947228,220193173
69848425308,212794026
69848664348,206194772
70007864988,220295425
70008343068,212883496
70008582108,206273059
70167782748,220363926
70168260828,212943435
70168499868,206325505
70327820028,220409816
70328298108,212983589
70328537148,206360640
70487976828,220440560
70488454908,213010490
70488693948,206384178
70648253148,220586155
70648731228,213137885
70648970268,206495649
70808409948,220683692
70808888028,213098230
70809127068,206585951
70968686268,220762707
70969164348,213292368
70969403388,206755822
71129082108,220911344
71129560188,213422426
71129799228,206744622
71289477948,220901544
71289956028,213288851
71290195068,206752744
71449993308,220908651
71450471388,213420069
71450710428,206867560
71610508668,221009115
71610986748,213507975
71611225788,206944478
71771263068,221201418
71771741148,213676240
71771980188,207091710
71932256508,221330246
71932734588,213788965
71932973628,207190344
72093249948,221541551
72093728028,213973857
72093967068,207352124
72254243388,221683108
72254721468,214097719
72254960508,207460504
72415475868,221777941
72415953948,214180698
72416192988,207658110
72576827868,221950846
72577305948,214456990
72577544988,207899866
72738538428,222162382
72739016508,214767084
72739255548,208171198
72900488028,222524798
72900966108,214959198
72901205148,208339298
73062437628,222671885
73062915708,215087899
73063154748,208576911
73224865308,222879797
73225343388,215394822
73225582428,208845469
73387651548,223239785
73388129628,215834811
73388368668,209230459
73550676828,223701651
73551154908,216238944
73551393948,209584076
73714180188,224136066
73714658268,216619057
73714897308,209916674
73877683548,224427089
73878161628,216873702
73878400668,210264489
74041664988,224856427
74042143068,217374373
74042382108,210702576
74206244028,225364754
74206722108,217819159
74206961148,211091764
74371181628,225830293
74371659708,218226506
74371898748,211573192
74536597308,226376543
74537075388,218829475
74537314428,212225790
74702491068,227072566
74702969148,219438495
74703208188,212758683
74868862908,227538847
74869340988,219971491
74869580028,213350054
75035593308,228181297
75036071388,220658634
75036310428,213951304
75203040828,228957391
75203518908,221337717
75203757948,214545502
75370966428,229477314
75371444508,221792649
75371683548,215068567
75539609148,230184996
75540087228,222661871
75540326268,215954137
75708968988,231084869
75709447068,223449260
75709686108,216643102
75879284988,231937714
75879763068,224320499
75880002108,217655436
76050318108,233073506
76050796188,225314317
76051035228,218650027
76222068348,234068773
76222546428,226310176
76222785468,219521404
76394894268,234956228
76395372348,227211699
76395611388,220435236
76568676348,236130831
76569154428,228489477
76569393468,221678292
76743534108,237468505
76744012188,229784941
76744251228,222936823
76919348028,238819720
76919826108,230967255
76920065148,224096348
77096596188,240084304
77097074268,232323766
77097313308,225533295
77275159068,241716633
77275637148,233877053
77275876188,226892421
77455036668,243280868
77455514748,235370759
77455753788,228449414
77636109468,245018237
77636587548,237015957
77636826588,230013962
77818616508,246637216
77819094588,238682564
77819333628,231722243
78002796828,248506962
78003274908,240568591
78003513948,233497517
78188650428,250435327
78189128508,242505911
78189367548,235442672
78375699228,252512338
78376177308,244448295
78376416348,237267258
78564301788,254483850
78564779868,246298368
78565018908,239136072
78755055708,256619063
78755414268,248416680
78755653308,241114595
78947124348,234975270
78947602428,229603361
78947841468,224902940
79141583388,221040072
79142061468,217785063
79142300508,214936930
79339149948,212819813
79339628028,210842336
79339867068,209112044
79539584988,207973038
79540063068,207101408
79540302108,206338732
79742051868,205921390
79742529948,205431216
79742768988,205002314
79920495228,201627024
79920973308,198673646
79921212348,196214440
80065592508,212062635
80066070588,203804805
80066309628,196579204
80209494588,208006803
80209972668,200005952
80210211708,193005208
80355189468,205004557
80355667548,197628987
80355906588,191175363
80502677148,203778442
80503155228,196806136
80503394268,190705369
80652316188,203992197
80652794268,197243172
80653033308,191337775
80803748028,204920553
80804226108,198305483
80804465148,192517297
80957211708,206452634
80957689788,199896054
80957928828,194034047
81112348668,208279791
81112826748,201619817
81113065788,195917339
81269517468,210427671
81269995548,203749212
81270234588,198030560
81428240028,212651740
81428718108,205945272
81428957148,200077113
81588755388,214817473
81589233468,208090288
81589472508,202204002
81750944028,217178501
81751422108,210406188
81751661148,204355414
81914686428,219435987
81915164508,212631488
81915403548,206552552
82079982588,221733483
82080460668,214766797
82080699708,208545947
82246712988,223852703
82247191068,216871115
82247430108,210637225
82414997148,226057571
82415475228,218925374
82415714268,212559702
82584715548,228114739
82585193628,220975396
82585432668,214603471
82755748668,230278037
82756226748,222993282
82756465788,216494121
82927976988,232182355
82928455068,224784560
82928694108,218186490
83101639548,234038178
83102117628,226658405
83102356668,220076104
83276616828,236066591
83277094908,228558267
83277333948,221863483
83452789308,237880547
83453267388,230270478
83453506428,223486668
83629798428,239550834
83630276508,231856979
83630515548,224999856
83808122268,241249874
83808600348,233468639
83808839388,226535059
83987402268,242843176
83987880348,234862779
83988119388,228004931
84167757948,244379314
84168236028,236456899
84168475068,229524786
84348830748,245834187
84349308828,237854913
84349547868,230748048
84530979228,247154542
84531457308,239135224
84531696348,231993321
84713844828,248494155
84714322908,240432385
84714561948,233253336
84897547068,249846669
84898025148,241740835
84898264188,234523230
85081846908,251082826
85082324988,242822472
85082564028,235469663
85266146748,252035955
85266624828,243656460
85266863868,236199402
85451880828,252799476
85452358908,244449541
85452597948,237143348
85637973468,230750429
85638451548,225156625
85638690588,220262046
85824663708,216104290
85825141788,212466253
85825380828,209282971
86011353948,206497599
86011832028,203935399
86012071068,201818474
86199239388,200091164
86199717468,198579768
86199956508,197132297
86388439548,196115759
86388917628,195226289
86389156668,194573002
86577281148,193876376
86577759228,193266829
86577998268,192733475
86766003228,215766790
86766481308,212420941
86766720348,209493323
86955920508,230556657
86956518108,225487074
86956757148,221051189
87146315868,240919790
87146793948,234679816
87147032988,229219839
87336113628,248067359
87336591708,240808939
87336830748,234457821
87526389468,252525593
87526867548,244709893
87527106588,237996156
87716784828,255746636
87717262908,247653306
87717501948,240571642
87908016828,258125186
87908494908,249734537
87908733948,242392719
88099009788,235968629
88099487868,230347550
88099726908,225429106
88289405148,221000467
88289883228,217125408
88290122268,213859732
88480517628,211002265
88480995708,208501981
88481234748,206314233
88672347228,204524953
88672825308,202959333
88673064348,201589416
88864057308,200390739
88864535388,199341896
88864774428,198299159
89055886908,221261764
89056364988,217604043
89056604028,214403537
89246879868,235353094
89247357948,229933957
89247596988,225067212
89438828988,244683810
89439307068,238223333
89439546108,232445416
89630539068,251264739
89631017148,243981646
89631256188,237483940
89822010108,255673447
89822488188,247714266
89822727228,240624982
90013600668,258296859
90014078748,250009751
90014317788,242758532
90205310748,236413715
90205788828,230737000
90206027868,225894875
90397618428,221658015
90397976988,217950763
90398216028,214706917
90589926108,211868552
90590404188,209509983
90590643228,207321235
90781516668,205406080
90781994748,203605320
90782233788,202154655
90973704828,200885323
90974182908,199899657
90974421948,198912199
91166132028,198173174
91166610108,197526527
91166849148,196835711
91358678748,220231247
91359156828,216827341
91359395868,213848923
91551344988,235242807
91551823068,229962456
91552062108,225342149
91743055068,245174380
91743533148,238527582
91743772188,232711634
91935960348,251497679
91936438428,244185469
91936677468,237787285
92128865628,256188874
92129343708,248415264
92129582748,241488356
92321651388,235427311
92322129468,230123897
92322368508,225483409
92514676188,221422982
92515154268,217870109
92515393308,214761345
92708776668,212166176
92709254748,209895404
92709493788,207908478
92902757628,206169918
92903235708,204648678
92903474748,203317593
93096977628,202152893
93097455708,201133781
93097694748,200242058
93291436668,199586800
93291914748,198888450
93292153788,198402393
93486493308,222227093
93486971388,218823706
93487210428,215970742
93681549948,237599399
93682147548,232399474
93682386588,227849539
93877323708,248118346
93877801788,241603552
93878040828,235903108
94073456028,255290219
94073934108,247878941
94074173148,241519073
94269827388,260204188
94270305468,252303664
94270544508,245390706
94466676828,263716867
94467154908,255377258
94467393948,248080100
94664243388,241820087
94664721468,236217576
94664960508,231315379
94863124668,227275956
94863602748,223741461
94863841788,220648778
95062364508,217942680
95062842588,215574845
95063081628,213627989
95261962908,211799490
95262440988,210324553
95262680028,208908983
95463115068,208045360
95463593148,207164690
95463832188,206394103
95663951708,230719840
95665581948,227129860
95666060028,224113627
95666299068,221474423
95867929308,219290120
95868407388,217253855
95868646428,215347123
96022946748,232928732
96023424828,223312640
96023663868,214773560
96191469948,228301865
96191948028,220889131
96192187068,214402989
96348399708,228227615
96348877788,219324163
96349116828,211658642
96507002748,224576311
96507480828,216379272
96507719868,209206863
96668354748,222931005
96668832828,215189629
96669071868,208540925
96831738588,222973309
96832216668,215601645
96832455708,209151439
96997751868,224007509
96998229948,216881570
96998468988,210521373
97165557948,225831201
97166036028,218727300
97166275068,212386387
97335395868,227963088
97335873948,220717702
97336112988,214377989
97507504668,230205740
97507982748,222930022
97508221788,216688769
97681525788,232727672
97682003868,225511713
97682242908,219197748
97856981148,235298029
97857459228,227885775
97857698268,221275053
98034348828,237615671
98034826908,230163712
98035065948,223643248
98213270268,240187842
98213748348,232539361
98213987388,225846940
98393984508,242366072
98394462588,234695313
98394701628,227983398
98576372028,244860473
98576850108,237127913
98577089148,230361923
98759954748,247191682
98760432828,239292721
98760671868,232381130
98945091228,249333488
98945569308,241416802
98945808348,234364701
99131422908,251444113
99131900988,243263598
99132140028,236230648
99319188828,253451817
99319666908,245270339
99319905948,238111546
99507671868,255222602
99508149948,246944776
99508388988,239701679
99697828188,233488969
99698186748,228052847
99698425788,223296241
99888462588,219259210
99888940668,215601808
99889179708,212526582
