1100102264,100000000
1223173188,102875000
1223890308,105390625
1224492228,107716796
1225209348,109877196
1225811268,111767546
1332296624,126796602
1333252784,124697026
1333491824,122859897
1334328464,121252409
1335284624,119970857
1335523664,118724499
1336360304,117758936
1448797180,130914069
1449036220,129174810
1449992380,127527958
1450231420,126211963
1450470460,125060467
1451785180,124052908
1453099900,123421294
1453338940,122743632
1453577980,122150678
1454534140,121756843
1454773180,121287237
1549282056,118626332
1550238216,116423040
1550477256,114370160
1550716296,112573890
1552031016,111127153
1553465256,109736258
1553704296,108519225
1553943336,107454321
1554779976,106522530
1555019016,105832213
1649527892,105103186
1650603572,104465287
1650842612,103907126
1651081652,103543735
1652276852,103100768
1653830612,102713172
1654069652,102499025
1654308692,102311646
1655025812,102147690
1655264852,102004228
1751805568,113753699
1752761728,112409486
1753000768,111233300
1753239808,110204137
1754554528,109303619
1755988768,108515666
1756227808,107826207
1756466848,107097931
1756705888,106460689
1757423008,105903102
1757662048,105415214
1854441804,105113312
1855397964,104849148
1855637004,104493004
1855876044,104181378
1857429804,104033705
1858864044,103904491
1859103084,103791429
1859342124,103692500
1859581164,103605937
1860298284,103655194
1860537324,103573294
1956719480,115501632
1957675640,113938928
1957914680,112446562
1958153720,111265741
1959707480,110357523
1961141720,109562832
1961380760,108742478
1961619800,107899668
1961858840,107162209
1962097880,106641932
1962815000,106061690
1963054040,105678978
2059475236,105344105
2060431396,105051091
2060670436,104794704
2060909476,104445366
2062702276,104264695
2064136516,104106608
2064375556,103968282
2064614596,103847246
2064853636,103741340
2065092676,103773672
2065809796,103676963
2066048836,103717342
2161513872,115502674
2162470032,113939839
2162709072,112447359
2162948112,111141439
2164740912,110248759
2166175152,109467664
2166414192,108534206
2166653232,107717430
2166892272,107002751
2167131312,106502407
2167370352,105939606
2168087472,105572155
2168326512,105125635
2264269628,104859930
2265225788,104627438
2265464828,104424008
2265703868,104246007
2267735708,104090256
2269169948,103953974
2269408988,103834727
2269648028,103730386
2269887068,103639087
2270126108,103684201
2270365148,103598675
2271082268,103648840
2271321308,103567735
2367654428,115496768
2368730108,114059672
2368969148,112677213
2369208188,111592561
2371120508,110893490
2371359548,110031803
2372793788,109152827
2373032828,108508723
2373271868,107945132
2373510908,107451990
2373749948,106895491
2373988988,106408554
2374825628,105982484
2375064668,105734673
2475580988,106017838
2476895708,106265608
2477134748,106607407
2477373788,106781481
2479286108,106933795
2479525148,107067070
2480959388,107308686
2481198428,107520100
2481437468,107580087
2481676508,107632576
2481915548,107678504
2482154588,107843691
2483230268,108113229
2483469308,108224075
2585419868,120946065
2586615068,119702806
2586854108,118489955
2587093148,117428710
2589005468,116750121
2589244508,115906355
2590678748,115293060
2590917788,114631427
2591156828,114052498
2591395868,113545935
2591634908,113102693
2591873948,112714856
2592830108,112375499
2593069148,112078561
2695617308,124568740
2696812508,122872647
2697051548,121388566
2697290588,120089995
2699202908,119078745
2699441948,117943901
2700876188,117075913
2701115228,116316423
2701354268,115651870
2701593308,114945386
2701832348,114327212
2702071388,113911310
2703027548,113672396
2703266588,113338346
2804858588,125546052
2806053788,123727795
2806292828,122011820
2806531868,120385342
2808444188,119212174
2808683228,117935652
2810117468,117068695
2810356508,116185108
2810595548,115286969
2810834588,114501097
2811073628,113938459
2811312668,113446151
2812268828,113015382
2812507868,112513459
2914099868,124824276
2915295068,123096241
2915534108,121334210
2915773148,119792433
2917685468,118693378
2917924508,117481705
2919358748,116671491
2919597788,115712554
2919836828,114873484
2920075868,114264298
2920314908,113731260
2920553948,113139852
2921510108,112747370
2921749148,112278948
3023341148,124619079
3024536348,122791694
3024775388,121067732
3025014428,119684265
3026926748,118598731
3027165788,117523889
3028600028,116708402
3028839068,115744851
3029078108,115026744
3029317148,114398401
3029556188,113723600
3029795228,113133150
3030751388,112741506
3030990428,112273817
3132582428,124614589
3133777628,122787765
3134016668,121189294
3134255708,119790632
3136168028,118691803
3136407068,117605327
3137841308,116654661
3138080348,115822828
3138319388,115094974
3138558428,114333102
3138797468,113666464
3139036508,113208156
3139992668,112807136
3140231708,112456244
3241823708,124774213
3243018908,123052436
3243257948,121420881
3243496988,119868270
3245409308,118759736
3245648348,117539769
3247082588,116722297
3247321628,115882009
3247560668,115021757
3247799708,114269037
3248038748,113735407
3248277788,113268481
3249233948,112859920
3249472988,112502430
3351064988,124814626
3352260188,123087797
3352499228,121326822
3352738268,119785969
3354650588,118687722
3354889628,117476756
3356323868,116667161
3356562908,115708765
3356801948,114870169
3357040988,114261397
3357280028,113728722
3357519068,113137631
3358475228,112745427
3358714268,112277248
3460306268,124617592
3461501468,122790393
3461740508,121066593
3461979548,119558268
3463891868,118488484
3464130908,117427423
3465565148,116623995
3465804188,115670995
3466043228,114962120
3466282268,114341855
3466521308,113674123
3466760348,113089857
3467716508,112703624
3467955548,112240671
3569547548,124585587
3570742748,122762388
3570981788,121042089
3571220828,119661827
3573133148,118704098
3573372188,117616085
3574806428,116664074
3575045468,115831064
3575284508,115102181
3575523548,114339408
3575762588,113671982
3576001628,113212984
3576957788,112811361
3577196828,112459940
3678788828,124777447
3679984028,122930266
3680223068,121313982
3680462108,119899734
3682374428,118787267
3682613468,117563858
3684047708,116743375
3684286748,115900453
3684525788,115037896
3684764828,114283159
3685003868,113747764
3685242908,113279293
3686199068,112869381
3686438108,112510708
3788030108,124821869
3789225308,123094135
3789464348,121457368
3789703388,119900197
3791615708,118787672
3791854748,117564213
3793288988,116743686
3793528028,115775725
3793767068,114928759
3794006108,114312664
3794245148,113773581
3794484188,113176883
3795440348,112779772
3795679388,112307300
3897271388,124643887
3898466588,122813401
3898705628,121086725
3898944668,119575884
3900856988,118503898
3901096028,117440910
3902530268,116635796
3902769308,115681321
3903008348,114971155
3903247388,114349760
3903486428,113681040
3903725468,113095910
3904681628,112708921
3904920668,112245305
4006512668,124589641
4007707868,122765935
4007946908,121045193
4008185948,119664543
4010098268,118706475
4010337308,117618165
4011771548,116665894
4012010588,115832657
4012249628,115103574
4012488668,114340627
4012727708,113673048
4012966748,113088917
4013922908,112702802
4014161948,112364951
4115753948,124694332
4116949148,122857540
4117188188,121250347
4117427228,119844053
4119339548,118738546
4119578588,117521227
4121012828,116706073
4121251868,115867813
4121490908,115009336
4121729948,114258169
4121968988,113600897
4122208028,113150784
4123164188,112881936
4123403228,112521694
4224995228,124706482
4226190428,122993171
4226429468,121369024
4226668508,119822896
4228580828,118720034
4228819868,117505029
4230254108,116691900
4230493148,115730412
4230732188,114889110
4230971228,114152971
4231210268,113633849
4231449308,113179617
4232405468,112782164
4232644508,112309393
4334236508,124645718
4335431708,122940003
4335670748,121197502
4335909788,119672814
4337822108,118588712
4338061148,117515123
4339495388,116700732
4339734428,115738140
4339973468,114895872
4340212508,114283888
4340451548,113748402
4340690588,113154851
4341646748,112760494
4341885788,112290432
4443477788,124629128
4444672988,122800487
4444912028,121075426
4445151068,119690997
4447063388,118729622
4447302428,117638419
4448736668,116683616
4448975708,115723164
4449214748,115007768
4449453788,114381797
4449692828,113709072
4449931868,113120438
4450888028,112730383
4451127068,112389085
4552719068,124715449
4553914268,122876017
4554153308,121266514
4554392348,119858199
4556304668,118750924
4556543708,117532058
4557977948,116590550
4558216988,115766731
4558456028,115045889
4558695068,114290152
4558934108,113628883
4559173148,113175272
4560129308,112903363
4560368348,112540442
4661960348,124722886
4663155548,123007525
4663394588,121381584
4663633628,119833886
4665545948,118729650
4665784988,117513443
4667219228,116699262
4667458268,115861854
4667697308,115004122
4667936348,114253606
4668175388,113721905
4668414428,113256666
4669370588,112849582
4669609628,112368384
4771201628,124697336
4772396828,122985169
4772635868,121237022
4772874908,119707394
4774787228,118618969
4775026268,117541597
4776460508,116723897
4776699548,115758409
4776938588,114913607
4777177628,114299406
4777416668,113761980
4777655708,113166732
4778611868,112770890
4778850908,112299528
4880442908,124637087
4881638108,122807451
4881877148,121081519
4882116188,119696329
4884028508,118734287
4884267548,117642501
4885701788,116687188
4885940828,115726289
4886179868,115010502
4886418908,114384189
4886657948,113711165
4886896988,113122269
4887853148,112731985
4888092188,112390486
4989684188,124716675
4990879388,122877090
4991118428,121267453
4991357468,119859021
4993269788,118751643
4993508828,117532687
4994943068,116591101
4995182108,115767213
4995421148,115046311
4995660188,114290522
4995899228,113629206
4996138268,113175555
4997094428,112903610
4997333468,112540658
5098925468,124723075
5100120668,123007690
5100359708,121381728
5100598748,119834012
5102511068,118729760
5102750108,117513540
5104184348,116699347
5104423388,115861928
5104662428,115004187
5104901468,114253663
5105140508,113721955
5105379548,113256710
5106335708,112849621
5106574748,112368418
5208171388,124697365
5209366588,122985194
5209605628,121237044
5209844668,119707413
5211756988,118618986
5211996028,117416612
5213430268,116614535
5213669308,115662718
5213908348,114829878
5214147388,114226143
5214386428,113697875
5214625468,113110640
5215581628,112721810
5215820668,112256583
5318612188,124724510
5319807388,123008946
5320046428,121507827
5320285468,120194348
5322197788,119295054
5322436828,118258172
5323871068,117475900
5324110108,116666412
5324349148,115958110
5324588188,115338346
5324827228,114671052
5325066268,114212170
5326022428,113935648
5326261468,113568692
5429526748,126122605
5430721948,124357279
5430960988,122687619
5431200028,121226666
5433112348,120198332
5433351388,119048540
5434785628,118167472
5435024668,117396538
5435263708,116596970
5435502748,115897348
5435741788,115285179
5435980828,114749531
5436936988,114280839
5437176028,113870734
5541277948,126511892
5542473148,124822905
5542712188,123220041
5542951228,121817535
5544863548,120715343
5545102588,119625925
5546536828,118797684
5546775868,117947973
5547014908,117204476
5547253948,116553916
5547492988,115984676
5547732028,115486591
5548688188,115175767
5548927228,114778796
5654463388,127556446
5655658588,125861890
5655897628,124254153
5656136668,122972383
5658048988,122100835
5658288028,121088230
5659722268,120202201
5659961308,119301925
5660200348,118639184
5660439388,117934286
5660678428,117317500
5660917468,116777812
5661873628,116430585
5662112668,116126761
5769441628,129235915
5770636828,127581425
5770875868,126008746
5771114908,124757652
5773027228,123787945
5773266268,122689451
5774700508,121853269
5774939548,120996610
5775178588,120372033
5775417628,119700528
5775656668,119112962
5775895708,118598841
5776851868,118273985
5777090908,117989736
5886451708,131241019
5887646908,129585891
5887885948,128012654
5888124988,126761072
5890037308,125790938
5890276348,124692070
5891710588,123855561
5891949628,122998615
5892188668,122373788
5892427708,121702064
5892666748,121114306
5892905788,120600017
5893861948,120275014
5894100988,119990637
6006569308,133616807
6007764508,132039706
6008003548,130659742
6008242588,129452274
6010154908,128520739
6010393948,127455646
6011708668,126648690
6011947708,125817603
6012186748,125215402
6012425788,124563476
6012664828,123993041
6012903868,123493910
6013860028,123182171
6014099068,122909399
6129794428,136920724
6130989628,135305633
6131228668,133892428
6131467708,132530874
6133380028,131339514
6133619068,130297074
6134933788,129384939
6135172828,128711821
6135411868,127997843
6135650908,127373112
6135889948,126826473
6136128988,126473163
6137085148,126164017
6137324188,125768514
6260310268,126422449
6261505468,126994642
6261744508,127370311
6263656828,127949022
6263895868,128205394
6264971548,128554719
6265210588,128860379
6265449628,129002831
6265688668,129127477
6265927708,129236542
6266166748,129456974
6267122908,129649852
6267361948,129693620
6400268188,146356917
6401463388,145687302
6401702428,144976389
6403614748,144354340
6403853788,143810047
6404929468,143333791
6405168508,142917067
6405407548,142552433
6405646588,142233378
6405885628,141954205
6406124668,141709929
6407080828,141496187
6407319868,141309163
6559707868,143520517
6560903068,145455452
6562815388,147398520
6563054428,148973705
6563891068,150351991
6564130108,151557992
6564369148,152488243
6564608188,153302212
6564847228,154014435
6565086268,154762630
6566042428,155417301
6566281468,155865138
6746517628,178756995
6747712828,179912370
6749625148,180798323
6749864188,181448532
6750700828,182142465
6750939868,182624656
6751178908,183171574
6751417948,183650127
6751656988,184068861
6751896028,184310253
6752852188,184521471
6753091228,184831287
6946952668,186727376
6949701628,188636454
6949940668,190056897
6950657788,191424784
6950896828,192496686
6951135868,193559600
6951374908,194364650
6951613948,195069068
6951852988,195685434
6952689628,196349754
6952928668,196806034
7087149628,213955279
7089898588,204710869
7090137628,196747010
7090854748,189653633
7091093788,183571928
7091332828,178125437
7091571868,173359757
7091810908,169189787
7092049948,165666063
7092886588,162457805
7093125628,159775579
7251370108,160303631
7251609148,160515677
7252206748,160701217
7252445788,160863564
7252684828,160880618
7252923868,160895540
7253162908,161033597
7253401948,161154397
7254119068,161260097
7254358108,161352584
7408299868,160808511
7408538908,160332447
7409136508,159915891
7409375548,159551404
7409614588,159232478
7409853628,158953418
7410092668,158709240
7410331708,158495585
7411048828,158308636
7559731708,176645056
7559970748,173439424
7560329308,170759496
7560568348,168289559
7560807388,166128364
7561046428,164362318
7561285468,162817028
7561524508,161339899
7562241628,160172411
7708653628,158775859
7708892668,157553876
7709251228,156484641
7709490268,155549060
7709729308,154730427
7709968348,153889123
7710207388,153277982
7710446428,152743234
7852555708,169900329
7852794748,166662787
7853033788,163954938
7853272828,161460570
7853511868,159277998
7853750908,157368248
7853989948,155697217
7854228988,154235064
7994067388,152705681
7994306428,151367470
7994545468,150071536
7994784508,148937594
7995023548,148070394
7995262588,147311594
7995501628,146647644
8130200668,162816688
8130439708,159464602
8130678748,156531526
8130917788,153965085
8131156828,151844449
8131395868,149863892
8131634908,148130905
8264899708,146364541
8265138748,144943973
8265377788,143700976
8265616828,142613354
8265855868,141536684
8266094908,140719598
8396132668,156254648
8396371708,153222817
8396610748,150444964
8396849788,148014343
8397088828,146012550
8397327868,144260981
8526768028,158728358
8527007068,155262313
8527246108,152229523
8527485148,149575832
8527724188,147253853
8527963228,145097121
8658479068,159584980
8658718108,156136857
8658957148,152994749
8659196188,150370405
8659435228,148074104
8659674268,146064841
8790309628,160681735
8790548668,157096518
8790787708,153959453
8791026748,151339521
8791265788,148922080
8791504828,146806820
8921662108,161205967
8921901148,157430221
8922140188,154251443
8922379228,151470012
8922618268,148911260
8922857308,146672352
9053373148,161088308
9053612188,157452269
9053851228,154270735
9054090268,151486893
9054329308,149051031
9054568348,146919652
9184845148,161304695
9185084188,157641608
9185323228,154436407
9185562268,151631856
9185801308,149052874
9186040348,146921264
9316675708,161306106
9316914748,157642842
9317153788,154437486
9317392828,151632800
9317631868,149178700
9317870908,147031362
9448625788,161402441
9448864828,157727135
9449103868,154636243
9449342908,151806712
9449581948,149330873
9449820988,147164513
9580575868,161643948
9580814908,157938454
9581053948,154821147
9581292988,151968503
9581532028,149472440
9581771068,147288385
9712406428,161752336
9712645468,158033294
9712884508,154779132
9713123548,151931740
9713362588,149440272
9713601628,147260238
9844476028,161727708
9844715068,158011744
9844954108,154760276
9845193148,152040241
9845432188,149535210
9845671228,147343308
9976426108,161800394
9976665148,158075344
9976904188,154815926
9977143228,152088935
9977382268,149577818
9977621308,147380590
10108376188,145458016
10108615228,143775764
10108854268,142303793
10109093308,141015818
10109332348,139888840
10109571388,138902735
10240326268,138039893
10240565308,137284906
10240804348,136624292
10241043388,136046255
10241282428,135540473
10241521468,135097913
10372395868,134710673
10372634908,134371838
10372873948,134075358
10373112988,133815938
10373352028,133588945
10373591068,133390326
10504584988,133216535
10504824028,133064468
10505063068,133056409
10505302108,132924357
10505541148,132808812
10505780188,132707710
10636774108,132619246
10637013148,132666840
10637252188,132583485
10637491228,132510549
10637730268,132446730
10637969308,132390888
10768963228,132342027
10769202268,132299273
10769441308,132261863
10769680348,132229130
10769919388,132200488
10770158428,132300427
10901271868,132387873
10901510908,132339388
10901749948,132296964
10901988988,132259843
10902228028,132352362
10902467068,132308316
11033460988,132269776
11033700028,132236054
11033939068,132206547
11034178108,132305728
11034417148,132267512
11034656188,132234073
11165650108,132204813
11165889148,132179211
11166128188,132281809
11166367228,132246582
11166606268,132215759
11166845308,132188789
11297839228,132165190
11298078268,132269541
11298317308,132235848
11298556348,132206367
11298795388,132180571
11299034428,132282999
11430147868,132372624
11430386908,132326046
11430625948,132285290
11430864988,132249628
11431104028,132343424
11431343068,132300496
11562576028,132262934
11562815068,132230067
11563054108,132326308
11563293148,132410519
11563532188,132359204
11563771228,132314303
11695004188,132400015
11695243228,132475013
11695482268,132415636
11695721308,132363681
11695960348,132318220
11696199388,132403442
11827432348,132353011
11827671388,132308884
11827910428,132270273
11828149468,132361488
11828388508,132441302
11828627548,132386139
11959980028,132337871
11960219068,132420637
11960458108,132493057
11960697148,132431424
11960936188,132377496
11961175228,132455309
12092408188,132523395
12092647228,132457970
12092886268,132400723
12093125308,132475632
12093364348,132541178
12093603388,132473530
12224836348,132414338
12225075388,132487545
12225314428,132551601
12225553468,132482650
12225792508,132422318
12226031548,132494528
12357264508,132557712
12357503548,132487998
12357742588,132426998
12357981628,132373623
12358220668,132451920
12358459708,132395430
12489812188,132346001
12490051228,132427750
12490290268,132499281
12490529308,132561870
12490768348,132491636
12491007388,132555181
12622479388,132610783
12622718428,132534435
12622957468,132467630
12623196508,132534176
12623435548,132592404
12623674588,132518353
12755146588,132578558
12755385628,132631238
12755624668,132677333
12755863708,132592666
12756102748,132643582
12756341788,132688134
12887813788,132602117
12888052828,132651852
12888291868,132695370
12888530908,132733448
12888769948,132641767
12889008988,132686546
13020600508,132725727
13020839548,132635011
13021078588,132680634
13021317628,132720554
13021556668,132755484
13021795708,132661048
13153267708,132703417
13153506748,132740489
13153745788,132647927
13153984828,132566936
13154223868,132621069
13154462908,132668435
13285934908,132584880
13286173948,132636770
13286412988,132682173
13286652028,132721901
13286891068,132631663
13287130108,132677705
13418602108,132717991
13418841148,132628242
13419080188,132674711
13419319228,132715372
13419558268,132750950
13419797308,132657081
13551388828,132699945
13551627868,132737451
13551866908,132645269
13552105948,132689610
13552344988,132728408
13552584028,132762357
13684295068,132792062
13684534108,132818054
13684773148,132840797
13685012188,132860697
13685251228,132878109
13685490268,132893345
13817201308,132906676
13817440348,132918341
13817679388,132928548
13817918428,132812479
13818157468,132835919
13818396508,132856429
13950107548,132874375
13950346588,132890078
13950585628,132903818
13950824668,132915840
13951063708,132926360
13951302748,132935565
14083133308,132943619
14083372348,132950666
14083611388,132956832
14083850428,132962228
14084089468,132966949
14084328508,132971080
14216039548,132974695
14216278588,132977858
14216517628,132980625
14216756668,132983046
14216995708,132860165
14217234748,132877644
14348945788,132767938
14349184828,132796945
14349423868,132822326
14349662908,132844535
14349901948,132863968
14350140988,132880972
14481852028,132895850
14482091068,132908868
14482330108,132920259
14482569148,132930226
14482808188,132938947
14483047228,132946578
14614877788,132953255
14615116828,132959098
14615355868,132964210
14615594908,132968683
14615833948,132972597
14616072988,132976022
14748023068,133104019
14748262108,133091016
14748501148,133079639
14748740188,133069684
14748979228,133060973
14749218268,133053351
14881168348,133046682
14881407388,133040846
14881646428,133035740
14881885468,133031272
14882124508,133152363
14882363548,133133317
15014313628,133116652
15014552668,133102070
15014791708,133089311
15015030748,133203147
15015269788,133177753
15015508828,133155533
15147339388,133136091
15147578428,133119079
15147817468,133104194
15148056508,133091169
15148295548,133079772
15148534588,133069800
15280484668,133061075
15280723708,133053440
15280962748,133046760
15281201788,133040915
15281440828,133035800
15281679868,133031325
15413629948,133027409
15413868988,133023982
15414108028,133145984
15414347068,133127736
15414586108,133111769
15414825148,133097797
15546775228,133085572
15547014268,133199875
15547253308,133174890
15547492348,133153028
15547731388,133133899
15547970428,133117161
15680040028,133227515
15680279068,133199075
15680518108,133174190
15680757148,133152416
15680996188,133133364
15681235228,133241693
15813424348,133211481
15813663388,133185045
15813902428,133161914
15814141468,133266674
15814380508,133358339
15814619548,133313546
15946569628,133274352
15946808668,133240058
15947047708,133335050
15947286748,133293168
15947525788,133256522
15947764828,133224456
16079953948,133196399
16080192988,133296849
16080432028,133259742
16080671068,133227274
16080910108,133198864
16081149148,133299006
16213457788,133386630
16213696828,133338301
16213935868,133296013
16214174908,133384011
16214413948,133461009
16214652988,133403382
16346842108,133352959
16347081148,133433839
16347320188,133504609
16347559228,133441532
16347798268,133386340
16348037308,133463047
16480106908,133530166
16480345948,133463895
16480584988,133405908
16480824028,133355169
16481063068,133435772
16481302108,133381300
16613491228,133333637
16613730268,133291932
16613969308,133255440
16614208348,133348510
16614447388,133304946
16614686428,133266827
16746995068,133233473
16747234108,133329288
16747473148,133413127
16747712188,133361486
16747951228,133316300
16748190268,133401762
16880498908,133476541
16880737948,133416973
16880976988,133364851
16881216028,133444244
16881455068,133513713
16881694108,133449498
17014122268,133518310
17014361308,133578521
17014600348,133631205
17014839388,133552304
17015078428,133608266
17015317468,133657232
17147865148,133575078
17148104188,133628193
17148343228,133674668
17148582268,133715334
17148821308,133625917
17149060348,133672677
17281368988,133713592
17281608028,133624393
17281847068,133546343
17282086108,133603050
17282325148,133652668
17282564188,133571084
17414992348,133499698
17415231388,133562235
17415470428,133616955
17415709468,133539835
17415948508,133472355
17416187548,133538310
17548615708,133596021
17548854748,133521518
17549093788,133581328
17549332828,133633662
17549571868,133679454
17549810908,133594522
17682358588,133645206
17682597628,133689555
17682836668,133603360
17683075708,133652940
17683314748,133696322
17683553788,133734281
17816220988,133767495
17816460028,133796558
17816699068,133821988
17816938108,133719239
17817177148,133754334
17817416188,133785042
17949963868,133686911
17950202908,133726047
17950441948,133760291
17950680988,133790254
17950920028,133691472
17951159068,133730038
18083826268,133763783
18084065308,133793310
18084304348,133819146
18084543388,133841752
18084782428,133861533
18085021468,133878841
18217808188,133893985
18218047228,133907236
18218286268,133918831
18218525308,133928977
18218764348,133937854
18219003388,133945622
18351670588,133952419
18351909628,133833366
18352148668,133854195
18352387708,133872420
18352626748,133888367
18352865788,133777321
18485532988,133805155
18485772028,133829510
18486011068,133850821
18486250108,133869468
18486489148,133885784
18486728188,133900061
18619395388,133912553
18619634428,133923483
18619873468,133808047
18620112508,133832041
18620351548,133853035
18620590588,133871405
18753377308,133887479
18753616348,133901544
18753855388,133913851
18754094428,133924619
18754333468,133934041
18754572508,133942285
18887478748,133949499
18887717788,133955811
18887956828,133961334
18888195868,133966167
18888434908,133970396
18888673948,133974096
19021580188,133977334
19021819228,133980167
19022058268,134107646
19022297308,134094190
19022536348,134082416
19022775388,134072114
19155681628,134063099
19155920668,134055211
19156159708,134048309
19156398748,134042270
19156637788,134036986
19156876828,134032362
19289902588,134028316
19290141628,134149776
19290380668,134131054
19290619708,134114672
19290858748,134100338
19291097788,134212795
19424004028,134311195
19424243068,134272295
19424482108,134238258
19424721148,134208475
19424960188,134182415
19425199228,134159613
19558105468,134139661
19558344508,134122203
19558583548,134106927
19558822588,134093561
19559061628,134206865
19559300668,134181006
19692206908,134158380
19692445948,134138582
19692684988,134121259
19692924028,134106101
19693163068,134092838
19693402108,134081233
19826427868,134071078
19826666908,134062193
19826905948,134054418
19827144988,134172615
19827384028,134151038
19827623068,134132158
19960768348,134115638
19961007388,134226183
19961246428,134322910
19961485468,134282546
19961724508,134247227
19961963548,134216323
20095108828,134314282
20095347868,134274996
20095586908,134240621
20095825948,134210543
20096064988,134309225
20096304028,134395571
20229449308,134346124
20229688348,134302858
20229927388,134265000
20230166428,134356875
20230405468,134312265
20230644508,134273231
20363909308,134239077
20364148348,134334192
20364387388,134417418
20364626428,134365240
20364865468,134319585
20365104508,134404636
20498249788,134479056
20498488828,134419174
20498727868,134366777
20498966908,134320929
20499205948,134405812
20499444988,134355085
20632590268,134310699
20632829308,134271861
20633068348,134362878
20633307388,134442518
20633546428,134387203
20633785468,134338802
20766930748,134296451
20767169788,134384394
20767408828,134336344
20767647868,134294301
20767886908,134257513
20768125948,134350323
20901390748,134431532
20901629788,134377590
20901868828,134330391
20902107868,134414092
20902346908,134487330
20902585948,134426413
21035970268,134373111
21036209308,134451472
21036448348,134520038
21036687388,134455033
21036926428,134398153
21037165468,134473383
21170549788,134539210
21170788828,134471808
21171027868,134537832
21171266908,134595603
21171505948,134646152
21171744988,134565383
21305129308,134619710
21305368348,134667246
21305607388,134583840
21305846428,134510860
21306085468,134572002
21306324508,134625501
21439828348,134547313
21440067388,134603898
21440306428,134653410
21440545468,134696733
21440784508,134609641
21441023548,134658435
21574407868,134701130
21574646908,134613488
21574885948,134536802
21575124988,134594701
21575364028,134645363
21575603068,134564692
21708987388,134494105
21709226428,134557341
21709465468,134612673
21709704508,134536088
21709943548,134469077
21710182588,134535442
21843686428,134593511
21843925468,134519322
21844164508,134579406
21844403548,134631980
21844642588,134677982
21844881628,134593234
21978504988,134644079
21978744028,134688569
21978983068,134602497
21979222108,134652184
21979461148,134695661
21979700188,134733703
22113323548,134766990
22113562588,134796116
22113801628,134821601
22114040668,134843900
22114279708,134863412
22114518748,134880485
22248142108,134895424
22248381148,134908496
22248620188,134919934
22248859228,134804942
22249098268,134829324
22249337308,134850658
22383080188,134869325
22383319228,134885659
22383558268,134899951
22383797308,134912457
22384036348,134923399
22384275388,134932974
22517898748,134816352
22518137788,134839308
22518376828,134859394
22518615868,134876969
22518854908,134767347
22519093948,134796428
22652717308,134821874
22652956348,134719139
22653195388,134754246
22653434428,134784965
22653673468,134811844
22653912508,134710363
22787535868,134746567
22787774908,134778246
22788013948,134805965
22788252988,134830219
22788492028,134851441
22788731068,134870010
22922473948,134886258
22922712988,134900475
22922952028,134787915
22923191068,134814425
22923430108,134837621
22923669148,134857918
23057531548,134875678
23057770588,134891218
23058009628,135029815
23058248668,135026088
23058487708,135022827
23058726748,135019973
23192589148,135017476
23192828188,135015291
23193067228,135013379
23193306268,135011706
23193545308,135010242
23193784348,135008961
23327646748,135007840
23327885788,135006860
23328124828,135006002
23328363868,135005251
23328602908,135004594
23328841948,135004019
23462823868,135003516
23463062908,135128076
23463301948,135112066
23463540988,135098057
23463780028,135085799
23464019068,135200074
23597881468,135175064
23598120508,135153181
23598359548,135134033
23598598588,135117278
23598837628,135102618
23599076668,135089790
23732939068,135078566
23733178108,135068745
23733417148,135060151
23733656188,135052632
23733895228,135046053
23734134268,135040296
23867996668,135035259
23868235708,135030851
23868474748,135026994
23868713788,135023619
23868952828,135020666
23869191868,135018082
24003173788,135140821
24003412828,135123218
24003651868,135107815
24003890908,135094338
24004129948,135207545
24004368988,135181601
24138470428,135158900
24138709468,135139037
24138948508,135121657
24139187548,135231449
24139426588,135202517
24139665628,135177202
24273767068,135155051
24274006108,135260669
24274245148,135353085
24274484188,135308949
24274723228,135270330
24274962268,135236538
24409063708,135331970
24409302748,135290473
24409541788,135254163
24409780828,135222392
24410019868,135319593
24410258908,135404643
24544479868,135354062
24544718908,135309804
24544957948,135271078
24545196988,135362193
24545436028,135316918
24545675068,135277303
24679776508,135242640
24680015548,135337310
24680254588,135420146
24680493628,135367627
24680732668,135321673
24680971708,135281463
24815073148,135371280
24815312188,135324870
24815551228,135284261
24815790268,135248728
24816029308,135342637
24816268348,135424807
24950369788,135371706
24950608828,135325242
24950847868,135284586
24951086908,135374012
24951325948,135327260
24951564988,135286352
25085785948,135250558
25086024988,135344238
25086264028,135426208
25086503068,135372932
25086742108,135326315
25086981148,135285525
25221326268,135374834
25221565308,135327979
25221804348,135286981
25222043388,135376108
25222282428,135454094
25222521468,135522332
25358061468,135707040
25358300508,135868660
25358539548,136010077
25358778588,136008817
25359017628,136132714
25359256668,136241124
25495868028,136335983
25496107068,136543985
25496346108,136725986
25496585148,136885237
25496824188,136899582
25497063228,137037134
25635586908,137407492
25635825948,137606555
25636064988,137905735
25636304028,138167518
25636543068,138396578
25636782108,138472005
25779728028,139163004
25779967068,139767628
25780206108,140296674
25780445148,140759589
25780684188,141164640
25780923228,141519060
25932474588,142954177
25932713628,144209904
25932952668,145183666
25933191708,146160707
25933430748,147015618
25933669788,147763665
26102551548,150543206
26102790588,152975305
26103029628,155228391
26103268668,157074842
26103507708,158690486
26103746748,160104175
26304898908,165341153
26305137948,170048508
26305376988,174042444
26305616028,177537138
26305855068,180594995
26306094108,183395620
26502345948,185221167
26502584988,186693521
26502824028,187981830
26503063068,189234101
26503302108,190329838
26694653628,215038608
26694892668,212158782
26695131708,209763934
26695370748,207668442
26695609788,205709886
26885527068,203871150
26885766108,202262256
26886005148,200854474
26886244188,199622664
27082854588,223044831
27083093628,219914227
27083332668,217174948
27083571708,214653079
27282931068,212821444
27283170108,211218763
27283409148,209816417
27283648188,208589364
27466633308,205515693
27466872348,202701231
27467111388,200363577
27649379388,221068129
27649618428,216309612
27649857468,212145910
27833081628,231377671
27833320668,225455462
27833559708,220273529
28017859548,238739337
28018098588,232021919
28018337628,226144179
28203115548,244126156
28203354588,236860386
28203593628,230377837
28389925308,247955607
28390164348,240336156
28390403388,233669136
28577093628,251210494
28577332668,243309182
28577571708,236270534
28764740028,253486717
28764979068,245175877
28765218108,238028892
28953342588,255275280
28953581628,246990870
28953820668,239742011
29143379388,257024259
29143618428,248646226
29143857468,241315447
29334491868,235026016
29334730908,229522764
29334969948,224707418
29525484828,220493990
29525723868,216807241
29525962908,213581335
29718031548,211008668
29718270588,208757584
29718509628,206787886
29911534428,205064400
29911773468,203556350
29912012508,202361806
30105276348,201316580
30105515388,200402007
30105754428,199476756
30298540188,222792161
30298779228,219068140
30299018268,215934622
30493477308,237442794
30493716348,232137444
30493955388,227495263
30688175388,247683355
30688414428,241097935
30688653468,235335693
30883112508,254668731
30883351548,247210139
30883590588,240683871
31077691068,259223387
31077930108,251070463
31078169148,244061655
31272986748,262178948
31273225788,253906579
31273464828,246543256
31469358108,240350349
31469597148,234806555
31469836188,229955735
31665012348,225711268
31665251388,221997359
31665490428,218747689
31861503228,215904227
31861742268,213416198
31861981308,211239173
32058950268,209459276
32059189308,208026866
32059428348,206773507
32256397308,205676818
32256636348,204592215
32256875388,203643188
32453127228,202812789
32453366268,202086190
32453605308,201450416
32650574268,225519114
32650813308,221954224
32651052348,218959946
32847782268,240839952
32848021308,235484958
32848260348,230799338
33044512188,251074420
33044751228,244315117
33044990268,238275727
33241122588,257616261
33241361628,250039228
33241600668,243409324
33438928188,237608158
33439167228,232657138
33439406268,228324995
33636255708,224534370
33636494748,221092573
33636733788,218081001
33832985628,215320875
33833224668,213030765
33833463708,211026919
34030671708,209398554
34030910748,207848734
34031149788,206617642
34229074908,205665436
34229313948,204832256
34229552988,203978224
34426641468,203105946
34426880508,202342702
34427119548,201799864
34624088508,225949881
34624327548,222456145
34624566588,219399126
34821296508,241224235
34821535548,235696205
34821774588,230859179
35018743548,251251781
35018982588,244470308
35019221628,238661519
35215951548,258078829
35216190588,250568975
35216429628,243997853
35413637628,262748121
35413876668,254529605
35414115708,247463404
35611921308,241280478
35612160348,235995418
35612399388,231245990
35809846428,227090241
35810085468,223453960
35810324508,220272215
36007891068,217488188
36008130108,215052164
36008369148,212920643
36206413788,211180562
36206652828,209532991
36206891868,208091367
36404816988,206829946
36405056028,205851202
36405295068,204994801
36603339708,228995450
36603578748,225246018
36603817788,221840265
36802101468,243735231
36802340508,238143327
36802579548,233250411
37000863228,253719109
37001102268,246879220
37001341308,240894317
37199864028,260407527
37200103068,252856586
37200342108,246124512
37398745308,264983948
37398984348,256735954
37399223388,249518959
37598941308,243329089
37599180348,238037952
37599419388,233283208
37799017788,229247807
37799256828,225591831
37799495868,222392852
38000408988,219718745
38000648028,217378901
38000887068,215331538
38202756348,213665095
38202995388,212206958
38203234428,211056088
38404864668,209924077
38405103708,209058567
38405342748,208176246
38584742268,204654215
38584981308,201572438
38585220348,198875883
38713704348,212516397
38713943388,202076847
38714182428,193067241
38845056828,201433835
38845295868,192754605
38845534908,185160279
38976528828,194765244
38976767868,186794588
38977006908,179945264
39109196028,190452106
39109435068,183270592
39109674108,176986768
39242938908,187988422
39243177948,181239869
39243416988,175334885
39378235548,187043024
39378474588,180662646
39378713628,174954815
39514488348,186960463
39514727388,180590405
39514966428,175016604
39652414428,187389528
39652653468,181215837
39652892508,175813857
39791774748,188462124
39792013788,182404358
39792252828,177103813
39931852188,189840836
39932091228,183735731
39932330268,178268764
40073124828,191110168
40073363868,184971397
40073602908,179474972
40215592668,192415600
40215831708,186113650
40216070748,180724443
40358777628,193758887
40359016668,187539026
40359255708,182096647
40502918748,195084566
40503157788,188823995
40503396828,183220995
40647537948,196318370
40647776988,189903573
40648016028,184290626
40793113308,197504297
40793352348,191066259
40793591388,185432976
40939644828,198628854
40939883868,192050247
40940122908,186418966
41086893468,199741595
41087132508,193273895
41087371548,187614658
41234978748,200912825
41235217788,194423721
41235456828,188620755
41383661628,202043160
41383900668,195412765
41384139708,189611169
41533061628,203159772
41533300668,196514800
41533539708,190700450
41683059228,204237893
41683298268,197458156
41683537308,191525886
41833654428,205085150
41833893468,198199506
41834132508,192299567
41984966748,205887121
41985205788,199151230
41985444828,193257326
42136518108,206850160
42136757148,199993890
42136996188,193869653
42288667068,207510946
42288906108,200572077
42289145148,194625567
42441413628,208422371
42441652668,201494574
42441891708,195432752
42594518748,209128658
42594757788,202112575
42594996828,195973503
42748340988,209851815
42748580028,202870338
42748819068,196761545
42902282748,210666351
42902521788,203583057
42902760828,197385174
43056702588,211212027
43056941628,204060523
43057180668,197927957
43211480988,211811962
43211720028,204710466
43211959068,198496657
43366617948,212309574
43366856988,205145877
43367096028,199002642
43522232988,213002311
43522472028,205877022
43522711068,199642394
43677848028,213437094
43678087068,206257457
43678326108,199975274
43833702108,213853364
43833941148,206621693
43834180188,200293981
43990034268,214257233
43990273308,207100078
43990512348,200837568
44146724988,214732872
44146964028,207391263
44147203068,201092355
44303415708,215080810
44303654748,207820708
44303893788,201468119
44460106428,215409604
44460345468,208108403
44460584508,201719852
44617155708,215754870
44617394748,208410511
44617633788,201984197
44774324508,215986172
44774563548,208612900
44774802588,202161287
44931851868,216141126
44932090908,208873485
44932329948,202514299
45089259708,216575011
45089498748,209253134
45089737788,202721492
45246787068,216631305
45247026108,209302391
45247265148,202889592
45404433948,216903393
45404672988,209540468
45404912028,202972909
45562319868,216976295
45562558908,209604258
45562797948,203153725
45720205788,217259509
45720444828,209852070
45720683868,203370561
45877972188,217324240
45878211228,209908710
45878450268,203420121
46035858108,217367605
46036097148,210071654
46036336188,203562697
46193863548,217492359
46194102588,210180814
46194341628,203658212
46351868988,217575935
46352108028,210253943
46352347068,203722200
46509993948,217631925
46510232988,210302934
46510472028,203765067
46667999388,217669433
46668238428,210335753
46668477468,203793783
46826124348,217819560
46826363388,210467115
46826602428,203908725
46984368828,217920134
46984607868,210430117
46984846908,203876352
47142732828,217891808
47142971868,210405332
47143210908,203979665
47300977308,217982206
47301216348,210609430
47301455388,204158251
47459221788,218138469
47459460828,210746160
47459699868,204152890
47617585788,218133778
47617824828,210617055
47618063868,204164923
47776069308,218269307
47776308348,210860643
47776547388,204378062
47934672348,218330804
47934911388,210789453
47935150428,204315771
48093155868,218401299
48093394908,210976136
48093633948,204479119
48251758908,218419229
48251997948,210866825
48252236988,204383471
48410600988,218460537
48410840028,211027969
48411079068,204649472
48569682108,218693288
48569921148,211231627
48570160188,204827673
48728882748,218849213
48729121788,211493061
48729360828,205056428
48888083388,219174374
48888322428,211777577
48888561468,205180379
49047523068,219282831
49047762108,211747477
49048001148,205279042
49207082268,219494161
49207321308,212057390
49207560348,205550216
49366880508,219606439
49367119548,212155634
49367358588,205636179
49526917788,219806656
49527156828,212455824
49527395868,205898846
49686955068,220036490
49687194108,212656928
49687433148,206074812
49847470428,220315460
49847709468,212901027
49847948508,206288398
50008344348,220627348
50008583388,213173929
50008822428,206652187
50169576828,221070663
50169815868,213561830
50170054908,207116601
50331048348,221602025
50331287388,214151771
50331526428,207632799
50492639388,221928699
50492878428,214312611
50493117468,207773534
50654708508,222176842
50654947548,214654736
50655186588,208197894
50817375228,222673157
50817614268,215214012
50817853308,208687260
50980400508,223226352
50980639548,215698058
50980878588,209110800
51143903868,223721950
51144142908,216256706
51144381948,209724617
51308004828,224509039
51308243868,217070409
51308482908,210436607
51472583868,225132031
51472822908,217490527
51473061948,210929211
51637521468,225688059
51637760508,218102051
51637999548,211464294
51803056668,226281257
51803295708,218746099
51803534748,212152836
51968950428,227008731
51969189468,219382639
51969428508,212709809
52135561308,227621082
52135800348,220043446
52136039388,213413015
52303128348,228486388
52303367388,220925589
52303606428,214309890
52471532028,229396153
52471771068,221721633
52472010108,215131428
52640533308,230364999
52640772348,222694374
52641011388,216107577
52810490748,231344129
52810729788,223676112
52810968828,216966598
52981284828,232345773
52981523868,224677551
52981762908,217967857
53153154588,233596874
53153393628,225897264
53153632668,219160106
53326100028,234890092
53326339068,227153830
53326578108,220384601
53500001628,236211525
53500240668,228435084
53500479708,221630698
53674978908,237426860
53675217948,229623502
53675456988,222795564
53851390428,238821118
53851629468,231093478
53851868508,224206793
54029116668,240430943
54029355708,232627075
54029594748,225798690
54208038108,242198853
54208277148,234298996
54208516188,227386621
54388274268,243838293
54388513308,235858506
54388752348,228876192
54570303228,245516668
54570542268,237577084
54570781308,230629948
54753766428,247426204
54754005468,239497928
54754244508,232560687
54939022428,249615601
54939261468,241663650
54939500508,234580693
55125473628,251633106
55125712668,243428967
55125951708,236250346
55314076188,253594052
55314315228,245519795
55314554268,238454820
55504352028,256022967
55504591068,247770096
55504830108,240548834
55695942588,234355229
55696181628,229060825
55696420668,224428221
55890162588,220749693
55890401628,217405981
55890640668,214480233
56087131548,212295203
56087370588,210383302
56087609628,208710389
56287327548,207621590
56287566588,206668891
56287805628,205835279
56490152988,205480869
56490392028,205170760
56490631068,204899415
56692978428,204536988
56693217468,204344864
57017594748,198801756
57017833788,193951536
57183608028,190457594
57183847068,187400394
57350696988,205600344
57350936028,200775301
57519339708,217678388
57519578748,211593589
57690014268,227644390
57690253308,220563841
57862481628,235868360
57862720668,227884815
58037339388,242774213
58037578428,234302436
58037817468,226889631
58215185148,220778427
58215424188,215431123
58215663228,210752232
58395301788,206908203
58395540828,203544677
58395779868,200601592
58577330748,198276393
58577569788,196241843
58577808828,194461612
58761511068,193153910
58761750108,192009671
58761989148,191008462
58947603708,213382404
58947842748,209959603
58948081788,207089652
59134054908,227828445
59134293948,222724889
59134532988,218259277
59322298908,237726867
59322537948,231511008
59322776988,226072132
59511260028,244938115
59511499068,237945850
59511738108,231827618
59702013948,250349165
59702252988,242930519
59702492028,236439204
59893963068,254634303
59894202108,246805015
59894441148,239954388
60086748828,257960089
60086987868,249840077
60087226908,242735067
60281207868,260768183
60281446908,252547160
60281685948,245228765
60476862108,238950169
60477101148,233581397
60477340188,228883722
60674189628,225023256
60674428668,221520349
60674667708,218455305
60872353788,215898391
60872592828,213661092
60872831868,211703455
61071593628,210115523
61071832668,208726082
61072071708,207635321
61271670108,206680905
61271909148,205845791
61272148188,205115067
61471746588,204475683
61471985628,203916222
61472224668,203551694
61672301148,228107732
61672540188,224719265
61672779228,221754356
61872898748,244035061
61874170428,238780678
61874409468,234183093
61874648508,230160206
62076278748,226890180
62076517788,223778907
62076756828,221056543
62276876348,243674475
62278865148,238465165
62279104188,234032019
62279343228,230153016
62481332028,227008889
62481571068,224007777
62481810108,221256804
62654875068,240474703
62655114108,232165365
62655353148,224894694
62796506268,236157857
62796745308,224388124
62796984348,213964608
62933715228,221969032
62933954268,211347903
62934193308,202179415
63072956028,211406988
63073195068,202481114
63073434108,194670974
63213272508,205212102
63213511548,197185589
63213750588,190037390
63354425628,201407716
63354664668,193856751
63354903708,187249657
63496415388,199218449
63496654428,192066142
63496893468,185807874
63639839388,198206889
63640078428,191431027
63640317468,185502148
63784697628,198314379
63784936668,191650081
63785175708,185818820
63930512028,198841467
63930751068,192236283
63930990108,186456747
64077402108,199649653
64077641148,193068446
64077880188,187309890
64225128828,200771153
64225367868,194174758
64225606908,188402913
64373692188,201852548
64373931228,195120979
64374170268,189355856
64522972668,202811374
64523211708,196209952
64523450748,190433708
64672850748,203879494
64673089788,197269557
64673328828,191360862
64823445948,204940754
64823684988,198198159
64823924028,192173389
64974638748,205776715
64974877788,198929625
64975116828,193063421
65126548668,206805493
65126787708,199954806
65127026748,194085455
65279056188,207824773
65279295228,200971676
65279534268,194975216
65432041788,208728314
65432280828,201762274
65432519868,195666989
65585744508,209458615
65585983548,202401288
65586222588,196351127
65739805788,210182236
65740044828,203284456
65740283868,197248899
65894584188,211092786
65894823228,204081187
65895062268,197946038
66049721148,211827783
66049960188,204724310
66050199228,198633771
66205336188,212554549
66205575228,205485230
66205814268,199299576
66361309788,213262129
66361548828,206104362
66361787868,199841316
66517761468,213861151
66518000508,206753507
66518239548,200534318
66674452188,214592528
66674691228,207393462
66674930268,200969279
66831381948,214973119
66831620988,207726479
66831860028,201385669
66988789788,215462460
66989028828,208279652
66989267868,201994695
67146675708,216120358
67146914748,208855313
67147153788,202498398
67304561628,216561098
67304800668,209240960
67305039708,202960840
67462686588,216965735
67462925628,209595018
67463164668,203270640
67621050588,217361810
67621289628,210066583
67621528668,203683260
67779892668,217722852
67780131708,210382495
67780370748,203959683
67938734748,218089722
67938973788,210703506
67939212828,204240567
68097696348,218335496
68097935388,210918559
68098174428,204553739
68257016508,218734521
68257255548,211392705
68257494588,204968616
68416336668,219097539
68416575708,211585346
68416814748,205012177
68575656828,219135654
68575895868,211618697
68576134908,205166359
68735216028,219395564
68735455068,211971118
68735694108,205474728
68895014268,219665387
68895253308,212207213
68895492348,205681311
69054692988,219846147
69054932028,212240378
69055171068,205710330
69214491228,219871538
69214730268,212387595
69214969308,205839145
69374169948,219984251
69374408988,212486219
69374648028,205925441
69533968188,220059760
69534207228,212552290
69534446268,205983253
69693885948,220110346
69694124988,212721552
69694364028,206131358
69853923228,220239938
69854162268,212834945
69854401308,206230576
70013840988,220326754
70014080028,212910909
70014319068,206297045
70173758748,220384914
70173997788,212836799
70174236828,206232199
70333796028,220328174
70334035068,212912152
70334274108,206423133
70493952828,220495241
70494191868,213058335
70494430908,206426043
70654229148,220622787
70654468188,213169938
70654707228,206523695
70814385948,220708233
70814624988,213119703
70814864028,206479740
70974662268,220669772
70974901308,213086050
70975140348,206575293
71135058108,220878381
71135297148,213393583
71135536188,206844385
71295453948,220988836
71295692988,213365231
71295932028,206694577
71455969308,220857754
71456208348,213375534
71456447388,206828592
71616484668,221100018
71616723708,213587515
71616962748,206889075
71777239068,221152940
71777478108,213633822
71777717148,207054594
71938232508,221422769
71938471548,213869922
71938710588,207261181
72099225948,221603533
72099464988,214028091
72099704028,207399579
72260219388,221724631
72260458428,214134052
72260697468,207492295
72421451868,221805758
72421690908,214205038
72421929948,207554408
72582803868,221860107
72583042908,214377593
72583281948,207830393
72744514428,222226593
72744753468,214698268
72744992508,207985984
72906464028,222362736
72906703068,214817394
72906942108,208215219
73068413628,222688316
73068652668,215102276
73068891708,208464491
73230841308,222906429
73231080348,215418125
73231319388,208865859
73393627548,223382626
73393866588,215834797
73394105628,209230447
73556652828,223701641
73556891868,216113935
73557130908,209599693
73720156188,224149731
73720395228,216631014
73720634268,210052137
73883659548,224545619
73883898588,216852416
73884137628,210245864
74047640988,224840131
74047880028,217235114
74048119068,210705724
74212220028,225367508
74212459068,217821569
74212698108,211218872
74377157628,225941513
74377396668,218323823
74377635708,211658345
74542573308,226451051
74542812348,218769669
74543051388,212173460
74708467068,227026777
74708706108,219398429
74708945148,212723625
74874838908,227508171
74875077948,219944649
74875316988,213326567
75041569308,228285746
75041808348,220625027
75042047388,213921898
75209016828,228931660
75209255868,221315202
75209494908,214650801
75376942428,229569450
75377181468,221873268
75377420508,215139109
75545585148,230246720
75545824188,222590880
75546063228,215892020
75714944988,231030517
75715184028,223401702
75715423068,216726489
75885260988,232010677
75885500028,224384342
75885739068,217586299
76056294108,233013011
76056533148,225261384
76056772188,218478711
76228044348,234043872
76228283388,226288388
76228522428,219502339
76400870268,235064546
76401109308,227306477
76401348348,220518167
76574652348,236203396
76574891388,228427971
76575130428,221624474
76749510108,237421414
76749749148,229618737
76749988188,222791394
76925324028,238692469
76925563068,230855910
76925802108,223998921
77102572188,240124055
77102811228,232233548
77103050268,225454354
77281135068,241772559
77281374108,233925989
77281613148,227060240
77461012668,243427710
77461251708,235499246
77461490748,228561840
77642085468,245116610
77642324508,237102033
77642563548,230089278
77824592508,246703118
77824831548,238615228
77825070588,231663324
78008772828,248455408
78009011868,240523482
78009250908,233583046
78194626428,250510165
78194865468,242446394
78195104508,235390594
78381675228,252466769
78381914268,244283422
78382153308,237247994
78570277788,254466994
78570516828,246283619
78570755868,239123166
78760314588,256482770
78760553628,248172423
78760792668,240900870
78952861308,258538261
78953100348,250345978
78953339388,243177730
79147559388,237155513
79147798428,231761073
79148037468,227165938
79345125948,223520195
79345364988,220330170
79345604028,217413898
79545560988,215237160
79545800028,213332515
79546039068,211790950
79748386428,210692081
79748625468,209730570
79748864508,208764248
79927068828,205043717
79927307868,201788252
79927546908,198939720
80071688028,214447255
80071927068,205641348
80072166108,198061179
80215470588,209303531
80215709628,201140589
80215948668,193998015
80361165468,205873263
80361404508,198389105
80361643548,191840466
80508653148,204485407
80508892188,197299731
80509131228,191137264
80658292188,204370106
80658531228,197573842
80658770268,191627111
80809724028,205173722
80809963068,198402006
80810202108,192601755
80963187708,206651535
80963426748,200070093
80963665788,194311331
81118324668,208522414
81118563708,201832112
81118802748,195978098
81275493468,210480835
81275732508,203795730
81275971548,197946263
81434216028,212702980
81434455068,205990107
81434694108,200116343
81594731388,214976800
81594970428,208104700
81595209468,202216612
81756920028,217189535
81757159068,210415843
81757398108,204488862
81920662428,219552754
81920901468,212608659
81921140508,206532576
82085958588,221716004
82086197628,214751503
82086436668,208657565
82252688988,223950369
82252928028,216831572
82253167068,210602625
82420973148,226027296
82421212188,218898884
82421451228,212661523
82590691548,228203832
82590930588,220928353
82591169628,214562308
82761724668,230242019
82761963708,222836766
82762202748,216482170
82933952988,232171898
82934192028,224775410
82934431068,218303483
83107615548,234140547
83107854588,226622978
83108093628,220045105
83282592828,236039466
83282831868,228409532
83283070908,221858340
83458765308,237876047
83459004348,230266541
83459243388,223608223
83635774428,239657195
83636013468,231950045
83636252508,225081289
83814098268,241321127
83814337308,233530986
83814576348,226589612
83993378268,242890910
83993617308,234904546
83993856348,227916477
84173733948,244301917
84173972988,236264177
84174212028,229356154
84354806748,245811634
84355045788,237835179
84355284828,230855781
84536955228,247248808
84537194268,239217707
84537433308,232065493
84719820828,248557306
84720059868,240487642
84720298908,233301686
84903523068,249888975
84903762108,241652853
84904001148,234446246
85087822908,251015465
85088061948,242763531
85088300988,235543089
85272122748,252100202
85272361788,243712676
85272600828,236248591
85457737308,252842517
85457976348,244362202
85458215388,237066926
85643590908,253808560
85643829948,245332490
85644068988,238040928
85829803068,254660812
85830042108,246203210
85830281148,238802808
86017210428,255577457
86017449468,247130274
86017688508,239613989
86205215388,233162240
86205454428,227516960
86205693468,222577340
86394415548,218380172
86394654588,214707650
86394893628,211494193
86583376668,208682418
86583615708,206222115
86583854748,204069350
86772337788,202185681
86772576828,200537470
86772815868,199095286
86962494108,197958375
86962733148,196963578
86962972188,196093130
87152411388,195331488
87152650428,194665052
87152889468,194081920
87342089628,217321680
87342328668,213906470
87342567708,210918161
87532365468,232053390
87532604508,226796716
87532843548,222197126
87722760828,241922485
87722999868,235432174
87723238908,229878152
87913873308,248768383
87914112348,241672335
87914351388,235463293
88104268668,253655381
88104507708,245823458
88104746748,238845525
88294903068,256489834
88295142108,248303604
88295381148,241140653
88486493628,234998071
88486732668,229498312
88486971708,224686023
88678323228,220600270
88678562268,217025236
88678801308,213897081
88870152828,211159945
88870391868,208764951
88870630908,206669332
89062221468,204835665
89062460508,203231206
89062699548,201827305
89253692508,200473891
89253931548,199289654
89254170588,198378447
89444924508,197456141
89445163548,196774123
89445402588,196177357
89636515068,219405187
89636754108,215979538
89636993148,212857095
89827986108,233999958
89828225148,228749963
89828464188,224156217
90019457148,244011689
90019696188,237510227
90019935228,231696448
90210928188,250484392
90211167228,243173843
90211406268,236777112
90403235868,255179973
90403474908,247407476
90403713948,240481541
90595543548,258421348
90595782588,250118679
90596021628,242978844
90787373148,260606488
90787612188,252030677
90787851228,244401842
90979680828,237851611
90979919868,232120159
90980158908,227230139
91172227548,222951371
91172466588,219207449
91172705628,215806517
91365252348,212955702
91365491388,210461239
91365730428,208278584
91557679548,206243761
91557918588,204463290
91558157628,203030378
91749389628,201651580
91749628668,200445132
91749867708,199264490
91941936348,222231428
91942175388,218577499
91942414428,215380311
92134722108,236582772
92134961148,231134925
92135200188,226368059
92327268828,246197051
92327507868,239547419
92327746908,233728991
92520174108,252637867
92520413148,245183133
92520652188,238660241
92714274588,257202710
92714513628,249302371
92714752668,242389574
92908614108,260590877
92908853148,252267017
92909092188,245108639
93102953628,238720059
93103192668,233255051
93103431708,228348169
93297532188,224179647
93297771228,220407191
93298010268,217231292
93492827868,214452380
93493066908,212145832
93493305948,210002603
93687884508,208127277
93688123548,206486367
93688362588,205050571
93883658268,203919249
93883897308,202804342
93884136348,201953799
94079551548,201209574
94079790588,200558377
94080029628,200113579
94275803388,223974381
94276042428,220602583
94276281468,217652260
94472294268,239445727
94472533308,234140011
94472772348,229372509
94669741308,249825945
94669980348,243222701
94670219388,237569863
94868861628,257373630
94869100668,250201926
94869339708,243926685
95067981948,263060849
95068220988,255178242
95068460028,248155961
95267938908,242136465
95268177948,236869406
95268416988,232260730
95469210588,228478138
95469449628,225043370
95469688668,222037948
95672036028,219658204
95672275068,217575928
95672514108,215753937
95874263868,214034694
95874502908,212530357
95874741948,211214062
96029400828,204187304
96029639868,198038891
96029878908,192659029
96197565468,189576650
96197804508,186879568
96198043548,184644622
96354375708,202189044
96354614748,196540413
96354853788,191597861
96512978748,206898128
96513217788,200910862
96513456828,195672004
96674330748,211213003
96674569788,205061377
96674808828,199553704
96837714588,215109491
96837953628,208595804
96838192668,203021328
97003727868,218768662
97003966908,212172579
97004205948,206526006
97171533948,222335255
97171772988,215543348
97172012028,209725429
97341371868,225634750
97341610908,218680406
97341849948,212595355
97513480668,228645935
97513719708,221565193
97513958748,215369543
97687501788,231698350
97687740828,224486056
97687979868,218175299
97862957148,234528386
97863196188,227212337
97863435228,220810794
98040324828,237334444
98040563868,229917638
98040802908,223302933
98219246268,239890066
98219485308,232278807
98219724348,225618956
98399960508,242291586
98400199548,234630137
98400438588,227926369
98582348028,244810572
98582587068,237084250
98582826108,230198718
98765930748,247048878
98766169788,239167768
98766408828,232271797
98951067228,249362822
98951306268,241442469
98951545308,234387160
99137398908,251463765
99137637948,243280794
99137876988,236120694
99325164828,253355607
99325403868,245186156
99325642908,238037886
99513528348,255283150
99513767388,246872756
99514006428,239638661
99702967548,256808828
99703206588,248457724
99703445628,241025508
99894438588,234897319
99894677628,229410154
99894916668,224608884
