0.000 0.000 0.000 0.000 0.000 0.000 0.000 0.000 0.000 0.000 0.000 0.000 0.000 0.000 0.000 0.000 0.000 0.000 0.000 0.000 0.000 0.000 0.000 0.000 0.000 0.000 0.000 0.000 0.000 0.000 0.000 0.000 0.000 0.000 0.000 0.000 0.000 0.000 0.000 0.000 0.000
38085120.000 24410880.000 30965760.000 38557440.000 29030400.000 24042240.000 34260480.000 27164160.000 29825280.000 23523840.000 23523840.000 23523840.000 23523840.000 23523840.000 23523840.000 20885760.000 20851200.000 20712960.000 20643840.000 18685440.000 18685440.000 18685440.000 18685440.000 18685440.000 18685440.000 18685440.000 18685440.000 18685440.000 18685440.000 18685440.000 18685440.000 18685440.000 27440640.000 27440640.000 27440640.000 27267840.000 25436160.000 25436160.000 26161920.000 26161920.000 956275200.000
23385600.000 19146240.000 19411200.000 31334400.000 26115840.000 22947840.000 21277440.000 26449920.000 24042240.000 19388160.000 19399680.000 19399680.000 19399680.000 19399680.000 19399680.000 30355200.000 22245120.000 26392320.000 26461440.000 23109120.000 23109120.000 23109120.000 23109120.000 23074560.000 23051520.000 22982400.000 23016960.000 23016960.000 23834880.000 19307520.000 19272960.000 19111680.000 31288320.000 31288320.000 32486400.000 31841280.000 25459200.000 25459200.000 30032640.000 31046400.000 963959040.000
26265600.000 24203520.000 24053760.000 23846400.000 19630080.000 25309440.000 25309440.000 20206080.000 24122880.000 24053760.000 24042240.000 24042240.000 29260800.000 23673600.000 23673600.000 23143680.000 23454720.000 23950080.000 19779840.000 19779840.000 19756800.000 19710720.000 19710720.000 19745280.000 19768320.000 19837440.000 19883520.000 19883520.000 20183040.000 19284480.000 19491840.000 19457280.000 34260480.000 32751360.000 35781120.000 32440320.000 28834560.000 28834560.000 31196160.000 31242240.000 963855360.000
20632320.000 20448000.000 20609280.000 21484800.000 20494080.000 20436480.000 20977920.000 20321280.000 21415680.000 20609280.000 20620800.000 20551680.000 28270080.000 20620800.000 20689920.000 20378880.000 21392640.000 21565440.000 20678400.000 20597760.000 20505600.000 20505600.000 20505600.000 20505600.000 25459200.000 25390080.000 25390080.000 20378880.000 20436480.000 25390080.000 26265600.000 25297920.000 34813440.000 35285760.000 39306240.000 34018560.000 28258560.000 28235520.000 32532480.000 32578560.000 963855360.000
29502720.000 35285760.000 24433920.000 16335360.000 9872640.000 37209600.000 28270080.000 21312000.000 26599680.000 29491200.000 19399680.000 18650880.000 26150400.000 18627840.000 31633920.000 14630400.000 15563520.000 15563520.000 21392640.000 29491200.000 48879360.000 18593280.000 30712320.000 22993920.000 13754880.000 13800960.000 11715840.000 18938880.000 33338880.000 9815040.000 22740480.000 23097600.000 30954240.000 29352960.000 27947520.000 24894720.000 19399680.000 19514880.000 26795520.000 32394240.000 949052160.000
43868160.000 57196800.000 944640.000 2787840.000 10275840.000 65548800.000 61712640.000 53556480.000 52980480.000 46010880.000 2638080.000 2603520.000 56678400.000 2810880.000 47773440.000 5552640.000 184320.000 184320.000 45699840.000 64661760.000 79960320.000 2188800.000 39214080.000 898560.000 23040.000 23040.000 23040.000 1313280.000 59086080.000 10978560.000 55572480.000 1140480.000 24456960.000 4942080.000 3398400.000 2891520.000 15966720.000 12049920.000 4642560.000 22141440.000 964581120.000
27095040.000 27786240.000 21715200.000 32394240.000 25355520.000 26979840.000 27544320.000 27544320.000 27164160.000 27383040.000 27682560.000 23397120.000 27406080.000 23316480.000 27210240.000 24802560.000 5760000.000 5760000.000 27279360.000 37140480.000 28396800.000 24480000.000 26991360.000 27129600.000 2257920.000 2246400.000 1981440.000 22371840.000 27751680.000 24802560.000 27532800.000 21749760.000 24929280.000 58014720.000 32912640.000 29399040.000 17326080.000 13881600.000 28212480.000 22325760.000 965410560.000
17856000.000 21127680.000 35331840.000 15148800.000 34202880.000 6301440.000 15759360.000 12026880.000 11324160.000 8974080.000 16577280.000 17130240.000 68002560.000 55710720.000 24330240.000 9930240.000 60503040.000 8709120.000 6278400.000 18374400.000 32440320.000 22268160.000 12245760.000 33684480.000 37036800.000 10828800.000 10713600.000 52565760.000 29111040.000 19872000.000 42186240.000 14423040.000 27325440.000 25908480.000 36495360.000 25159680.000 8755200.000 7119360.000 27256320.000 11600640.000 950595840.000
9976320.000 3006720.000 7718400.000 11992320.000 48464640.000 11520.000 8144640.000 8732160.000 27832320.000 15690240.000 20828160.000 12510720.000 13950720.000 37969920.000 20044800.000 11520.000 4020480.000 11520.000 11520.000 7637760.000 93392640.000 82920960.000 16104960.000 1117440.000 5806080.000 14319360.000 13812480.000 52277760.000 65905920.000 92160.000 123333120.000 11520.000 23304960.000 9953280.000 9734400.000 6048000.000 58798080.000 34087680.000 13063680.000 49213440.000 931864320.000
28581120.000 22452480.000 25320960.000 23973120.000 184320.000 12084480.000 28258560.000 28431360.000 25735680.000 24180480.000 25032960.000 32428800.000 11301120.000 184320.000 25136640.000 115200.000 23040.000 115200.000 12084480.000 26000640.000 32705280.000 26277120.000 28454400.000 19964160.000 32371200.000 24088320.000 28488960.000 28362240.000 322560.000 990720.000 27544320.000 115200.000 18397440.000 53314560.000 22993920.000 13420800.000 102873600.000 55699200.000 7914240.000 86342400.000 962265600.000
25355520.000 28350720.000 20632320.000 25067520.000 195840.000 20494080.000 21116160.000 21116160.000 20517120.000 20793600.000 25827840.000 22452480.000 20390400.000 195840.000 20574720.000 138240.000 264960.000 138240.000 20471040.000 28465920.000 20943360.000 26115840.000 27659520.000 20643840.000 20655360.000 20632320.000 22268160.000 27521280.000 184320.000 22590720.000 20344320.000 9100800.000 19388160.000 61171200.000 41114880.000 18892800.000 95028480.000 60456960.000 19203840.000 63325440.000 959800320.000
18696960.000 20689920.000 21772800.000 19526400.000 4965120.000 26173440.000 18766080.000 17568000.000 21104640.000 27037440.000 21899520.000 26081280.000 17429760.000 7073280.000 18685440.000 6439680.000 0.000 7649280.000 26173440.000 19088640.000 20954880.000 32808960.000 18938880.000 26173440.000 17602560.000 17268480.000 17130240.000 17683200.000 702720.000 21968640.000 17602560.000 17061120.000 20666880.000 64097280.000 44087040.000 20148480.000 96053760.000 62046720.000 21070080.000 66435840.000 967322880.000
15943680.000 15851520.000 16116480.000 18604800.000 19353600.000 20563200.000 18604800.000 15897600.000 16335360.000 20229120.000 16139520.000 20321280.000 15747840.000 16853760.000 22579200.000 15575040.000 0.000 15575040.000 20563200.000 22579200.000 19249920.000 16899840.000 22314240.000 20586240.000 19768320.000 16081920.000 15932160.000 15897600.000 10056960.000 16116480.000 19791360.000 19814400.000 26415360.000 64765440.000 45423360.000 21623040.000 97516800.000 62760960.000 22337280.000 69246720.000 966032640.000
17591040.000 17637120.000 17498880.000 17637120.000 17798400.000 17372160.000 17637120.000 17637120.000 17602560.000 17660160.000 17660160.000 17648640.000 17602560.000 17671680.000 17867520.000 17510400.000 161280.000 17637120.000 17521920.000 17821440.000 19272960.000 17706240.000 17775360.000 17648640.000 17487360.000 17510400.000 17602560.000 17637120.000 21219840.000 17510400.000 21680640.000 22521600.000 27279360.000 67057920.000 47139840.000 22844160.000 76803840.000 65249280.000 23834880.000 72921600.000 963878400.000
17533440.000 17441280.000 17475840.000 17671680.000 17452800.000 17763840.000 17671680.000 17660160.000 17902080.000 22014720.000 17452800.000 17763840.000 17902080.000 17395200.000 22014720.000 17395200.000 207360.000 17441280.000 17614080.000 17418240.000 17406720.000 17579520.000 17763840.000 17475840.000 17717760.000 17406720.000 17902080.000 17452800.000 26576640.000 17395200.000 22429440.000 27048960.000 24940800.000 68302080.000 48913920.000 21646080.000 61620480.000 73105920.000 28350720.000 59616000.000 963843840.000
16427520.000 16369920.000 16346880.000 16277760.000 16369920.000 17222400.000 16277760.000 16162560.000 16208640.000 16508160.000 20586240.000 17222400.000 17222400.000 20459520.000 16508160.000 20459520.000 11151360.000 20586240.000 16335360.000 17568000.000 16369920.000 16243200.000 17222400.000 16346880.000 16220160.000 17568000.000 17222400.000 16369920.000 26231040.000 20459520.000 20286720.000 17521920.000 26979840.000 58993920.000 57093120.000 25032960.000 55814400.000 74522880.000 37301760.000 67829760.000 963901440.000
15436800.000 15621120.000 20459520.000 15632640.000 15621120.000 23454720.000 15632640.000 18132480.000 19468800.000 15528960.000 15621120.000 22648320.000 22809600.000 15586560.000 15528960.000 15586560.000 15505920.000 15540480.000 20459520.000 23143680.000 15540480.000 18155520.000 18570240.000 20459520.000 15713280.000 18316800.000 22648320.000 15621120.000 16185600.000 15586560.000 15598080.000 23420160.000 25505280.000 67898880.000 48326400.000 26530560.000 59155200.000 49870080.000 40596480.000 72737280.000 963855360.000
16243200.000 19676160.000 23155200.000 16185600.000 19676160.000 19572480.000 16185600.000 17625600.000 16151040.000 19722240.000 16197120.000 19860480.000 19710720.000 16266240.000 19733760.000 16266240.000 16197120.000 16266240.000 22993920.000 19733760.000 16266240.000 17475840.000 16035840.000 23155200.000 16151040.000 19733760.000 16312320.000 19676160.000 16047360.000 16266240.000 16174080.000 19733760.000 26565120.000 71804160.000 44870400.000 28016640.000 55814400.000 41967360.000 39628800.000 74741760.000 963855360.000
17521920.000 17890560.000 21991680.000 17349120.000 17890560.000 21000960.000 17349120.000 17487360.000 17337600.000 17948160.000 17660160.000 18109440.000 18086400.000 17706240.000 17936640.000 17706240.000 22072320.000 17660160.000 22152960.000 17809920.000 17706240.000 17775360.000 17671680.000 21991680.000 20874240.000 17936640.000 17337600.000 17890560.000 17775360.000 17706240.000 17775360.000 19653120.000 29329920.000 73497600.000 46794240.000 29571840.000 53798400.000 35412480.000 40343040.000 60249600.000 961758720.000
16876800.000 16968960.000 16968960.000 16980480.000 16968960.000 17913600.000 16980480.000 17003520.000 16980480.000 16842240.000 16968960.000 18293760.000 18293760.000 24376320.000 24376320.000 24503040.000 16980480.000 16968960.000 16968960.000 24376320.000 24503040.000 16796160.000 18293760.000 16968960.000 19284480.000 24376320.000 18443520.000 16968960.000 16531200.000 24376320.000 16531200.000 23880960.000 30896640.000 51114240.000 48199680.000 34410240.000 60779520.000 37255680.000 35297280.000 58452480.000 965952000.000
21127680.000 17153280.000 17441280.000 17280000.000 17153280.000 17441280.000 17280000.000 21911040.000 17280000.000 21116160.000 17153280.000 24698880.000 24860160.000 21565440.000 21565440.000 18155520.000 21000960.000 17153280.000 17441280.000 21945600.000 22982400.000 17291520.000 24860160.000 17441280.000 20505600.000 21565440.000 20263680.000 17280000.000 17579520.000 18236160.000 21150720.000 17602560.000 32186880.000 49639680.000 52070400.000 35907840.000 47681280.000 38522880.000 38476800.000 41886720.000 963855360.000
18259200.000 18362880.000 18040320.000 21772800.000 21772800.000 18040320.000 21772800.000 21772800.000 23063040.000 18673920.000 18362880.000 24410880.000 16266240.000 24065280.000 19330560.000 18282240.000 18650880.000 18282240.000 21611520.000 18455040.000 19964160.000 16888320.000 17729280.000 18040320.000 21611520.000 25931520.000 24019200.000 21761280.000 18051840.000 18282240.000 18812160.000 17752320.000 34490880.000 46195200.000 46137600.000 42462720.000 35631360.000 39813120.000 38833920.000 41863680.000 963521280.000
11520.000 1509120.000 98081280.000 552960.000 1831680.000 3041280.000 552960.000 564480.000 357120.000 65053440.000 1589760.000 2223360.000 1416960.000 3294720.000 3168000.000 3168000.000 99624960.000 3168000.000 102839040.000 97908480.000 864000.000 241920.000 1301760.000 97274880.000 65836800.000 83151360.000 956160.000 1117440.000 3041280.000 3168000.000 2062080.000 64051200.000 714240.000 29594880.000 16485120.000 42405120.000 23304960.000 1301760.000 1716480.000 16796160.000 945342720.000
29272320.000 0.000 63889920.000 92160.000 0.000 33914880.000 92160.000 92160.000 92160.000 49063680.000 35412480.000 0.000 38269440.000 38557440.000 27452160.000 27509760.000 54397440.000 27774720.000 61920000.000 62323200.000 0.000 92160.000 0.000 61643520.000 48407040.000 51079680.000 92160.000 0.000 27279360.000 27452160.000 22890240.000 49017600.000 92160.000 26864640.000 15932160.000 42877440.000 21381120.000 0.000 0.000 15897600.000 961125120.000
42071040.000 0.000 41679360.000 46080.000 0.000 38960640.000 46080.000 46080.000 46080.000 38350080.000 50446080.000 0.000 37463040.000 37555200.000 37370880.000 37313280.000 35827200.000 37048320.000 36875520.000 54328320.000 0.000 24549120.000 0.000 53095680.000 36334080.000 36460800.000 46080.000 0.000 35066880.000 37370880.000 48948480.000 36126720.000 46080.000 28512000.000 17475840.000 45434880.000 23051520.000 0.000 0.000 17141760.000 965134080.000
26876160.000 18938880.000 32843520.000 0.000 69120.000 28454400.000 0.000 18063360.000 0.000 35032320.000 26841600.000 69120.000 32336640.000 32705280.000 41011200.000 33223680.000 26461440.000 33223680.000 32313600.000 50952960.000 69120.000 32371200.000 69120.000 46206720.000 32336640.000 44881920.000 0.000 69120.000 28535040.000 32958720.000 33880320.000 32336640.000 76481280.000 28972800.000 18270720.000 45008640.000 23581440.000 46080.000 46080.000 18178560.000 963717120.000
32739840.000 25701120.000 26081280.000 0.000 21853440.000 31944960.000 0.000 25678080.000 0.000 31991040.000 26092800.000 17579520.000 26323200.000 26184960.000 33592320.000 25966080.000 30493440.000 31956480.000 26300160.000 27060480.000 17579520.000 26680320.000 17579520.000 27267840.000 28558080.000 33615360.000 0.000 17372160.000 31944960.000 26208000.000 26277120.000 26323200.000 69534720.000 28454400.000 17982720.000 48879360.000 28846080.000 0.000 0.000 23328000.000 963970560.000
22510080.000 22060800.000 22095360.000 14872320.000 29767680.000 22302720.000 14780160.000 28051200.000 19676160.000 23351040.000 21830400.000 26507520.000 22129920.000 22187520.000 27855360.000 21841920.000 24307200.000 27970560.000 22129920.000 22095360.000 21864960.000 22118400.000 21864960.000 22233600.000 26415360.000 22360320.000 14803200.000 26461440.000 27129600.000 21864960.000 22095360.000 22129920.000 53452800.000 30447360.000 21024000.000 53187840.000 40181760.000 0.000 0.000 37393920.000 965352960.000
24145920.000 23846400.000 23846400.000 19445760.000 24134400.000 19296000.000 19514880.000 19457280.000 19722240.000 19180800.000 28200960.000 19883520.000 24030720.000 21761280.000 24134400.000 19503360.000 19249920.000 19941120.000 24030720.000 24030720.000 19249920.000 19019520.000 19261440.000 24030720.000 19226880.000 19203840.000 18950400.000 19952640.000 22233600.000 23857920.000 24030720.000 24030720.000 48545280.000 32843520.000 22348800.000 69868800.000 41909760.000 15379200.000 6312960.000 34467840.000 962081280.000
23408640.000 20839680.000 20839680.000 20448000.000 20805120.000 20079360.000 20448000.000 20597760.000 20448000.000 20309760.000 21934080.000 20448000.000 25620480.000 28707840.000 21058560.000 20448000.000 20494080.000 20448000.000 25620480.000 25712640.000 20494080.000 20851200.000 20494080.000 25436160.000 20782080.000 20747520.000 20724480.000 20448000.000 23040000.000 21058560.000 25436160.000 25620480.000 44524800.000 34801920.000 24122880.000 54224640.000 46805760.000 22049280.000 368640.000 34398720.000 965145600.000
2880000.000 3939840.000 92643840.000 9653760.000 13443840.000 1416960.000 9285120.000 2200320.000 3559680.000 2165760.000 92540160.000 1359360.000 109094400.000 1797120.000 9008640.000 9319680.000 3536640.000 5483520.000 105592320.000 68924160.000 4147200.000 4665600.000 7511040.000 13639680.000 3801600.000 84165120.000 1359360.000 9584640.000 4665600.000 9031680.000 13639680.000 13996800.000 29640960.000 43822080.000 31080960.000 16427520.000 5379840.000 6693120.000 35043840.000 41379840.000 927521280.000
15402240.000 15851520.000 43464960.000 12752640.000 16577280.000 20136960.000 23040.000 15171840.000 18144000.000 19134720.000 56666880.000 26622720.000 52496640.000 18743040.000 15171840.000 23040.000 18178560.000 20632320.000 56874240.000 50330880.000 23040.000 184320.000 13224960.000 16899840.000 16035840.000 53418240.000 26622720.000 23040.000 184320.000 46080.000 16577280.000 368640.000 24975360.000 36910080.000 26449920.000 143447040.000 26069760.000 20113920.000 184320.000 36668160.000 950826240.000
22878720.000 22924800.000 23431680.000 22625280.000 23086080.000 23304960.000 11462400.000 22890240.000 22947840.000 23097600.000 23523840.000 27187200.000 23212800.000 22982400.000 22959360.000 15068160.000 23016960.000 23189760.000 25896960.000 35020800.000 11289600.000 17925120.000 27578880.000 27083520.000 22947840.000 23558400.000 27210240.000 11554560.000 16704000.000 11577600.000 23120640.000 20401920.000 24906240.000 37267200.000 18869760.000 85870080.000 33085440.000 36887040.000 1094400.000 36760320.000 976400640.000
23201280.000 24445440.000 23132160.000 20459520.000 20609280.000 20724480.000 20459520.000 23201280.000 21185280.000 20689920.000 26161920.000 21450240.000 20689920.000 20459520.000 23201280.000 21185280.000 23097600.000 20643840.000 24076800.000 22636800.000 24364800.000 20632320.000 20828160.000 21646080.000 20609280.000 23051520.000 21427200.000 25931520.000 20517120.000 20528640.000 20609280.000 20505600.000 26288640.000 38649600.000 19226880.000 63578880.000 32544000.000 40078080.000 8582400.000 33384960.000 964696320.000
21876480.000 20678400.000 21934080.000 24364800.000 20471040.000 19480320.000 19503360.000 21761280.000 30470400.000 19491840.000 24560640.000 19468800.000 19607040.000 24364800.000 21761280.000 19480320.000 21934080.000 19607040.000 30009600.000 19503360.000 20678400.000 19480320.000 24364800.000 19468800.000 20448000.000 22037760.000 19468800.000 24341760.000 24341760.000 20448000.000 19468800.000 28039680.000 28304640.000 39294720.000 20413440.000 36979200.000 34295040.000 42520320.000 21012480.000 38119680.000 963855360.000
17360640.000 17153280.000 17164800.000 27544320.000 21058560.000 21853440.000 21450240.000 17510400.000 29560320.000 21461760.000 25263360.000 17222400.000 21438720.000 26991360.000 17475840.000 26553600.000 17187840.000 21139200.000 25413120.000 17441280.000 17176320.000 26553600.000 27014400.000 17222400.000 21058560.000 21392640.000 17487360.000 26288640.000 21726720.000 21058560.000 17222400.000 23846400.000 37797120.000 44881920.000 20943360.000 35112960.000 34318080.000 41541120.000 22199040.000 37912320.000 960998400.000
19710720.000 19941120.000 19929600.000 20148480.000 19653120.000 19791360.000 19560960.000 19699200.000 20275200.000 19549440.000 21185280.000 20090880.000 24445440.000 23938560.000 19710720.000 25309440.000 19941120.000 19883520.000 21415680.000 19687680.000 19941120.000 25309440.000 23938560.000 19941120.000 19653120.000 24963840.000 29387520.000 19998720.000 19687680.000 19653120.000 19929600.000 20321280.000 42543360.000 43418880.000 21726720.000 37255680.000 36967680.000 47980800.000 24387840.000 35838720.000 966712320.000
23063040.000 18547200.000 18639360.000 23258880.000 18639360.000 23316480.000 23420160.000 23258880.000 22924800.000 23408640.000 18662400.000 18524160.000 19284480.000 24192000.000 23063040.000 23178240.000 21680640.000 23420160.000 18420480.000 18524160.000 18547200.000 23178240.000 20044800.000 18662400.000 18639360.000 23016960.000 19376640.000 18616320.000 18524160.000 18639360.000 18662400.000 18616320.000 49697280.000 37601280.000 22959360.000 38499840.000 41598720.000 46010880.000 25263360.000 40273920.000 963855360.000
19607040.000 19272960.000 19180800.000 19399680.000 19146240.000 19399680.000 19399680.000 19399680.000 19399680.000 19399680.000 19157760.000 19376640.000 19353600.000 19964160.000 19618560.000 19618560.000 20816640.000 19399680.000 19296000.000 19261440.000 19272960.000 19618560.000 26138880.000 19388160.000 19146240.000 24468480.000 19353600.000 19146240.000 19261440.000 19146240.000 19146240.000 19146240.000 51229440.000 39121920.000 25067520.000 39905280.000 51713280.000 48821760.000 30193920.000 42117120.000 960871680.000
17717760.000 17602560.000 17602560.000 21219840.000 17775360.000 21219840.000 21219840.000 21219840.000 22256640.000 21219840.000 17936640.000 17890560.000 21980160.000 25493760.000 21219840.000 21219840.000 21450240.000 21219840.000 21980160.000 17602560.000 17602560.000 21219840.000 20839680.000 17890560.000 17683200.000 18040320.000 21980160.000 17683200.000 17602560.000 17648640.000 17775360.000 17775360.000 53556480.000 40527360.000 26380800.000 44616960.000 35539200.000 54789120.000 39640320.000 40999680.000 966839040.000
17694720.000 22129920.000 22129920.000 18259200.000 18120960.000 18259200.000 18282240.000 18259200.000 21911040.000 18259200.000 18305280.000 18305280.000 22648320.000 19964160.000 18259200.000 18259200.000 18259200.000 18282240.000 22648320.000 21991680.000 22049280.000 18282240.000 22348800.000 18305280.000 22129920.000 22348800.000 22648320.000 22129920.000 21818880.000 22129920.000 18120960.000 18120960.000 53003520.000 41495040.000 27694080.000 42209280.000 32037120.000 57542400.000 30781440.000 38430720.000 963855360.000
17291520.000 21588480.000 21588480.000 17280000.000 17222400.000 17280000.000 25585920.000 17280000.000 17602560.000 17280000.000 21288960.000 21277440.000 21265920.000 17303040.000 17291520.000 17280000.000 17291520.000 25585920.000 21265920.000 21726720.000 21669120.000 25585920.000 17395200.000 21277440.000 21576960.000 17395200.000 21127680.000 21576960.000 17602560.000 21588480.000 17222400.000 17222400.000 56183040.000 42877440.000 30597120.000 33868800.000 33707520.000 58083840.000 33719040.000 42001920.000 963855360.000
17879040.000 21922560.000 21922560.000 18835200.000 22947840.000 18835200.000 23086080.000 18835200.000 17879040.000 18835200.000 21784320.000 17637120.000 22809600.000 17925120.000 17879040.000 18835200.000 17879040.000 23086080.000 22809600.000 21922560.000 21922560.000 23120640.000 17775360.000 17637120.000 22394880.000 17625600.000 18040320.000 22394880.000 17879040.000 21922560.000 25056000.000 22947840.000 53637120.000 32209920.000 32739840.000 32440320.000 35043840.000 59143680.000 35078400.000 31161600.000 963717120.000
7649280.000 8121600.000 6624000.000 49824000.000 46379520.000 51079680.000 71769600.000 53464320.000 7649280.000 7637760.000 1278720.000 5771520.000 25470720.000 54086400.000 7649280.000 7637760.000 7649280.000 66574080.000 58694400.000 5207040.000 8121600.000 32866560.000 54247680.000 2776320.000 5379840.000 45388800.000 5771520.000 9699840.000 7649280.000 10275840.000 5379840.000 48384000.000 28995840.000 19906560.000 8870400.000 15367680.000 24284160.000 27498240.000 8582400.000 30389760.000 950054400.000
11520.000 11520.000 541440.000 29767680.000 2937600.000 22014720.000 104728320.000 26830080.000 11520.000 1969920.000 9838080.000 11520.000 702720.000 6220800.000 79545600.000 1969920.000 11520.000 111767040.000 3006720.000 11520.000 11520.000 357120.000 103322880.000 6071040.000 6462720.000 110269440.000 11520.000 84280320.000 11520.000 622080.000 11520.000 19215360.000 30435840.000 7741440.000 541440.000 5160960.000 28846080.000 8386560.000 11520.000 45031680.000 858712320.000
253440.000 253440.000 13559040.000 15552000.000 35458560.000 46080.000 78266880.000 15240960.000 253440.000 14227200.000 15298560.000 11761920.000 29594880.000 52761600.000 64915200.000 14077440.000 253440.000 90362880.000 50826240.000 12188160.000 253440.000 44582400.000 47911680.000 15471360.000 15552000.000 51816960.000 11761920.000 67449600.000 253440.000 14169600.000 12153600.000 46080.000 20989440.000 23500800.000 20021760.000 18616320.000 19987200.000 17084160.000 16289280.000 30389760.000 963452160.000
8098560.000 12430080.000 34179840.000 31714560.000 37797120.000 184320.000 28258560.000 26288640.000 8317440.000 26208000.000 31622400.000 26219520.000 26968320.000 27521280.000 27705600.000 26380800.000 8317440.000 28339200.000 27371520.000 31161600.000 8628480.000 30723840.000 27336960.000 32186880.000 26346240.000 27509760.000 28131840.000 27832320.000 8317440.000 32094720.000 26254080.000 172800.000 22003200.000 24456960.000 32878080.000 25562880.000 20954880.000 25551360.000 30816000.000 31322880.000 964166400.000
21588480.000 25309440.000 22129920.000 23304960.000 28396800.000 12487680.000 22072320.000 27048960.000 26484480.000 22176000.000 30712320.000 26760960.000 21922560.000 21888000.000 22106880.000 28627200.000 26334720.000 22083840.000 27440640.000 23304960.000 21392640.000 22106880.000 21899520.000 23258880.000 22026240.000 21968640.000 28465920.000 21934080.000 36057600.000 28120320.000 26737920.000 288000.000 23166720.000 16335360.000 32152320.000 21277440.000 21519360.000 28143360.000 32256000.000 32601600.000 963889920.000
27198720.000 28938240.000 21980160.000 21553920.000 21795840.000 27901440.000 28477440.000 22222080.000 22060800.000 21565440.000 22164480.000 22417920.000 21818880.000 21680640.000 27509760.000 21795840.000 26991360.000 21519360.000 21911040.000 21553920.000 21692160.000 27244800.000 27417600.000 22936320.000 27279360.000 21911040.000 21692160.000 21772800.000 23005440.000 24307200.000 22417920.000 14192640.000 28730880.000 17890560.000 36149760.000 22890240.000 14457600.000 29249280.000 34606080.000 31011840.000 963912960.000
19791360.000 29064960.000 19031040.000 24940800.000 23673600.000 19457280.000 23857920.000 23811840.000 23754240.000 24422400.000 19226880.000 23454720.000 23523840.000 23938560.000 19146240.000 23662080.000 22199040.000 24422400.000 23811840.000 26069760.000 23938560.000 19699200.000 19676160.000 24364800.000 19710720.000 19226880.000 24572160.000 19215360.000 23811840.000 22763520.000 23454720.000 23189760.000 45596160.000 18881280.000 34433280.000 23788800.000 17118720.000 30032640.000 34329600.000 34790400.000 963855360.000
19192320.000 19802880.000 27141120.000 19664640.000 19848960.000 19365120.000 26634240.000 24272640.000 29859840.000 19503360.000 24284160.000 26945280.000 27152640.000 21818880.000 19514880.000 19860480.000 19445760.000 19480320.000 24238080.000 19549440.000 19676160.000 21530880.000 26426880.000 19445760.000 21323520.000 24284160.000 19664640.000 19514880.000 19848960.000 26311680.000 27152640.000 24710400.000 39179520.000 20194560.000 35781120.000 25102080.000 18455040.000 35688960.000 35136000.000 36852480.000 963855360.000
25205760.000 19998720.000 22682880.000 22579200.000 24837120.000 19998720.000 22682880.000 20321280.000 22464000.000 19941120.000 20816640.000 23212800.000 22648320.000 22567680.000 19998720.000 28396800.000 19998720.000 19964160.000 20160000.000 19883520.000 19860480.000 22901760.000 22682880.000 24871680.000 22487040.000 20666880.000 24871680.000 19860480.000 19883520.000 20171520.000 22648320.000 28016640.000 36967680.000 20378880.000 33903360.000 31875840.000 20113920.000 34398720.000 35331840.000 43603200.000 963855360.000
34871040.000 10609920.000 26818560.000 14261760.000 9550080.000 9964800.000 13858560.000 29571840.000 9792000.000 48026880.000 16531200.000 23696640.000 10702080.000 44847360.000 9964800.000 17694720.000 9976320.000 53199360.000 13858560.000 36092160.000 33419520.000 33742080.000 12176640.000 16600320.000 13858560.000 40020480.000 12821760.000 60387840.000 15264000.000 13939200.000 10840320.000 39248640.000 29283840.000 12568320.000 27924480.000 20908800.000 21496320.000 20851200.000 47681280.000 22567680.000 949489920.000
77598720.000 46080.000 45953280.000 46080.000 5379840.000 5898240.000 9550080.000 47946240.000 0.000 50630400.000 5921280.000 46275840.000 11439360.000 60019200.000 6704640.000 6140160.000 5944320.000 64742400.000 9550080.000 77783040.000 48453120.000 50192640.000 46080.000 0.000 9550080.000 52934400.000 6912000.000 64224000.000 5587200.000 9550080.000 11439360.000 52162560.000 17187840.000 46080.000 18385920.000 46080.000 21864960.000 15217920.000 42670080.000 46080.000 964085760.000
47969280.000 3640320.000 26472960.000 7372800.000 32693760.000 23420160.000 27982080.000 24940800.000 0.000 28892160.000 21104640.000 29548800.000 32221440.000 34663680.000 31806720.000 26576640.000 24583680.000 34248960.000 34986240.000 27694080.000 35631360.000 36046080.000 5990400.000 0.000 26081280.000 36357120.000 29952000.000 27590400.000 23097600.000 23304960.000 23662080.000 24249600.000 15436800.000 14883840.000 19307520.000 7257600.000 22809600.000 16911360.000 46817280.000 7511040.000 963717120.000
18570240.000 3202560.000 68428800.000 83220480.000 27809280.000 63786240.000 23938560.000 69753600.000 6370560.000 118563840.000 11520.000 126720.000 1820160.000 43188480.000 67115520.000 104497920.000 564480.000 30067200.000 92160.000 71527680.000 0.000 0.000 518400.000 0.000 564480.000 31322880.000 576000.000 27521280.000 1889280.000 322560.000 3651840.000 253440.000 0.000 41379840.000 829440.000 898560.000 967680.000 0.000 13881600.000 1105920.000 928339200.000
12395520.000 29076480.000 31357440.000 27601920.000 0.000 368640.000 0.000 60756480.000 0.000 38096640.000 184320.000 18236160.000 25655040.000 230400.000 875520.000 64500480.000 34675200.000 46080.000 18213120.000 52381440.000 19077120.000 39029760.000 30470400.000 0.000 30389760.000 0.000 17729280.000 0.000 28535040.000 27290880.000 29882880.000 21749760.000 35481600.000 18005760.000 38200320.000 32774400.000 53291520.000 54478080.000 39651840.000 32083200.000 962772480.000
25585920.000 25217280.000 39237120.000 38937600.000 0.000 92160.000 0.000 25666560.000 0.000 25159680.000 172800.000 24860160.000 26346240.000 184320.000 22083840.000 27267840.000 25344000.000 0.000 24860160.000 25528320.000 31576320.000 27037440.000 26645760.000 0.000 34882560.000 0.000 31219200.000 0.000 25090560.000 26530560.000 25194240.000 25009920.000 32693760.000 18892800.000 42497280.000 41310720.000 50480640.000 59201280.000 65168640.000 33580800.000 953556480.000
31576320.000 25263360.000 26127360.000 32405760.000 0.000 0.000 23040.000 25320960.000 23040.000 31921920.000 19699200.000 25274880.000 25332480.000 0.000 25090560.000 25194240.000 31576320.000 0.000 25274880.000 31518720.000 25862400.000 25539840.000 31576320.000 0.000 26231040.000 23040.000 32302080.000 23040.000 24975360.000 31576320.000 25274880.000 31576320.000 35884800.000 20551680.000 44064000.000 43718400.000 56816640.000 48015360.000 41541120.000 35435520.000 962611200.000
26380800.000 32509440.000 25585920.000 26311680.000 0.000 0.000 34560.000 25643520.000 34560.000 26046720.000 32866560.000 26012160.000 25562880.000 0.000 25758720.000 25528320.000 26012160.000 2799360.000 26000640.000 26069760.000 25632000.000 25643520.000 26012160.000 69120.000 26035200.000 34560.000 33062400.000 34560.000 32866560.000 26392320.000 33350400.000 26392320.000 36852480.000 21864960.000 45377280.000 45550080.000 58924800.000 35136000.000 45815040.000 37105920.000 961309440.000
23086080.000 27313920.000 23362560.000 29191680.000 0.000 12637440.000 3997440.000 23224320.000 3997440.000 29894400.000 23650560.000 24491520.000 23328000.000 149760.000 23362560.000 23328000.000 29917440.000 21450240.000 24122880.000 29940480.000 23293440.000 23224320.000 29940480.000 4089600.000 22901760.000 3997440.000 23650560.000 3997440.000 23650560.000 29687040.000 31173120.000 23074560.000 38488320.000 28108800.000 46874880.000 48026880.000 48925440.000 38465280.000 48787200.000 38419200.000 979223040.000
17475840.000 22705920.000 17429760.000 18097920.000 0.000 20632320.000 20586240.000 21404160.000 19872000.000 17498880.000 17326080.000 25286400.000 17441280.000 17925120.000 21254400.000 17533440.000 22337280.000 17579520.000 25297920.000 17637120.000 17579520.000 24238080.000 17740800.000 20586240.000 17475840.000 20747520.000 21634560.000 20206080.000 21634560.000 21392640.000 21634560.000 17475840.000 35619840.000 30562560.000 53475840.000 42071040.000 55307520.000 38764800.000 47646720.000 42739200.000 963855360.000
18017280.000 19284480.000 18051840.000 23869440.000 69120.000 17971200.000 22821120.000 18420480.000 19123200.000 18097920.000 17959680.000 23212800.000 17890560.000 22452480.000 18362880.000 17936640.000 21012480.000 17798400.000 18696960.000 17936640.000 17994240.000 29882880.000 17821440.000 22821120.000 18017280.000 22590720.000 18213120.000 18385920.000 18213120.000 18420480.000 17994240.000 18017280.000 37785600.000 26703360.000 54535680.000 45181440.000 59086080.000 40930560.000 49881600.000 42370560.000 963832320.000
22464000.000 18213120.000 20136960.000 22106880.000 264960.000 18328320.000 20286720.000 18144000.000 17832960.000 18213120.000 17948160.000 22464000.000 22682880.000 18074880.000 22429440.000 18190080.000 19802880.000 18051840.000 18167040.000 22636800.000 18155520.000 24583680.000 27014400.000 20286720.000 22464000.000 18063360.000 17902080.000 17948160.000 20136960.000 18155520.000 18051840.000 18063360.000 41333760.000 28892160.000 36403200.000 49547520.000 53867520.000 42163200.000 43223040.000 48913920.000 961608960.000
18547200.000 18201600.000 25597440.000 17683200.000 380160.000 18236160.000 20851200.000 18224640.000 18616320.000 18339840.000 21335040.000 18547200.000 22590720.000 22936320.000 18593280.000 18259200.000 23166720.000 18328320.000 18201600.000 18466560.000 22798080.000 22752000.000 19077120.000 20851200.000 18547200.000 22567680.000 18501120.000 22705920.000 25597440.000 22809600.000 18455040.000 18455040.000 37105920.000 30735360.000 35182080.000 52035840.000 37601280.000 47278080.000 52024320.000 44755200.000 964938240.000
49386240.000 3997440.000 13731840.000 2707200.000 3582720.000 3744000.000 6600960.000 57484800.000 13248000.000 3329280.000 4780800.000 3720960.000 100892160.000 96768000.000 3075840.000 41425920.000 36080640.000 47427840.000 3651840.000 65387520.000 4469760.000 11174400.000 7315200.000 4308480.000 3720960.000 5794560.000 60387840.000 13271040.000 8490240.000 6808320.000 5472000.000 57358080.000 4273920.000 6462720.000 12026880.000 30320640.000 10022400.000 40826880.000 46656000.000 47013120.000 947197440.000
47854080.000 15920640.000 0.000 59938560.000 25943040.000 18547200.000 12522240.000 50135040.000 0.000 11681280.000 10540800.000 15724800.000 64984320.000 50653440.000 46080.000 39041280.000 36771840.000 46195200.000 20160000.000 43395840.000 14688000.000 92160.000 92160.000 46080.000 20160000.000 16392960.000 47957760.000 0.000 19365120.000 92160.000 92160.000 49593600.000 26196480.000 62092800.000 0.000 23097600.000 0.000 36172800.000 32958720.000 40930560.000 960076800.000
26242560.000 29226240.000 0.000 34951680.000 24261120.000 24917760.000 30816000.000 25781760.000 0.000 23857920.000 23846400.000 28627200.000 26196480.000 29387520.000 13178880.000 24433920.000 29088000.000 25804800.000 25678080.000 24629760.000 28627200.000 10955520.000 13835520.000 13259520.000 25678080.000 26876160.000 26449920.000 0.000 31150080.000 10851840.000 11888640.000 25781760.000 38499840.000 88588800.000 0.000 25251840.000 0.000 39283200.000 35458560.000 44305920.000 967668480.000
23385600.000 24560640.000 69120.000 23650560.000 23489280.000 23178240.000 23454720.000 23155200.000 115200.000 22947840.000 23270400.000 25079040.000 28949760.000 24468480.000 28834560.000 23489280.000 24860160.000 23143680.000 23489280.000 23293440.000 24503040.000 22855680.000 28523520.000 28419840.000 23489280.000 23477760.000 23466240.000 115200.000 23880960.000 32048640.000 22694400.000 23155200.000 37290240.000 61551360.000 161280.000 25205760.000 92160.000 40343040.000 36345600.000 44916480.000 959420160.000
21576960.000 21761280.000 195840.000 21761280.000 21254400.000 21784320.000 21576960.000 21784320.000 9550080.000 21784320.000 21576960.000 21265920.000 26035200.000 21761280.000 24261120.000 21254400.000 27671040.000 24053760.000 21254400.000 21484800.000 21841920.000 21784320.000 26979840.000 22556160.000 21254400.000 21530880.000 21265920.000 9434880.000 21738240.000 25781760.000 26876160.000 21784320.000 39663360.000 46794240.000 38557440.000 16704000.000 16335360.000 42082560.000 37981440.000 50353920.000 964949760.000
21749760.000 18720000.000 6923520.000 18708480.000 23178240.000 18720000.000 27717120.000 18720000.000 23408640.000 18720000.000 27717120.000 23385600.000 20067840.000 18720000.000 21669120.000 23385600.000 23846400.000 21669120.000 23178240.000 18881280.000 18846720.000 18720000.000 19215360.000 18708480.000 23178240.000 18823680.000 23178240.000 18581760.000 18731520.000 23466240.000 19031040.000 18720000.000 40262400.000 39548160.000 45308160.000 18938880.000 21231360.000 49432320.000 39098880.000 55088640.000 967196160.000
24215040.000 19123200.000 22314240.000 21945600.000 24675840.000 21991680.000 20010240.000 22129920.000 22314240.000 19745280.000 22821120.000 19664640.000 22498560.000 19584000.000 27843840.000 19664640.000 20136960.000 27509760.000 24675840.000 19399680.000 19618560.000 22705920.000 15920640.000 21945600.000 24675840.000 21911040.000 24675840.000 18109440.000 22556160.000 22268160.000 19745280.000 18743040.000 32509440.000 37290240.000 36195840.000 20102400.000 23212800.000 35631360.000 40815360.000 42094080.000 962991360.000
656640.000 1347840.000 81089280.000 34560.000 472320.000 126720.000 1969920.000 737280.000 4055040.000 1486080.000 4711680.000 103564800.000 80017920.000 1681920.000 49858560.000 85674240.000 70214400.000 2154240.000 541440.000 104417280.000 460800.000 2753280.000 5690880.000 34560.000 472320.000 3928320.000 472320.000 967680.000 87171840.000 123344640.000 1486080.000 760320.000 1382400.000 3075840.000 24341760.000 437760.000 2407680.000 25079040.000 36368640.000 25724160.000 941172480.000
46080.000 21461760.000 35758080.000 24595200.000 46080.000 69120.000 24629760.000 24768000.000 368640.000 21749760.000 368640.000 39352320.000 37393920.000 18339840.000 34110720.000 38131200.000 36472320.000 22775040.000 0.000 39168000.000 18720000.000 18074880.000 26311680.000 27717120.000 46080.000 368640.000 46080.000 27936000.000 41253120.000 49374720.000 21818880.000 24768000.000 77126400.000 54938880.000 22049280.000 46080.000 23477760.000 22325760.000 24721920.000 21876480.000 922602240.000
17556480.000 20263680.000 25228800.000 40919040.000 16680960.000 14238720.000 28823040.000 21991680.000 46080.000 40919040.000 46080.000 20424960.000 20136960.000 19975680.000 20113920.000 20102400.000 19952640.000 24768000.000 0.000 25205760.000 31023360.000 19975680.000 25056000.000 29998080.000 17084160.000 30170880.000 17084160.000 25182720.000 23673600.000 26737920.000 20125440.000 21991680.000 51079680.000 74200320.000 23155200.000 40550400.000 26968320.000 23051520.000 25701120.000 22556160.000 972760320.000
21841920.000 19146240.000 21807360.000 23374080.000 21772800.000 22821120.000 20770560.000 19134720.000 28028160.000 23374080.000 28730880.000 19134720.000 21646080.000 21646080.000 23281920.000 21841920.000 24088320.000 24894720.000 13731840.000 23489280.000 23489280.000 21818880.000 23788800.000 29214720.000 19203840.000 19226880.000 19031040.000 24825600.000 19422720.000 20471040.000 22982400.000 19134720.000 57127680.000 60042240.000 24986880.000 39467520.000 29168640.000 25044480.000 28984320.000 24514560.000 996503040.000
24445440.000 19157760.000 24134400.000 20171520.000 19330560.000 19779840.000 19296000.000 19146240.000 19077120.000 20171520.000 19895040.000 19100160.000 24445440.000 24445440.000 24698880.000 24238080.000 24433920.000 21208320.000 23984640.000 21438720.000 24664320.000 25378560.000 19457280.000 20033280.000 19134720.000 20920320.000 19157760.000 19284480.000 19146240.000 20908800.000 24537600.000 19146240.000 54777600.000 37370880.000 27947520.000 42647040.000 30216960.000 28339200.000 30032640.000 28154880.000 963855360.000
19584000.000 21450240.000 24963840.000 18339840.000 22671360.000 18074880.000 22890240.000 21450240.000 18247680.000 18236160.000 21427200.000 21461760.000 19584000.000 19584000.000 18316800.000 19791360.000 18017280.000 25009920.000 22901760.000 23788800.000 22970880.000 18835200.000 22982400.000 18351360.000 18973440.000 21265920.000 22867200.000 18927360.000 18236160.000 23788800.000 19111680.000 21450240.000 42624000.000 38223360.000 27555840.000 47082240.000 31564800.000 40677120.000 31345920.000 41230080.000 963855360.000
20401920.000 22970880.000 28558080.000 21047040.000 24860160.000 16992000.000 25044480.000 22970880.000 16761600.000 16853760.000 22636800.000 22970880.000 20401920.000 20401920.000 20401920.000 20401920.000 20401920.000 22026240.000 17130240.000 25597440.000 19123200.000 16830720.000 21024000.000 18869760.000 20125440.000 16865280.000 24894720.000 24019200.000 16853760.000 25424640.000 20263680.000 22970880.000 33615360.000 39191040.000 32094720.000 47738880.000 35792640.000 33200640.000 33143040.000 32981760.000 963855360.000
18316800.000 24422400.000 21646080.000 17660160.000 18489600.000 19802880.000 18155520.000 24422400.000 17614080.000 28385280.000 22279680.000 24422400.000 18316800.000 18316800.000 18316800.000 18316800.000 18316800.000 17568000.000 17464320.000 23742720.000 24652800.000 17706240.000 17648640.000 27463680.000 17544960.000 19779840.000 18305280.000 22429440.000 17648640.000 23696640.000 30182400.000 24422400.000 29180160.000 40849920.000 34467840.000 54017280.000 36495360.000 33880320.000 41414400.000 26092800.000 963855360.000
11877120.000 16277760.000 32267520.000 18743040.000 9331200.000 29744640.000 12672000.000 15978240.000 18512640.000 47082240.000 59166720.000 54535680.000 11473920.000 13478400.000 11128320.000 12049920.000 10656000.000 16070400.000 11888640.000 15471360.000 18961920.000 7545600.000 12407040.000 56298240.000 17337600.000 20540160.000 12015360.000 16473600.000 14849280.000 16024320.000 27912960.000 15978240.000 16001280.000 46540800.000 27751680.000 38764800.000 46183680.000 25447680.000 25159680.000 20079360.000 910679040.000
7234560.000 2799360.000 112446720.000 92160.000 5564160.000 85351680.000 2810880.000 6727680.000 92160.000 133666560.000 155911680.000 113264640.000 5932800.000 2396160.000 2396160.000 8939520.000 92160.000 5184000.000 0.000 92160.000 92160.000 13155840.000 3018240.000 133608960.000 92160.000 92160.000 6301440.000 4861440.000 3018240.000 92160.000 3029760.000 6382080.000 92160.000 43119360.000 92160.000 12625920.000 45031680.000 7441920.000 12856320.000 13455360.000 959454720.000
27567360.000 25551360.000 40308480.000 218880.000 26864640.000 33016320.000 25240320.000 27774720.000 218880.000 35596800.000 36771840.000 45262080.000 35101440.000 25009920.000 25009920.000 28200960.000 4078080.000 27590400.000 0.000 9169920.000 218880.000 28869120.000 26265600.000 43107840.000 1416960.000 1416960.000 34732800.000 27360000.000 26542080.000 218880.000 30942720.000 28120320.000 7810560.000 44075520.000 2603520.000 12913920.000 45227520.000 39617280.000 73969920.000 13282560.000 967265280.000
24284160.000 30297600.000 26611200.000 852480.000 24215040.000 25413120.000 24537600.000 24019200.000 933120.000 24537600.000 30988800.000 25539840.000 38580480.000 24537600.000 24537600.000 24180480.000 28304640.000 24284160.000 0.000 29157120.000 852480.000 24284160.000 24433920.000 25608960.000 21461760.000 21265920.000 32163840.000 24526080.000 30297600.000 7119360.000 26899200.000 24019200.000 9861120.000 45446400.000 13743360.000 13340160.000 46414080.000 37647360.000 65064960.000 14664960.000 964926720.000
21196800.000 27014400.000 21346560.000 18167040.000 21162240.000 26334720.000 26150400.000 21312000.000 19192320.000 21242880.000 21646080.000 26403840.000 22936320.000 26150400.000 26150400.000 21196800.000 21335040.000 21173760.000 0.000 21784320.000 18201600.000 21012480.000 21173760.000 26588160.000 21173760.000 26035200.000 21312000.000 26150400.000 27014400.000 31322880.000 26150400.000 21312000.000 11473920.000 46552320.000 15413760.000 14077440.000 47508480.000 29376000.000 63187200.000 16922880.000 963855360.000
21911040.000 27406080.000 21945600.000 21911040.000 21922560.000 21761280.000 22037760.000 21968640.000 26208000.000 21634560.000 21807360.000 22037760.000 26876160.000 22026240.000 21876480.000 21911040.000 21945600.000 21922560.000 0.000 21922560.000 21911040.000 21911040.000 21922560.000 21853440.000 25113600.000 22337280.000 21784320.000 22049280.000 27406080.000 24975360.000 22049280.000 21968640.000 12833280.000 48695040.000 16934400.000 16750080.000 40884480.000 31887360.000 60503040.000 29053440.000 963855360.000
21876480.000 22452480.000 21876480.000 21876480.000 22152960.000 22464000.000 22129920.000 21876480.000 25286400.000 22394880.000 22164480.000 22129920.000 22118400.000 27694080.000 22268160.000 21876480.000 22118400.000 22141440.000 0.000 22152960.000 21876480.000 22141440.000 22141440.000 22429440.000 24917760.000 22464000.000 22475520.000 22348800.000 22452480.000 28131840.000 22348800.000 21876480.000 13282560.000 41253120.000 18144000.000 17959680.000 48787200.000 33557760.000 39029760.000 43591680.000 960261120.000
21265920.000 26288640.000 21300480.000 21265920.000 21047040.000 25908480.000 25966080.000 21300480.000 28247040.000 25908480.000 20747520.000 26081280.000 25966080.000 26496000.000 25908480.000 21265920.000 20747520.000 26035200.000 184320.000 21047040.000 21265920.000 21000960.000 21208320.000 20736000.000 21208320.000 20862720.000 20736000.000 21208320.000 21254400.000 21242880.000 21208320.000 21300480.000 14526720.000 34076160.000 23961600.000 19319040.000 50699520.000 34617600.000 34871040.000 47289600.000 965571840.000
22752000.000 24917760.000 19365120.000 22959360.000 19365120.000 19537920.000 22348800.000 19365120.000 21346560.000 23938560.000 23293440.000 19342080.000 19457280.000 19457280.000 23005440.000 22752000.000 23258880.000 19365120.000 2672640.000 19365120.000 22752000.000 22752000.000 22752000.000 19365120.000 22752000.000 23616000.000 23742720.000 22752000.000 22959360.000 19365120.000 22752000.000 19365120.000 16565760.000 35700480.000 38764800.000 22798080.000 52300800.000 37751040.000 36138240.000 52922880.000 965733120.000
22959360.000 18086400.000 17809920.000 22786560.000 17798400.000 18005760.000 28212480.000 17556480.000 17994240.000 18224640.000 18362880.000 17994240.000 17994240.000 18005760.000 22291200.000 22993920.000 22786560.000 17844480.000 17256960.000 17809920.000 22993920.000 22959360.000 22959360.000 21473280.000 22959360.000 25274880.000 25182720.000 22694400.000 22786560.000 17556480.000 22694400.000 17809920.000 17556480.000 36138240.000 41160960.000 33926400.000 53107200.000 49109760.000 36380160.000 35112960.000 962611200.000
18086400.000 18086400.000 22210560.000 25966080.000 18190080.000 17959680.000 19365120.000 22475520.000 21876480.000 18086400.000 18293760.000 22579200.000 22625280.000 17925120.000 19376640.000 25758720.000 18362880.000 18051840.000 17936640.000 18190080.000 25966080.000 18051840.000 17913600.000 19526400.000 17913600.000 21242880.000 21335040.000 18190080.000 25966080.000 22475520.000 18190080.000 22210560.000 19031040.000 32371200.000 48441600.000 36864000.000 56828160.000 48798720.000 38707200.000 33672960.000 965099520.000
19319040.000 19203840.000 19491840.000 24618240.000 19123200.000 19157760.000 19445760.000 24526080.000 19768320.000 19203840.000 19077120.000 19422720.000 19399680.000 19238400.000 19203840.000 24721920.000 19123200.000 19319040.000 23293440.000 19123200.000 24618240.000 19319040.000 19261440.000 19123200.000 19261440.000 19203840.000 19123200.000 19261440.000 24618240.000 24606720.000 19261440.000 19491840.000 23581440.000 26127360.000 51079680.000 41149440.000 47289600.000 41932800.000 44559360.000 35205120.000 963855360.000
22302720.000 18466560.000 22314240.000 23961600.000 18236160.000 18466560.000 22302720.000 22429440.000 22429440.000 18466560.000 18236160.000 26680320.000 26680320.000 18547200.000 18581760.000 23961600.000 18339840.000 22302720.000 18915840.000 18236160.000 23961600.000 22302720.000 22302720.000 18236160.000 22302720.000 18466560.000 18339840.000 22302720.000 24007680.000 18351360.000 22302720.000 22314240.000 27763200.000 20090880.000 43188480.000 38304000.000 40746240.000 50158080.000 31345920.000 37209600.000 963855360.000
23143680.000 23523840.000 23374080.000 19203840.000 23247360.000 23466240.000 18961920.000 27244800.000 19503360.000 23466240.000 23247360.000 23616000.000 23788800.000 18881280.000 18881280.000 19215360.000 18812160.000 19054080.000 19088640.000 23247360.000 19203840.000 23143680.000 19054080.000 23247360.000 19054080.000 23466240.000 23143680.000 19054080.000 23374080.000 18812160.000 19054080.000 23374080.000 31392000.000 16473600.000 31979520.000 44616960.000 40458240.000 47589120.000 26864640.000 37532160.000 963855360.000
6128640.000 11358720.000 26553600.000 87494400.000 8421120.000 26599680.000 69143040.000 85190400.000 5414400.000 9999360.000 13662720.000 69845760.000 27947520.000 3248640.000 9192960.000 5195520.000 9918720.000 5852160.000 5241600.000 10126080.000 5253120.000 6128640.000 5852160.000 7752960.000 5852160.000 9688320.000 9826560.000 62876160.000 26542080.000 33868800.000 32728320.000 71769600.000 11911680.000 14941440.000 11105280.000 37946880.000 34698240.000 34548480.000 12453120.000 13259520.000 945538560.000
14250240.000 21035520.000 21934080.000 87287040.000 184320.000 40769280.000 70767360.000 71942400.000 18086400.000 16323840.000 184320.000 120948480.000 46080.000 15932160.000 92160.000 23040.000 92160.000 15471360.000 11796480.000 92160.000 17176320.000 22694400.000 22072320.000 13536000.000 15598080.000 9538560.000 11796480.000 62449920.000 9596160.000 45792000.000 7004160.000 79868160.000 92160.000 10402560.000 24111360.000 21680640.000 22959360.000 24768000.000 23040.000 13144320.000 961562880.000
92160.000 72760320.000 82782720.000 46713600.000 12925440.000 898560.000 656640.000 60433920.000 1140480.000 108264960.000 11738880.000 71170560.000 6163200.000 449280.000 10713600.000 17706240.000 10909440.000 92874240.000 92160.000 10909440.000 80640.000 3905280.000 113207040.000 794880.000 345600.000 6347520.000 149760.000 1532160.000 4055040.000 72506880.000 437760.000 40101120.000 43130880.000 414720.000 1428480.000 1244160.000 967680.000 126720.000 18005760.000 12096000.000 940273920.000
149760.000 25021440.000 24641280.000 19618560.000 18005760.000 20113920.000 18777600.000 19779840.000 22625280.000 20966400.000 22821120.000 22302720.000 22314240.000 15068160.000 18005760.000 18432000.000 18155520.000 20736000.000 149760.000 18144000.000 288000.000 20298240.000 21300480.000 20090880.000 23040.000 20655360.000 23040.000 16358400.000 17614080.000 21807360.000 15874560.000 23719680.000 86273280.000 16531200.000 103656960.000 32878080.000 39456000.000 23040.000 51678720.000 78681600.000 953061120.000
