0.000 0.000 0.000 0.000 0.000 0.000 0.000 0.000 0.000 0.000 0.000 0.000 0.000 0.000 0.000 0.000 0.000 0.000
11163168.000 7613424.000 5450112.000 4231008.000 3896352.000 3800736.000 3454128.000 2366496.000 1888416.000 2246976.000 2557728.000 2533824.000 2175264.000 1792800.000 1744992.000 1219104.000 908352.000 59042880.000
2569680.000 2808720.000 6418224.000 1386432.000 35856.000 35856.000 83664.000 83664.000 167328.000 179280.000 179280.000 83664.000 83664.000 179280.000 119520.000 179280.000 83664.000 14677056.000
8306640.000 3454128.000 6501888.000 2043792.000 3227040.000 3227040.000 7290720.000 7912224.000 1075680.000 1948176.000 2772864.000 3286800.000 4972032.000 8282736.000 1027872.000 6226992.000 274896.000 71831520.000
12430080.000 4302720.000 7302672.000 2940192.000 5270832.000 5270832.000 11222928.000 11904192.000 1936224.000 2689200.000 3513888.000 4732992.000 7207056.000 9764784.000 1852560.000 7207056.000 454176.000 100002384.000
6621408.000 4637376.000 7350480.000 3394368.000 5450112.000 5450112.000 12155184.000 13015728.000 2521872.000 3203136.000 3872448.000 5019840.000 7219008.000 9418176.000 2438208.000 7219008.000 1015920.000 100002384.000
6083568.000 5234976.000 7780752.000 4159296.000 6167232.000 6167232.000 10099440.000 10732896.000 2760912.000 3394368.000 4015872.000 5701104.000 7326576.000 8868384.000 2748960.000 6932160.000 1828656.000 100002384.000
6430176.000 4637376.000 6705072.000 3597552.000 5127408.000 5127408.000 9681120.000 11294640.000 3346560.000 3932208.000 4601520.000 4768848.000 7051680.000 9430128.000 3262896.000 7446096.000 3549744.000 99990432.000
4888368.000 4505904.000 6477984.000 3645360.000 5378400.000 5378400.000 8222976.000 8103456.000 4541760.000 5211072.000 5904288.000 4948128.000 9226944.000 10469952.000 2737008.000 5689152.000 4673232.000 100002384.000
4888368.000 3944160.000 5318640.000 3238992.000 4254912.000 4254912.000 6884352.000 7792704.000 5258880.000 5976000.000 6645312.000 4063680.000 9967968.000 12501792.000 3011904.000 5485968.000 6513840.000 100002384.000
5103504.000 4422240.000 5713056.000 3430224.000 4350528.000 5007888.000 7601472.000 7434144.000 5187168.000 5784768.000 6442128.000 4732992.000 9286704.000 11880288.000 3011904.000 4936176.000 5677200.000 100002384.000
4852512.000 4087584.000 5103504.000 4015872.000 4852512.000 4195152.000 6203088.000 7422192.000 5772816.000 6358464.000 7003872.000 4051728.000 9872352.000 11270736.000 3573648.000 5509872.000 5856480.000 100002384.000
5199120.000 4816656.000 6011856.000 3932208.000 4374432.000 5199120.000 7744896.000 6525792.000 5414256.000 5916240.000 6418224.000 5139360.000 8904240.000 11079504.000 3478032.000 5127408.000 4709088.000 99990432.000
3274848.000 2832624.000 3358512.000 2760912.000 3394368.000 2928240.000 4099536.000 4266864.000 7816608.000 8533728.000 9226944.000 2844576.000 12477888.000 13912128.000 5306688.000 7505856.000 5462064.000 100002384.000
3525840.000 3298752.000 3932208.000 3095568.000 3597552.000 3513888.000 4685184.000 4852512.000 7446096.000 8031744.000 8689104.000 3430224.000 11545632.000 13422096.000 5007888.000 7195104.000 4732992.000 100002384.000
4242960.000 3466080.000 4434192.000 3119472.000 3489984.000 4099536.000 5211072.000 5438160.000 6848496.000 7350480.000 7852464.000 3740976.000 10338480.000 12752784.000 5223024.000 6585552.000 5808672.000 100002384.000
3334608.000 5115456.000 3250944.000 3107520.000 5306688.000 3179232.000 3705120.000 4135392.000 9764784.000 10458000.000 6645312.000 2808720.000 14390208.000 8928144.000 3956112.000 5223024.000 6693120.000 100002384.000
2928240.000 5569632.000 3059712.000 2916288.000 6071616.000 2844576.000 3430224.000 3513888.000 10469952.000 11139264.000 5976000.000 3131424.000 15143184.000 8605440.000 4027824.000 5306688.000 5856480.000 99990432.000
3466080.000 5689152.000 3597552.000 3179232.000 5928192.000 3394368.000 4015872.000 4063680.000 9788688.000 10374336.000 5856480.000 3346560.000 13804560.000 8366400.000 3920256.000 5211072.000 5999904.000 100002384.000
4015872.000 5629392.000 4159296.000 3191184.000 5485968.000 3932208.000 4529808.000 4601520.000 8808624.000 9346464.000 5462064.000 3932208.000 12286656.000 8246880.000 4804704.000 5043744.000 6525792.000 100002384.000
2748960.000 8414208.000 3250944.000 3549744.000 5557680.000 2916288.000 3681216.000 3764880.000 7577568.000 8031744.000 7888320.000 2988000.000 10876320.000 6442128.000 6167232.000 7278768.000 8868384.000 100002384.000
3011904.000 8557632.000 3310704.000 3107520.000 4637376.000 3203136.000 3489984.000 3585600.000 7183152.000 7123392.000 8653248.000 3203136.000 9908208.000 6011856.000 6932160.000 7983936.000 10099440.000 100002384.000
3215088.000 8091504.000 3513888.000 3262896.000 4685184.000 3430224.000 3681216.000 3705120.000 7063632.000 6872400.000 8175168.000 3430224.000 8617392.000 5856480.000 6681168.000 7613424.000 12095424.000 99990432.000
3298752.000 7446096.000 3466080.000 3250944.000 4398336.000 3370464.000 3478032.000 3621456.000 5545728.000 6848496.000 8067600.000 3322656.000 7613424.000 5772816.000 7195104.000 8187120.000 15119280.000 100002384.000
5629392.000 5880384.000 3203136.000 2952144.000 3705120.000 2904336.000 2653344.000 6238944.000 4948128.000 5163264.000 6023808.000 2952144.000 6238944.000 4637376.000 10111392.000 11294640.000 15465888.000 100002384.000
5784768.000 5987952.000 3418272.000 3250944.000 4063680.000 3334608.000 2952144.000 7183152.000 5211072.000 5390352.000 6095520.000 3298752.000 6358464.000 4732992.000 9776736.000 10852416.000 12310560.000 100002384.000
6310656.000 6071616.000 4015872.000 3430224.000 4183200.000 4063680.000 3525840.000 6191136.000 5187168.000 5270832.000 5940144.000 3513888.000 6155280.000 4768848.000 9119376.000 10087488.000 12167136.000 100002384.000
5342544.000 6011856.000 3573648.000 4015872.000 4768848.000 3549744.000 3191184.000 5772816.000 5701104.000 5856480.000 6525792.000 4099536.000 6693120.000 5354496.000 8438112.000 10625328.000 10469952.000 99990432.000
5808672.000 5581584.000 3812688.000 3776832.000 4075632.000 3872448.000 3561696.000 8366400.000 4517856.000 4792752.000 5402304.000 3537792.000 5892336.000 4529808.000 11521728.000 8366400.000 12226896.000 99643824.000
5175216.000 4960080.000 3549744.000 3442176.000 3968064.000 3454128.000 3286800.000 10230912.000 4625424.000 4709088.000 5055696.000 3549744.000 5163264.000 4302720.000 13912128.000 7744896.000 12860352.000 99990432.000
4625424.000 5211072.000 3920256.000 3860496.000 4254912.000 3872448.000 3537792.000 9023760.000 4900320.000 4924224.000 5306688.000 3884400.000 5402304.000 4637376.000 13230864.000 7697088.000 11712960.000 100002384.000
5103504.000 5187168.000 4015872.000 3932208.000 4350528.000 4015872.000 3764880.000 9286704.000 4852512.000 4936176.000 5270832.000 4015872.000 5342544.000 4649328.000 12131280.000 7278768.000 11868336.000 100002384.000
5450112.000 5689152.000 4482000.000 4051728.000 4195152.000 4565664.000 4350528.000 9214992.000 4625424.000 4697136.000 4948128.000 4601520.000 4983984.000 4983984.000 10864368.000 6705072.000 11593440.000 100002384.000
4063680.000 6274800.000 5187168.000 5569632.000 4027824.000 5103504.000 4936176.000 6477984.000 4386384.000 4577616.000 4482000.000 5175216.000 5055696.000 5976000.000 10147248.000 6262848.000 12298608.000 100002384.000
4063680.000 7888320.000 6513840.000 6298704.000 2844576.000 6549696.000 6334560.000 6358464.000 3430224.000 3430224.000 3645360.000 6549696.000 3597552.000 7051680.000 7063632.000 4661280.000 13708944.000 99990432.000
4135392.000 7063632.000 6358464.000 5557680.000 3430224.000 6358464.000 6107472.000 6191136.000 4015872.000 4015872.000 4183200.000 6298704.000 4183200.000 6944112.000 7613424.000 5187168.000 12358368.000 100002384.000
3980016.000 7302672.000 5952096.000 6776784.000 4003920.000 5856480.000 5701104.000 5736960.000 4553712.000 4589568.000 4756896.000 5976000.000 4756896.000 6693120.000 7075584.000 5151312.000 11139264.000 100002384.000
5976000.000 5258880.000 8485920.000 4948128.000 2832624.000 8462016.000 8270784.000 4553712.000 2940192.000 3191184.000 3250944.000 5127408.000 3298752.000 5354496.000 10888272.000 4470048.000 12693024.000 100002384.000
6740928.000 5031792.000 9179136.000 4183200.000 2844576.000 9226944.000 8964000.000 4732992.000 3143376.000 3095568.000 3215088.000 4744944.000 3179232.000 5079600.000 9585504.000 3740976.000 13314528.000 100002384.000
6454080.000 4649328.000 7995888.000 4768848.000 3370464.000 8653248.000 8450064.000 4768848.000 3681216.000 3681216.000 3764880.000 4207104.000 3764880.000 4541760.000 9944064.000 4266864.000 13027680.000 99990432.000
5976000.000 5689152.000 8617392.000 5306688.000 3872448.000 7852464.000 7697088.000 4541760.000 3621456.000 3621456.000 3693168.000 5354496.000 4075632.000 5474016.000 8916192.000 4123440.000 11569536.000 100002384.000
4709088.000 7219008.000 5701104.000 6740928.000 2366496.000 11139264.000 6071616.000 4063680.000 3585600.000 3621456.000 3621456.000 6764832.000 3310704.000 7314624.000 7015824.000 3968064.000 12788640.000 100002384.000
4828608.000 7912224.000 5892336.000 7505856.000 3107520.000 11832480.000 5928192.000 3513888.000 2952144.000 2928240.000 3011904.000 7505856.000 3047760.000 7697088.000 6107472.000 3262896.000 12967920.000 100002384.000
4936176.000 7195104.000 5964048.000 6119424.000 2832624.000 10959984.000 5940144.000 4099536.000 3513888.000 3513888.000 3597552.000 6752880.000 3501936.000 7470000.000 6669216.000 3848544.000 13087440.000 100002384.000
4697136.000 7242912.000 5677200.000 7601472.000 3836592.000 9848448.000 5557680.000 3980016.000 4087584.000 4063680.000 3812688.000 7027776.000 4087584.000 6836544.000 6298704.000 3717072.000 11617344.000 99990432.000
3549744.000 5330592.000 8079552.000 4721040.000 5019840.000 7613424.000 4840560.000 5916240.000 2880432.000 2629440.000 5689152.000 4649328.000 2784816.000 5079600.000 8940096.000 6346512.000 15932016.000 100002384.000
3872448.000 5139360.000 8748864.000 4685184.000 5019840.000 7505856.000 4637376.000 6645312.000 2844576.000 2892384.000 5354496.000 4685184.000 2928240.000 4852512.000 9346464.000 5605488.000 15238800.000 100002384.000
4015872.000 5139360.000 7613424.000 5199120.000 5605488.000 6131376.000 4171248.000 6442128.000 3430224.000 3430224.000 5916240.000 5270832.000 3442176.000 5354496.000 8952048.000 6179184.000 13708944.000 100002384.000
3836592.000 5904288.000 8282736.000 4912272.000 5234976.000 7649280.000 4864464.000 5987952.000 3406320.000 3406320.000 5485968.000 5796720.000 3406320.000 5904288.000 8139312.000 5689152.000 12095424.000 100002384.000
3310704.000 3848544.000 11497824.000 4661280.000 4685184.000 4685184.000 3800736.000 9681120.000 3406320.000 3346560.000 5079600.000 3621456.000 3310704.000 3956112.000 12991824.000 4709088.000 13398192.000 99990432.000
3107520.000 4446144.000 11378304.000 4350528.000 4541760.000 5366448.000 3537792.000 9418176.000 3298752.000 3298752.000 4732992.000 4350528.000 3298752.000 4422240.000 12286656.000 4924224.000 13242816.000 100002384.000
3597552.000 4482000.000 10685088.000 4350528.000 4601520.000 5354496.000 4015872.000 8701056.000 3466080.000 3501936.000 4732992.000 4434192.000 3513888.000 4434192.000 11378304.000 4876416.000 13876272.000 100002384.000
4087584.000 4888368.000 10517760.000 4195152.000 4338576.000 5856480.000 4601520.000 8139312.000 3406320.000 3406320.000 4482000.000 4936176.000 3430224.000 4995936.000 10183104.000 4625424.000 13912128.000 100002384.000
5450112.000 4183200.000 8270784.000 4517856.000 4051728.000 4625424.000 5976000.000 11330496.000 3274848.000 3238992.000 4159296.000 3968064.000 3191184.000 4159296.000 8748864.000 4314672.000 16541568.000 100002384.000
6310656.000 3776832.000 7601472.000 4063680.000 4302720.000 4159296.000 6728976.000 12908160.000 3657312.000 3657312.000 4410288.000 3776832.000 3657312.000 3788784.000 8701056.000 4517856.000 13983840.000 100002384.000
6788736.000 4541760.000 7792704.000 3968064.000 4015872.000 4924224.000 7410240.000 11904192.000 3430224.000 3466080.000 4099536.000 4505904.000 3489984.000 4529808.000 7362432.000 4183200.000 13577472.000 99990432.000
6681168.000 3896352.000 6848496.000 4314672.000 4601520.000 4135392.000 7111440.000 11796624.000 4015872.000 4015872.000 4673232.000 3836592.000 4015872.000 3860496.000 7948080.000 4744944.000 13505760.000 100002384.000
6011856.000 4697136.000 7338528.000 4924224.000 4732992.000 5091552.000 6454080.000 10517760.000 4027824.000 3896352.000 4398336.000 4828608.000 4422240.000 4756896.000 7278768.000 4470048.000 12155184.000 100002384.000
4852512.000 3549744.000 5593536.000 3167280.000 3298752.000 3872448.000 5270832.000 16565472.000 3382416.000 3466080.000 3764880.000 3274848.000 2916288.000 3585600.000 11629296.000 3848544.000 17963856.000 100002384.000
4960080.000 3621456.000 5282784.000 3872448.000 4015872.000 3681216.000 4852512.000 15477840.000 3681216.000 3681216.000 4063680.000 3848544.000 3681216.000 3597552.000 11139264.000 4063680.000 16481808.000 100002384.000
5187168.000 4063680.000 5605488.000 4015872.000 4099536.000 4183200.000 5952096.000 14139216.000 3812688.000 3836592.000 4147344.000 4015872.000 3848544.000 4015872.000 10338480.000 4183200.000 14545584.000 99990432.000
4768848.000 4601520.000 5868432.000 4601520.000 4685184.000 4768848.000 5115456.000 12537648.000 4350528.000 4350528.000 4266864.000 4601520.000 4362480.000 4577616.000 9752832.000 4051728.000 12740832.000 100002384.000
7027776.000 3693168.000 5318640.000 3920256.000 3920256.000 6167232.000 7410240.000 11796624.000 3561696.000 3537792.000 4219056.000 3920256.000 3549744.000 4207104.000 8808624.000 4374432.000 14438016.000 99870912.000
8796672.000 3872448.000 4960080.000 3980016.000 4087584.000 7804656.000 9203040.000 10434096.000 3872448.000 3872448.000 4099536.000 3980016.000 3872448.000 3991968.000 7960032.000 4039776.000 11175120.000 100002384.000
8557632.000 4254912.000 5211072.000 4350528.000 4434192.000 7697088.000 8940096.000 9549648.000 3681216.000 3681216.000 3848544.000 4338576.000 3968064.000 4338576.000 7792704.000 4290768.000 11067552.000 100002384.000
8115408.000 4278816.000 5187168.000 4410288.000 4434192.000 7362432.000 8450064.000 9370368.000 4278816.000 4254912.000 4410288.000 4350528.000 4637376.000 4350528.000 7446096.000 4410288.000 10254816.000 100002384.000
7804656.000 4123440.000 5211072.000 4195152.000 4266864.000 6764832.000 7888320.000 9776736.000 4732992.000 4768848.000 4936176.000 4195152.000 4147344.000 4219056.000 8031744.000 4936176.000 9991872.000 99990432.000
6669216.000 6167232.000 4517856.000 4195152.000 4063680.000 9609408.000 10649232.000 10577520.000 3860496.000 3848544.000 3585600.000 4075632.000 3812688.000 4374432.000 5844528.000 3585600.000 10565568.000 100002384.000
5784768.000 6645312.000 4123440.000 3310704.000 3585600.000 10374336.000 11617344.000 12525696.000 3489984.000 3489984.000 3681216.000 3298752.000 3537792.000 3669264.000 5402304.000 3681216.000 11784672.000 100002384.000
5689152.000 6884352.000 4183200.000 4302720.000 3908304.000 9669168.000 10732896.000 11760768.000 3681216.000 3681216.000 3812688.000 3956112.000 3681216.000 3764880.000 5354496.000 3812688.000 11127312.000 100002384.000
5533776.000 6131376.000 4362480.000 3693168.000 4183200.000 8713008.000 9920160.000 12083472.000 4266864.000 4266864.000 4350528.000 3621456.000 4266864.000 3717072.000 5880384.000 4350528.000 10661184.000 100002384.000
5055696.000 8844480.000 4003920.000 5593536.000 5593536.000 8617392.000 9477936.000 8270784.000 3657312.000 3657312.000 3489984.000 5497920.000 3681216.000 5569632.000 4171248.000 3191184.000 11617344.000 99990432.000
4960080.000 10242864.000 4027824.000 6358464.000 6358464.000 7529760.000 8199072.000 7983936.000 3298752.000 3298752.000 3466080.000 6226992.000 2916288.000 6358464.000 4756896.000 3764880.000 10254816.000 100002384.000
4517856.000 9573552.000 3764880.000 7051680.000 7123392.000 6525792.000 7027776.000 7792704.000 4063680.000 4063680.000 4087584.000 6932160.000 3681216.000 6991920.000 4362480.000 3597552.000 8844480.000 100002384.000
5103504.000 9621360.000 4350528.000 6776784.000 6776784.000 7027776.000 7613424.000 7362432.000 3525840.000 3537792.000 3681216.000 6693120.000 3227040.000 6776784.000 4924224.000 4171248.000 8832528.000 100002384.000
5043744.000 8665200.000 4195152.000 6262848.000 6262848.000 6489936.000 6956064.000 7565616.000 4589568.000 4589568.000 4673232.000 6203088.000 4219056.000 6310656.000 5509872.000 4673232.000 7792704.000 100002384.000
4111488.000 13290624.000 7015824.000 5462064.000 5055696.000 10541664.000 6119424.000 6346512.000 3035808.000 3023856.000 3083616.000 5976000.000 2892384.000 5736960.000 3824640.000 3083616.000 11390256.000 99990432.000
4254912.000 12955968.000 7027776.000 5211072.000 5569632.000 10111392.000 5689152.000 5784768.000 3681216.000 3681216.000 3681216.000 5115456.000 3932208.000 5115456.000 4159296.000 3681216.000 10350432.000 100002384.000
4350528.000 11963952.000 6776784.000 5187168.000 5187168.000 9454032.000 5581584.000 5844528.000 4374432.000 4398336.000 4446144.000 5103504.000 3693168.000 5043744.000 4529808.000 4446144.000 9621360.000 100002384.000
4888368.000 12071520.000 7314624.000 4912272.000 4912272.000 10039680.000 6107472.000 5868432.000 3764880.000 3764880.000 3836592.000 4995936.000 3621456.000 5581584.000 4422240.000 3836592.000 10063584.000 100002384.000
3812688.000 13457952.000 7864416.000 5223024.000 4744944.000 7422192.000 4864464.000 6908256.000 3609504.000 4936176.000 4960080.000 4553712.000 3537792.000 4111488.000 5354496.000 4960080.000 9681120.000 100002384.000
2976048.000 13601376.000 8964000.000 3513888.000 3956112.000 5653296.000 3681216.000 8031744.000 3298752.000 6358464.000 6358464.000 3513888.000 3167280.000 3525840.000 6812640.000 6358464.000 10218960.000 99990432.000
3274848.000 14139216.000 8509824.000 4099536.000 4099536.000 6191136.000 4266864.000 7481952.000 3442176.000 6047712.000 5270832.000 4099536.000 3346560.000 4015872.000 5593536.000 5270832.000 10852416.000 100002384.000
3358512.000 11450016.000 8736912.000 3884400.000 3776832.000 5772816.000 4840560.000 8007840.000 3203136.000 5450112.000 6657264.000 3932208.000 3179232.000 3681216.000 6991920.000 6657264.000 10422144.000 100002384.000
2629440.000 9633312.000 12418128.000 2999952.000 2916288.000 9454032.000 6215040.000 10529712.000 2533824.000 4087584.000 4075632.000 3334608.000 2533824.000 3322656.000 8748864.000 4075632.000 10493856.000 100002384.000
2928240.000 8115408.000 10756800.000 3597552.000 3681216.000 7948080.000 6023808.000 9967968.000 3298752.000 4828608.000 4828608.000 3262896.000 3227040.000 3274848.000 9394272.000 4828608.000 10039680.000 100002384.000
3454128.000 8701056.000 11294640.000 3800736.000 3848544.000 8533728.000 6609456.000 9860400.000 3334608.000 4123440.000 4123440.000 3764880.000 3430224.000 3740976.000 7649280.000 4123440.000 9597456.000 99990432.000
3609504.000 7912224.000 10147248.000 3513888.000 3382416.000 7780752.000 6131376.000 9489888.000 3298752.000 5318640.000 5318640.000 3693168.000 3298752.000 3717072.000 9203040.000 5318640.000 8868384.000 100002384.000
2545776.000 6167232.000 14856336.000 2641392.000 2820672.000 10959984.000 8760816.000 7493904.000 2629440.000 3322656.000 3310704.000 5593536.000 2533824.000 5593536.000 5629392.000 3310704.000 11832480.000 100002384.000
3215088.000 5629392.000 14139216.000 2928240.000 3035808.000 11712960.000 9513792.000 6250896.000 2868480.000 3513888.000 3513888.000 5533776.000 2844576.000 5509872.000 5521824.000 3513888.000 10756800.000 100002384.000
3430224.000 5760864.000 12382272.000 3466080.000 3597552.000 9286704.000 7673184.000 6776784.000 3430224.000 4099536.000 4099536.000 5999904.000 3406320.000 6023808.000 6107472.000 4099536.000 10362384.000 100002384.000
3561696.000 5701104.000 12179088.000 3454128.000 3693168.000 11294640.000 9358416.000 5509872.000 3227040.000 3884400.000 3896352.000 5808672.000 3358512.000 5808672.000 5557680.000 3896352.000 9800640.000 99990432.000
5760864.000 4637376.000 9262800.000 3023856.000 3119472.000 15071472.000 12908160.000 5103504.000 3083616.000 3011904.000 3011904.000 4732992.000 3011904.000 4721040.000 4231008.000 3011904.000 12298608.000 100002384.000
6035760.000 4422240.000 9083520.000 3011904.000 3095568.000 13314528.000 12274704.000 5330592.000 3023856.000 3776832.000 3776832.000 4350528.000 3011904.000 4338576.000 4876416.000 3776832.000 12501792.000 100002384.000
5856480.000 4721040.000 7780752.000 3597552.000 3645360.000 13135248.000 11294640.000 5270832.000 3597552.000 3932208.000 3932208.000 4828608.000 3525840.000 4852512.000 4936176.000 3932208.000 11163168.000 100002384.000
5485968.000 5390352.000 8533728.000 4147344.000 4183200.000 11975904.000 10147248.000 5031792.000 3549744.000 3800736.000 3776832.000 5438160.000 3478032.000 5414256.000 4697136.000 3776832.000 11175120.000 100002384.000
4685184.000 3752928.000 6657264.000 5402304.000 5497920.000 10816560.000 8557632.000 4254912.000 3884400.000 3501936.000 3549744.000 6932160.000 3501936.000 6956064.000 4541760.000 3549744.000 13947984.000 99990432.000
5223024.000 4195152.000 6884352.000 6167232.000 6262848.000 8808624.000 8713008.000 4804704.000 3298752.000 3501936.000 3585600.000 7804656.000 3298752.000 7780752.000 4242960.000 3585600.000 11844432.000 100002384.000
4685184.000 4697136.000 6023808.000 6932160.000 6944112.000 8904240.000 7386336.000 4458096.000 3513888.000 3681216.000 3740976.000 8187120.000 3513888.000 8175168.000 4183200.000 3740976.000 11234880.000 100002384.000
