0.000 0.000 0.000 0.000 0.000 0.000 0.000 0.000 0.000 0.000 0.000 0.000 0.000 0.000 0.000 0.000 0.000 0.000
2177280.000 2177280.000 2177280.000 2177280.000 2177280.000 2177280.000 2177280.000 2177280.000 2177280.000 2177280.000 2177280.000 2177280.000 2177280.000 2177280.000 2177280.000 2177280.000 10126080.000 44962560.000
5955840.000 5955840.000 5921280.000 5909760.000 5898240.000 5898240.000 5898240.000 5898240.000 5898240.000 5898240.000 5898240.000 5898240.000 5898240.000 5886720.000 5886720.000 5886720.000 18466560.000 112953600.000
4688640.000 4665600.000 4700160.000 4723200.000 4700160.000 4700160.000 4700160.000 4700160.000 4700160.000 4700160.000 4700160.000 4700160.000 4700160.000 4711680.000 4711680.000 4711680.000 11093760.000 86307840.000
4757760.000 4769280.000 4769280.000 4769280.000 4780800.000 4780800.000 4780800.000 4780800.000 4780800.000 4780800.000 4780800.000 4769280.000 4769280.000 4769280.000 4780800.000 4780800.000 12602880.000 89003520.000
4792320.000 4780800.000 4757760.000 4792320.000 4746240.000 4746240.000 4746240.000 4746240.000 4746240.000 4746240.000 4746240.000 4757760.000 4757760.000 4757760.000 4757760.000 4746240.000 14791680.000 90915840.000
4723200.000 4734720.000 4757760.000 4746240.000 4757760.000 4757760.000 4757760.000 4757760.000 4757760.000 4757760.000 4757760.000 4757760.000 4757760.000 4757760.000 4757760.000 4769280.000 21461760.000 97528320.000
4815360.000 4792320.000 4792320.000 4803840.000 4792320.000 4792320.000 4780800.000 4780800.000 4780800.000 4780800.000 4780800.000 4780800.000 4780800.000 4780800.000 4780800.000 4780800.000 1428480.000 78024960.000
4711680.000 4769280.000 4769280.000 4861440.000 4769280.000 4757760.000 4780800.000 4780800.000 4780800.000 4780800.000 4780800.000 4769280.000 4769280.000 4769280.000 4757760.000 4769280.000 23143680.000 99521280.000
4826880.000 4826880.000 4792320.000 4746240.000 4803840.000 4815360.000 4803840.000 4803840.000 4803840.000 4803840.000 4803840.000 4815360.000 4815360.000 4815360.000 4815360.000 4803840.000 1509120.000 78405120.000
4792320.000 4723200.000 4792320.000 4826880.000 4780800.000 4769280.000 4780800.000 4780800.000 4780800.000 4780800.000 4780800.000 4792320.000 4780800.000 4780800.000 4780800.000 4780800.000 18190080.000 94694400.000
4965120.000 4976640.000 4953600.000 4965120.000 4976640.000 4976640.000 4976640.000 4976640.000 4976640.000 4976640.000 4965120.000 4965120.000 4942080.000 4965120.000 4976640.000 4976640.000 27878400.000 107389440.000
4792320.000 4815360.000 4769280.000 4815360.000 4746240.000 4757760.000 4780800.000 4746240.000 4792320.000 4780800.000 4757760.000 4803840.000 4999680.000 4757760.000 4769280.000 4769280.000 9642240.000 86296320.000
4815360.000 4838400.000 4838400.000 4757760.000 4849920.000 4849920.000 4815360.000 4849920.000 4803840.000 4838400.000 4849920.000 4803840.000 4861440.000 4849920.000 4838400.000 4838400.000 6024960.000 83324160.000
4815360.000 4769280.000 4849920.000 4849920.000 4815360.000 4803840.000 4861440.000 4815360.000 4861440.000 4838400.000 4815360.000 4849920.000 4803840.000 4803840.000 4826880.000 4826880.000 5978880.000 83185920.000
4826880.000 4861440.000 4792320.000 4849920.000 4803840.000 4803840.000 4803840.000 4803840.000 4826880.000 4792320.000 4803840.000 4838400.000 4803840.000 4803840.000 4803840.000 4803840.000 6071040.000 83093760.000
4896000.000 4849920.000 4838400.000 4803840.000 4849920.000 4861440.000 4803840.000 4849920.000 4792320.000 4838400.000 4849920.000 4792320.000 4872960.000 4861440.000 4838400.000 4838400.000 6105600.000 83543040.000
4838400.000 4803840.000 4884480.000 4849920.000 4849920.000 4849920.000 4896000.000 4849920.000 4872960.000 4884480.000 4849920.000 4872960.000 4838400.000 4849920.000 4872960.000 4861440.000 5575680.000 83301120.000
4849920.000 4872960.000 4849920.000 4896000.000 4826880.000 4815360.000 4849920.000 4826880.000 4861440.000 4838400.000 4826880.000 4861440.000 4849920.000 4815360.000 4803840.000 4826880.000 6255360.000 83727360.000
4884480.000 4896000.000 4826880.000 4838400.000 4872960.000 4884480.000 4815360.000 4872960.000 4884480.000 4826880.000 4872960.000 4884480.000 4872960.000 4884480.000 4861440.000 4849920.000 5564160.000 83393280.000
4884480.000 4792320.000 4884480.000 4815360.000 4849920.000 4849920.000 4896000.000 4849920.000 4815360.000 4884480.000 4872960.000 4803840.000 4861440.000 4849920.000 4872960.000 4884480.000 6312960.000 83980800.000
4872960.000 4872960.000 4838400.000 4884480.000 4872960.000 4861440.000 4838400.000 4861440.000 4884480.000 4861440.000 4872960.000 4896000.000 4849920.000 4861440.000 4861440.000 4849920.000 5552640.000 83393280.000
4872960.000 4849920.000 4861440.000 4849920.000 4849920.000 4861440.000 4861440.000 4849920.000 4849920.000 4861440.000 4884480.000 4849920.000 4861440.000 4861440.000 4849920.000 4861440.000 6347520.000 84084480.000
4872960.000 4861440.000 4861440.000 4861440.000 4872960.000 4872960.000 4861440.000 4884480.000 4849920.000 4861440.000 4861440.000 4849920.000 4884480.000 4896000.000 4907520.000 4872960.000 5506560.000 83439360.000
4872960.000 4849920.000 4861440.000 4861440.000 4861440.000 4861440.000 4861440.000 4849920.000 4861440.000 4861440.000 4861440.000 4861440.000 4861440.000 4849920.000 4861440.000 4849920.000 6312960.000 84061440.000
4803840.000 4861440.000 4872960.000 4861440.000 4872960.000 4861440.000 4861440.000 4872960.000 4861440.000 4861440.000 4861440.000 4861440.000 4872960.000 4872960.000 4861440.000 4872960.000 5552640.000 83347200.000
4654080.000 4861440.000 4849920.000 4849920.000 4849920.000 4861440.000 4861440.000 4861440.000 4861440.000 4861440.000 4861440.000 4861440.000 4849920.000 4849920.000 4849920.000 4861440.000 6347520.000 83854080.000
5137920.000 4826880.000 4872960.000 4861440.000 4884480.000 4884480.000 4861440.000 4896000.000 4861440.000 4861440.000 4861440.000 4861440.000 4872960.000 4872960.000 4872960.000 4872960.000 5506560.000 83669760.000
4757760.000 4654080.000 4711680.000 4677120.000 4803840.000 4803840.000 4723200.000 4792320.000 4677120.000 4757760.000 4757760.000 4677120.000 4803840.000 4803840.000 4780800.000 4780800.000 6255360.000 82218240.000
4734720.000 5068800.000 5022720.000 5045760.000 4654080.000 4654080.000 5022720.000 4654080.000 5045760.000 4654080.000 4654080.000 5045760.000 4654080.000 4654080.000 4654080.000 4654080.000 5633280.000 82506240.000
4803840.000 4780800.000 4757760.000 4757760.000 5103360.000 5103360.000 4757760.000 5103360.000 4746240.000 5103360.000 5114880.000 4746240.000 5091840.000 5103360.000 5103360.000 5103360.000 6163200.000 85443840.000
4803840.000 4746240.000 4780800.000 4769280.000 4769280.000 4769280.000 4780800.000 4769280.000 4780800.000 4780800.000 4780800.000 4780800.000 4780800.000 4769280.000 4780800.000 4769280.000 5702400.000 82114560.000
4792320.000 4792320.000 4792320.000 4792320.000 4780800.000 4792320.000 4792320.000 4792320.000 4792320.000 4803840.000 4803840.000 4792320.000 4780800.000 4792320.000 4803840.000 4792320.000 6059520.000 82748160.000
4884480.000 4792320.000 4746240.000 4780800.000 4769280.000 4757760.000 4746240.000 4757760.000 4780800.000 4746240.000 4746240.000 4780800.000 4757760.000 4757760.000 4746240.000 4769280.000 5840640.000 82160640.000
4769280.000 4757760.000 4803840.000 4769280.000 4815360.000 4815360.000 4803840.000 4815360.000 4769280.000 4815360.000 4815360.000 4769280.000 4815360.000 4803840.000 4815360.000 4815360.000 6013440.000 82782720.000
4838400.000 4803840.000 4815360.000 4815360.000 4815360.000 4826880.000 4815360.000 4815360.000 4815360.000 4815360.000 4803840.000 4803840.000 4792320.000 4826880.000 4815360.000 4815360.000 5898240.000 82932480.000
4746240.000 4826880.000 4815360.000 4815360.000 4757760.000 4757760.000 4815360.000 4769280.000 4815360.000 4757760.000 4780800.000 4826880.000 4792320.000 4769280.000 4769280.000 4757760.000 5909760.000 82483200.000
4849920.000 4815360.000 4757760.000 4757760.000 4826880.000 4815360.000 4757760.000 4826880.000 4757760.000 4815360.000 4803840.000 4757760.000 4826880.000 4815360.000 4803840.000 4815360.000 5990400.000 82794240.000
4849920.000 4769280.000 4838400.000 4826880.000 4849920.000 4849920.000 4838400.000 4838400.000 4826880.000 4849920.000 4849920.000 4826880.000 4849920.000 4849920.000 4849920.000 4849920.000 5783040.000 83197440.000
4780800.000 4849920.000 4849920.000 4849920.000 4769280.000 4792320.000 4838400.000 4792320.000 4849920.000 4792320.000 4815360.000 4849920.000 4769280.000 4780800.000 4792320.000 4815360.000 6082560.000 83070720.000
4884480.000 4849920.000 4769280.000 4815360.000 4838400.000 4815360.000 4780800.000 4826880.000 4815360.000 4826880.000 4780800.000 4815360.000 4838400.000 4826880.000 4815360.000 4803840.000 5736960.000 82840320.000
4872960.000 4769280.000 4838400.000 4792320.000 4861440.000 4872960.000 4838400.000 4849920.000 4792320.000 4861440.000 4861440.000 4792320.000 4861440.000 4872960.000 4872960.000 4861440.000 6186240.000 83658240.000
4792320.000 4861440.000 4872960.000 4872960.000 4815360.000 4815360.000 4872960.000 4838400.000 4872960.000 4815360.000 4826880.000 4872960.000 4815360.000 4826880.000 4815360.000 4815360.000 5679360.000 83082240.000
4849920.000 4884480.000 4826880.000 4849920.000 4815360.000 4826880.000 4826880.000 4815360.000 4826880.000 4826880.000 4815360.000 4826880.000 4815360.000 4815360.000 4826880.000 4826880.000 6209280.000 83485440.000
4907520.000 4838400.000 4803840.000 4803840.000 4884480.000 4872960.000 4803840.000 4872960.000 4826880.000 4872960.000 4872960.000 4826880.000 4884480.000 4872960.000 4872960.000 4872960.000 5644800.000 83335680.000
4849920.000 4792320.000 4884480.000 4872960.000 4849920.000 4838400.000 4884480.000 4838400.000 4872960.000 4849920.000 4838400.000 4872960.000 4826880.000 4838400.000 4849920.000 4838400.000 6255360.000 83854080.000
4884480.000 4919040.000 4849920.000 4884480.000 4849920.000 4849920.000 4849920.000 4849920.000 4861440.000 4849920.000 4849920.000 4884480.000 4872960.000 4849920.000 4849920.000 4849920.000 5564160.000 83370240.000
4884480.000 4826880.000 4849920.000 4826880.000 4872960.000 4872960.000 4849920.000 4872960.000 4838400.000 4861440.000 4872960.000 4826880.000 4861440.000 4872960.000 4861440.000 4872960.000 6324480.000 84049920.000
4884480.000 4861440.000 4884480.000 4849920.000 4849920.000 4872960.000 4872960.000 4872960.000 4861440.000 4872960.000 4872960.000 4861440.000 4849920.000 4872960.000 4861440.000 4872960.000 5541120.000 83416320.000
4872960.000 4861440.000 4826880.000 4861440.000 4861440.000 4861440.000 4838400.000 4849920.000 4849920.000 4849920.000 4861440.000 4849920.000 4861440.000 4849920.000 4861440.000 4861440.000 6312960.000 83992320.000
4884480.000 4861440.000 4872960.000 4861440.000 4872960.000 4872960.000 4872960.000 4872960.000 4872960.000 4872960.000 4861440.000 4861440.000 4872960.000 4872960.000 4861440.000 4861440.000 5506560.000 83416320.000
4942080.000 4861440.000 4849920.000 4861440.000 4849920.000 4849920.000 4849920.000 4849920.000 4849920.000 4849920.000 4861440.000 4861440.000 4861440.000 4861440.000 4861440.000 4861440.000 6336000.000 84119040.000
4919040.000 4861440.000 4861440.000 4849920.000 4872960.000 4861440.000 4861440.000 4861440.000 4861440.000 4861440.000 4861440.000 4861440.000 4861440.000 4861440.000 4861440.000 4861440.000 5529600.000 83370240.000
4757760.000 4849920.000 4861440.000 4861440.000 4849920.000 4861440.000 4849920.000 4861440.000 4861440.000 4861440.000 4849920.000 4849920.000 4849920.000 4861440.000 4849920.000 4861440.000 6312960.000 83911680.000
5149440.000 4757760.000 4849920.000 4815360.000 4861440.000 4849920.000 4861440.000 4861440.000 4815360.000 4861440.000 4861440.000 4815360.000 4872960.000 4849920.000 4872960.000 4861440.000 5529600.000 83347200.000
4849920.000 4654080.000 4654080.000 4654080.000 4723200.000 4711680.000 4654080.000 4711680.000 4654080.000 4711680.000 4700160.000 4654080.000 4734720.000 4700160.000 4723200.000 4700160.000 6255360.000 81446400.000
4872960.000 5091840.000 5045760.000 5068800.000 5022720.000 5022720.000 5045760.000 5022720.000 5068800.000 5022720.000 5022720.000 5068800.000 5022720.000 5022720.000 5022720.000 5022720.000 5633280.000 86100480.000
4872960.000 4780800.000 4757760.000 4780800.000 4746240.000 4746240.000 4757760.000 4746240.000 4769280.000 4746240.000 4757760.000 4780800.000 4734720.000 4757760.000 4746240.000 4757760.000 6163200.000 82402560.000
4884480.000 4757760.000 4769280.000 4746240.000 4780800.000 4780800.000 4769280.000 4780800.000 4746240.000 4780800.000 4769280.000 4746240.000 4780800.000 4769280.000 4769280.000 4769280.000 5725440.000 82126080.000
4872960.000 4780800.000 4780800.000 4792320.000 4780800.000 4792320.000 4792320.000 4792320.000 4792320.000 4792320.000 4792320.000 4780800.000 4792320.000 4792320.000 4792320.000 4792320.000 6048000.000 82759680.000
4872960.000 4803840.000 4792320.000 4792320.000 4746240.000 4746240.000 4780800.000 4746240.000 4803840.000 4746240.000 4746240.000 4803840.000 4746240.000 4746240.000 4746240.000 4746240.000 5852160.000 82218240.000
4884480.000 4815360.000 4757760.000 4757760.000 4803840.000 4792320.000 4757760.000 4792320.000 4746240.000 4792320.000 4792320.000 4746240.000 4803840.000 4792320.000 4803840.000 4792320.000 5990400.000 82621440.000
4780800.000 4734720.000 4815360.000 4803840.000 4815360.000 4815360.000 4815360.000 4815360.000 4803840.000 4815360.000 4815360.000 4815360.000 4803840.000 4815360.000 4803840.000 4815360.000 5921280.000 82805760.000
4803840.000 4826880.000 4826880.000 4826880.000 4780800.000 4792320.000 4826880.000 4803840.000 4826880.000 4780800.000 4792320.000 4815360.000 4780800.000 4803840.000 4792320.000 4792320.000 5944320.000 82817280.000
4884480.000 4838400.000 4746240.000 4792320.000 4803840.000 4792320.000 4746240.000 4780800.000 4769280.000 4803840.000 4792320.000 4792320.000 4803840.000 4780800.000 4792320.000 4792320.000 6001920.000 82713600.000
4849920.000 4769280.000 4838400.000 4792320.000 4838400.000 4838400.000 4838400.000 4838400.000 4826880.000 4838400.000 4838400.000 4803840.000 4849920.000 4849920.000 4849920.000 4838400.000 5840640.000 83139840.000
4792320.000 4826880.000 4849920.000 4849920.000 4803840.000 4838400.000 4849920.000 4803840.000 4849920.000 4803840.000 4815360.000 4849920.000 4803840.000 4792320.000 4803840.000 4826880.000 6059520.000 83220480.000
4826880.000 4861440.000 4815360.000 4826880.000 4803840.000 4780800.000 4815360.000 4803840.000 4826880.000 4803840.000 4803840.000 4838400.000 4803840.000 4815360.000 4803840.000 4803840.000 5748480.000 82782720.000
4872960.000 4803840.000 4792320.000 4792320.000 4861440.000 4849920.000 4792320.000 4861440.000 4780800.000 4861440.000 4849920.000 4780800.000 4861440.000 4849920.000 4861440.000 4849920.000 6163200.000 83485440.000
4861440.000 4803840.000 4872960.000 4849920.000 4849920.000 4849920.000 4872960.000 4838400.000 4861440.000 4849920.000 4861440.000 4849920.000 4861440.000 4838400.000 4838400.000 4872960.000 5667840.000 83301120.000
4849920.000 4884480.000 4826880.000 4861440.000 4815360.000 4815360.000 4826880.000 4815360.000 4861440.000 4815360.000 4803840.000 4872960.000 4803840.000 4815360.000 4803840.000 4815360.000 6243840.000 83531520.000
4872960.000 4849920.000 4826880.000 4872960.000 4861440.000 4861440.000 4826880.000 4872960.000 4838400.000 4861440.000 4872960.000 4861440.000 4861440.000 4872960.000 4872960.000 4826880.000 5656320.000 83370240.000
4884480.000 4803840.000 4861440.000 4792320.000 4896000.000 4884480.000 4872960.000 4849920.000 4826880.000 4861440.000 4861440.000 4792320.000 4861440.000 4861440.000 4861440.000 4896000.000 6278400.000 83946240.000
4919040.000 4884480.000 4872960.000 4896000.000 4815360.000 4826880.000 4861440.000 4826880.000 4896000.000 4838400.000 4826880.000 4896000.000 4826880.000 4826880.000 4826880.000 4815360.000 5552640.000 83208960.000
4872960.000 4849920.000 4826880.000 4838400.000 4849920.000 4849920.000 4826880.000 4861440.000 4838400.000 4849920.000 4849920.000 4838400.000 4861440.000 4849920.000 4861440.000 4861440.000 6324480.000 83911680.000
4861440.000 4838400.000 4861440.000 4849920.000 4872960.000 4861440.000 4861440.000 4849920.000 4838400.000 4861440.000 4861440.000 4861440.000 4861440.000 4861440.000 4849920.000 4861440.000 5541120.000 83255040.000
4838400.000 4849920.000 4838400.000 4861440.000 4849920.000 4849920.000 4838400.000 4849920.000 4861440.000 4849920.000 4849920.000 4849920.000 4838400.000 4849920.000 4849920.000 4861440.000 6312960.000 83900160.000
4849920.000 4861440.000 4861440.000 4849920.000 4849920.000 4849920.000 4861440.000 4861440.000 4861440.000 4849920.000 4861440.000 4849920.000 4861440.000 4849920.000 4861440.000 4849920.000 5506560.000 83197440.000
4838400.000 4838400.000 4838400.000 4849920.000 4861440.000 4849920.000 4838400.000 4849920.000 4849920.000 4849920.000 4849920.000 4861440.000 4849920.000 4861440.000 4849920.000 4849920.000 6289920.000 83877120.000
4838400.000 4861440.000 4861440.000 4849920.000 4861440.000 4861440.000 4861440.000 4861440.000 4849920.000 4861440.000 4849920.000 4849920.000 4861440.000 4849920.000 4861440.000 4861440.000 5541120.000 83243520.000
4838400.000 4849920.000 4849920.000 4849920.000 4849920.000 4849920.000 4849920.000 4849920.000 4849920.000 4849920.000 4849920.000 4861440.000 4838400.000 4849920.000 4838400.000 4849920.000 6266880.000 83842560.000
4665600.000 4792320.000 4849920.000 4815360.000 4861440.000 4861440.000 4849920.000 4849920.000 4815360.000 4849920.000 4861440.000 4792320.000 4861440.000 4861440.000 4861440.000 4861440.000 5552640.000 82863360.000
5034240.000 4654080.000 4677120.000 4654080.000 4688640.000 4711680.000 4677120.000 4746240.000 4654080.000 4734720.000 4723200.000 4654080.000 4734720.000 4734720.000 4746240.000 4677120.000 6278400.000 81780480.000
4746240.000 5068800.000 5034240.000 5057280.000 5022720.000 4654080.000 5034240.000 4654080.000 5057280.000 4654080.000 4654080.000 5068800.000 4654080.000 4654080.000 4654080.000 5034240.000 5633280.000 83335680.000
4769280.000 4769280.000 4746240.000 4769280.000 4746240.000 5103360.000 4746240.000 5091840.000 4769280.000 5091840.000 5103360.000 4757760.000 5091840.000 5091840.000 5091840.000 4734720.000 6163200.000 84637440.000
4792320.000 4746240.000 4769280.000 4757760.000 4780800.000 4769280.000 4769280.000 4780800.000 4757760.000 4780800.000 4769280.000 4757760.000 4780800.000 4780800.000 4780800.000 4780800.000 5725440.000 82080000.000
4734720.000 4792320.000 4792320.000 4780800.000 4780800.000 4792320.000 4792320.000 4780800.000 4780800.000 4792320.000 4792320.000 4792320.000 4792320.000 4792320.000 4780800.000 4792320.000 6071040.000 82632960.000
4803840.000 4792320.000 4734720.000 4815360.000 4746240.000 4746240.000 4734720.000 4746240.000 4792320.000 4734720.000 4734720.000 4792320.000 4734720.000 4734720.000 4746240.000 4734720.000 5840640.000 81964800.000
4803840.000 4746240.000 4803840.000 4734720.000 4803840.000 4792320.000 4803840.000 4803840.000 4757760.000 4803840.000 4803840.000 4746240.000 4803840.000 4803840.000 4803840.000 4803840.000 5967360.000 82586880.000
4734720.000 4803840.000 4803840.000 4815360.000 4803840.000 4815360.000 4803840.000 4780800.000 4815360.000 4815360.000 4815360.000 4815360.000 4803840.000 4780800.000 4780800.000 4803840.000 5932800.000 82725120.000
4826880.000 4826880.000 4757760.000 4815360.000 4757760.000 4746240.000 4769280.000 4780800.000 4815360.000 4746240.000 4746240.000 4815360.000 4757760.000 4780800.000 4780800.000 4757760.000 5955840.000 82437120.000
4826880.000 4746240.000 4815360.000 4746240.000 4803840.000 4826880.000 4803840.000 4815360.000 4734720.000 4815360.000 4815360.000 4746240.000 4815360.000 4815360.000 4815360.000 4803840.000 5990400.000 82736640.000
4746240.000 4826880.000 4826880.000 4838400.000 4838400.000 4826880.000 4826880.000 4803840.000 4838400.000 4838400.000 4838400.000 4826880.000 4803840.000 4803840.000 4803840.000 4838400.000 5840640.000 82967040.000
4838400.000 4849920.000 4769280.000 4838400.000 4769280.000 4746240.000 4769280.000 4769280.000 4849920.000 4734720.000 4734720.000 4849920.000 4769280.000 4769280.000 4769280.000 4769280.000 6094080.000 82690560.000
4838400.000 4746240.000 4815360.000 4757760.000 4815360.000 4838400.000 4815360.000 4849920.000 4757760.000 4849920.000 4849920.000 4757760.000 4849920.000 4849920.000 4849920.000 4815360.000 5771520.000 82828800.000
4757760.000 4849920.000 4861440.000 4838400.000 4861440.000 4826880.000 4861440.000 4803840.000 4838400.000 4815360.000 4815360.000 4838400.000 4803840.000 4803840.000 4803840.000 4861440.000 6140160.000 83381760.000
4872960.000 4861440.000 4780800.000 4861440.000 4780800.000 4792320.000 4780800.000 4803840.000 4838400.000 4792320.000 4792320.000 4861440.000 4803840.000 4803840.000 4792320.000 4780800.000 5702400.000 82702080.000
4838400.000 4769280.000 4826880.000 4769280.000 4826880.000 4849920.000 4826880.000 4849920.000 4803840.000 4849920.000 4849920.000 4769280.000 4849920.000 4849920.000 4861440.000 4826880.000 6232320.000 83450880.000
4792320.000 4872960.000 4872960.000 4872960.000 4872960.000 4838400.000 4872960.000 4826880.000 4849920.000 4826880.000 4849920.000 4861440.000 4826880.000 4826880.000 4826880.000 4872960.000 5610240.000 83174400.000
