0.000 0.000 0.000 0.000 0.000 0.000 0.000 0.000 0.000 0.000 0.000 0.000 0.000 0.000 0.000 0.000 0.000 0.000
1792800.000 1792800.000 1792800.000 1792800.000 1792800.000 1792800.000 1792800.000 1792800.000 1792800.000 1792800.000 1792800.000 1792800.000 1792800.000 1792800.000 1792800.000 1792800.000 1792800.000 30477600.000
9561600.000 9561600.000 9561600.000 9119376.000 7350480.000 5390352.000 4816656.000 4816656.000 4816656.000 4816656.000 4816656.000 4816656.000 4482000.000 3932208.000 3932208.000 3824640.000 3824640.000 99440640.000
9561600.000 9561600.000 9561600.000 10900224.000 7565616.000 6298704.000 3800736.000 3800736.000 3800736.000 3800736.000 3800736.000 3800736.000 4135392.000 4685184.000 4685184.000 4792752.000 5450112.000 100002384.000
11509776.000 11509776.000 11509776.000 11007792.000 6418224.000 3968064.000 3980016.000 3980016.000 3788784.000 3788784.000 3788784.000 3788784.000 3788784.000 3788784.000 3788784.000 3788784.000 5808672.000 100002384.000
11617344.000 11617344.000 11617344.000 11079504.000 4637376.000 3513888.000 3705120.000 3705120.000 3896352.000 3896352.000 3896352.000 3896352.000 3896352.000 3896352.000 3896352.000 3693168.000 7541712.000 100002384.000
14856336.000 13732848.000 13278672.000 11187072.000 4732992.000 3585600.000 3047760.000 3047760.000 3047760.000 3047760.000 3047760.000 3047760.000 3047760.000 3047760.000 3047760.000 3250944.000 7936128.000 99990432.000
12621312.000 13744800.000 14198976.000 12191040.000 4912272.000 3693168.000 3155328.000 3155328.000 3155328.000 3155328.000 3155328.000 3155328.000 3155328.000 3155328.000 3155328.000 3155328.000 7087536.000 100002384.000
11940048.000 11940048.000 11940048.000 13541616.000 6203088.000 4673232.000 3262896.000 3262896.000 3262896.000 3262896.000 3262896.000 3262896.000 3262896.000 3262896.000 3262896.000 3262896.000 7135344.000 100002384.000
12047616.000 12047616.000 12047616.000 12226896.000 5438160.000 4362480.000 4087584.000 3585600.000 3430224.000 3370464.000 3370464.000 3370464.000 3370464.000 3370464.000 3370464.000 3370464.000 7135344.000 100002384.000
12155184.000 12155184.000 12155184.000 11581488.000 5199120.000 4051728.000 3944160.000 3609504.000 3633408.000 3478032.000 3478032.000 3478032.000 3478032.000 3478032.000 3478032.000 3478032.000 7171200.000 100002384.000
12226896.000 12226896.000 12226896.000 11689056.000 5270832.000 4159296.000 3035808.000 3454128.000 3358512.000 3573648.000 3573648.000 3573648.000 3573648.000 3573648.000 3573648.000 3573648.000 7326576.000 99990432.000
12334464.000 12334464.000 12334464.000 10840464.000 5007888.000 3764880.000 3011904.000 3430224.000 3657312.000 3657312.000 3657312.000 3657312.000 3657312.000 3657312.000 3657312.000 3657312.000 7685136.000 100002384.000
12442032.000 12442032.000 12250800.000 9513792.000 4015872.000 3382416.000 3764880.000 3764880.000 3764880.000 3764880.000 3764880.000 3764880.000 3764880.000 3764880.000 3764880.000 3764880.000 8306640.000 100002384.000
11641248.000 10553616.000 8545680.000 11294640.000 5557680.000 4410288.000 3872448.000 3872448.000 3872448.000 3872448.000 3872448.000 3872448.000 3872448.000 3872448.000 3872448.000 3872448.000 9274752.000 100002384.000
9334512.000 10422144.000 12621312.000 12047616.000 5665248.000 4517856.000 3980016.000 3980016.000 3980016.000 3980016.000 3980016.000 3980016.000 3980016.000 3980016.000 3501936.000 2904336.000 7147296.000 100002384.000
12728880.000 12728880.000 12728880.000 11473920.000 5378400.000 4123440.000 2713104.000 2713104.000 2713104.000 2713104.000 2713104.000 2713104.000 2713104.000 2713104.000 3191184.000 3788784.000 12143232.000 99990432.000
9394272.000 8545680.000 8545680.000 8844480.000 4278816.000 3645360.000 4159296.000 4159296.000 4159296.000 4159296.000 4159296.000 4159296.000 4159296.000 4159296.000 4159296.000 4159296.000 15155136.000 100002384.000
12059568.000 12908160.000 12908160.000 11784672.000 5521824.000 4266864.000 2832624.000 2832624.000 2832624.000 2832624.000 2832624.000 2832624.000 2832624.000 2832624.000 2832624.000 2832624.000 12226896.000 100002384.000
9430128.000 8641296.000 8641296.000 8653248.000 3489984.000 3717072.000 4302720.000 4302720.000 4302720.000 4302720.000 4302720.000 4302720.000 4302720.000 4302720.000 3466080.000 3466080.000 16075440.000 100002384.000
16613280.000 17402112.000 17007696.000 6179184.000 2976048.000 2426256.000 2151360.000 2151360.000 2151360.000 2151360.000 2151360.000 2151360.000 2151360.000 2151360.000 2175264.000 2175264.000 15836400.000 100002384.000
13147200.000 13147200.000 13541616.000 8390304.000 4135392.000 3370464.000 3035808.000 3035808.000 3035808.000 3035808.000 3035808.000 2426256.000 2378448.000 2258928.000 2258928.000 2258928.000 17497728.000 99990432.000
13230864.000 13230864.000 13230864.000 6418224.000 3227040.000 2653344.000 2402352.000 2402352.000 2402352.000 2402352.000 2402352.000 3011904.000 3059712.000 3179232.000 2689200.000 2569680.000 21489696.000 100002384.000
13302576.000 13302576.000 13302576.000 6525792.000 3334608.000 2760912.000 2509920.000 2509920.000 2509920.000 2509920.000 2509920.000 2509920.000 2509920.000 2509920.000 2999952.000 2904336.000 21489696.000 100002384.000
13398192.000 13398192.000 13398192.000 6633360.000 3442176.000 2868480.000 2605536.000 2605536.000 2605536.000 2605536.000 2605536.000 2605536.000 2605536.000 2605536.000 2617488.000 2641392.000 20760624.000 100002384.000
13481856.000 13481856.000 13481856.000 6705072.000 3513888.000 2976048.000 2689200.000 2689200.000 2689200.000 2689200.000 2689200.000 2689200.000 2689200.000 2689200.000 2163312.000 2199168.000 20485728.000 100002384.000
13553568.000 13553568.000 13553568.000 6812640.000 3621456.000 3083616.000 2796768.000 2796768.000 2796768.000 2796768.000 2796768.000 2796768.000 2796768.000 2796768.000 2796768.000 2796768.000 17844336.000 99990432.000
13649184.000 13649184.000 13649184.000 6920208.000 3729024.000 3191184.000 2904336.000 2904336.000 2904336.000 2223072.000 2091600.000 2091600.000 1924272.000 1924272.000 2545776.000 2701152.000 20999664.000 100002384.000
13732848.000 13732848.000 13732848.000 4792752.000 3836592.000 2617488.000 1995984.000 1995984.000 1995984.000 2677248.000 2808720.000 2808720.000 2976048.000 2976048.000 3011904.000 3011904.000 21298464.000 100002384.000
12920112.000 11569536.000 10780704.000 6979968.000 2617488.000 2892384.000 3083616.000 3083616.000 3083616.000 3083616.000 3083616.000 3083616.000 3083616.000 3083616.000 3095568.000 3095568.000 21382128.000 100002384.000
10159200.000 11509776.000 12298608.000 7183152.000 4015872.000 3442176.000 3191184.000 3191184.000 3191184.000 3191184.000 3191184.000 3191184.000 3191184.000 3191184.000 3191184.000 3179232.000 19493712.000 100002384.000
13959936.000 13959936.000 13959936.000 7278768.000 4123440.000 3549744.000 3298752.000 3298752.000 3298752.000 2988000.000 2354544.000 2354544.000 2187216.000 2187216.000 2187216.000 2199168.000 16804512.000 99990432.000
13959936.000 12250800.000 11760768.000 4912272.000 2808720.000 2426256.000 2258928.000 2258928.000 2258928.000 2569680.000 3203136.000 3203136.000 3370464.000 3370464.000 3370464.000 3370464.000 22649040.000 100002384.000
9501840.000 11210976.000 11701008.000 7458048.000 4278816.000 3729024.000 3466080.000 3466080.000 3466080.000 3466080.000 3466080.000 3466080.000 3466080.000 3466080.000 2784816.000 2569680.000 19039536.000 100002384.000
14198976.000 14198976.000 14079456.000 5031792.000 2904336.000 2545776.000 2354544.000 2354544.000 2354544.000 2354544.000 2354544.000 2354544.000 2354544.000 2354544.000 3071664.000 3286800.000 21848256.000 100002384.000
9513792.000 9513792.000 9633312.000 7601472.000 4446144.000 3908304.000 3621456.000 3621456.000 3621456.000 3621456.000 3621456.000 3621456.000 3621456.000 3621456.000 2904336.000 2689200.000 20820384.000 100002384.000
11916144.000 11916144.000 11916144.000 6442128.000 3968064.000 3944160.000 3119472.000 3119472.000 3119472.000 2796768.000 2665296.000 1924272.000 1816704.000 1816704.000 3095568.000 3310704.000 23103216.000 99990432.000
9585504.000 9585504.000 9585504.000 5139360.000 3035808.000 2677248.000 2509920.000 2509920.000 2509920.000 2832624.000 2964096.000 2999952.000 3107520.000 3107520.000 2641392.000 2641392.000 32569200.000 100002384.000
9776736.000 9776736.000 9776736.000 5330592.000 3227040.000 2844576.000 2701152.000 2701152.000 2701152.000 2701152.000 2701152.000 2701152.000 2701152.000 2701152.000 2701152.000 2701152.000 32258448.000 100002384.000
9932112.000 9932112.000 9932112.000 5521824.000 3418272.000 3035808.000 2892384.000 2892384.000 2892384.000 2462112.000 2306736.000 2474064.000 2151360.000 2151360.000 2689200.000 2689200.000 32628960.000 100002384.000
9071568.000 9071568.000 8115408.000 4266864.000 2689200.000 2402352.000 2258928.000 2258928.000 2258928.000 2689200.000 2844576.000 2713104.000 3035808.000 3035808.000 3035808.000 3035808.000 37218528.000 100002384.000
8724960.000 8724960.000 9681120.000 5808672.000 3752928.000 3370464.000 3179232.000 3179232.000 3179232.000 3179232.000 3179232.000 3227040.000 3227040.000 3227040.000 2605536.000 2605536.000 29138976.000 99990432.000
8952048.000 7780752.000 7780752.000 4482000.000 2916288.000 2653344.000 2509920.000 2509920.000 2509920.000 2509920.000 2509920.000 2545776.000 2545776.000 2545776.000 3167280.000 3167280.000 38915712.000 100002384.000
9370368.000 10541664.000 10541664.000 6143328.000 4039776.000 3262896.000 2617488.000 2617488.000 2617488.000 2617488.000 2617488.000 2653344.000 2653344.000 2653344.000 2653344.000 2653344.000 29748528.000 100002384.000
8019792.000 8019792.000 8019792.000 4732992.000 3155328.000 3334608.000 3657312.000 3657312.000 3657312.000 3657312.000 3657312.000 3657312.000 3657312.000 3334608.000 2964096.000 2964096.000 29856096.000 100002384.000
8103456.000 8103456.000 8103456.000 4840560.000 3262896.000 2976048.000 2868480.000 2868480.000 2868480.000 2868480.000 2868480.000 2868480.000 2868480.000 3191184.000 3549744.000 2868480.000 34923744.000 100002384.000
8211024.000 8211024.000 8211024.000 4912272.000 3370464.000 3083616.000 2976048.000 2976048.000 2976048.000 2976048.000 2976048.000 2976048.000 2976048.000 2976048.000 3059712.000 3740976.000 33381936.000 99990432.000
9513792.000 8318592.000 8318592.000 5019840.000 3478032.000 3191184.000 3071664.000 3071664.000 3071664.000 3071664.000 3071664.000 3083616.000 3083616.000 3083616.000 3083616.000 3083616.000 31385952.000 100002384.000
8952048.000 8593488.000 8426160.000 5127408.000 3585600.000 3298752.000 3155328.000 3155328.000 3155328.000 3155328.000 3155328.000 3191184.000 3191184.000 3191184.000 3191184.000 3191184.000 30286368.000 100002384.000
7183152.000 8366400.000 8533728.000 5234976.000 3693168.000 3406320.000 3262896.000 3262896.000 3262896.000 3262896.000 3262896.000 3298752.000 3298752.000 3298752.000 3298752.000 3298752.000 30776400.000 100002384.000
8270784.000 8641296.000 8641296.000 5342544.000 3764880.000 3513888.000 3370464.000 3370464.000 3370464.000 3370464.000 3370464.000 3406320.000 3406320.000 3406320.000 3406320.000 3406320.000 27943776.000 100002384.000
8713008.000 8713008.000 8713008.000 5438160.000 3872448.000 3621456.000 3478032.000 3478032.000 3478032.000 3478032.000 3478032.000 3501936.000 3501936.000 3501936.000 2593584.000 2593584.000 27836208.000 99990432.000
8820576.000 8820576.000 8820576.000 5521824.000 3980016.000 3717072.000 3585600.000 3549744.000 2689200.000 2689200.000 2378448.000 2378448.000 2378448.000 2378448.000 3322656.000 3322656.000 31648896.000 100002384.000
7732944.000 7183152.000 5916240.000 3740976.000 2713104.000 2521872.000 2450160.000 2486016.000 3346560.000 3346560.000 3657312.000 3657312.000 3657312.000 3657312.000 3693168.000 3693168.000 36549216.000 100002384.000
7147296.000 7697088.000 8964000.000 5701104.000 4159296.000 3872448.000 3764880.000 3764880.000 3764880.000 3764880.000 3764880.000 3764880.000 3764880.000 3764880.000 2784816.000 2784816.000 26772480.000 100002384.000
7876368.000 6860448.000 6035760.000 3860496.000 2832624.000 2641392.000 2569680.000 2569680.000 2569680.000 2569680.000 2569680.000 2569680.000 2569680.000 2569680.000 3549744.000 3549744.000 42238368.000 100002384.000
7278768.000 8294688.000 9119376.000 4266864.000 3370464.000 2748960.000 3908304.000 3908304.000 3908304.000 3908304.000 3908304.000 2844576.000 2844576.000 2844576.000 2557728.000 2557728.000 31720608.000 99990432.000
9214992.000 9214992.000 9214992.000 2940192.000 2187216.000 2043792.000 4015872.000 4015872.000 4015872.000 4015872.000 4015872.000 1972080.000 1972080.000 1972080.000 1972080.000 1972080.000 35246448.000 100002384.000
9322560.000 9322560.000 9322560.000 3047760.000 2294784.000 2151360.000 4123440.000 4123440.000 4123440.000 4123440.000 4123440.000 2079648.000 2079648.000 2079648.000 1756944.000 1756944.000 34170768.000 100002384.000
9406224.000 9406224.000 9406224.000 3155328.000 2378448.000 2258928.000 4231008.000 4231008.000 4231008.000 4231008.000 3179232.000 1780848.000 1446192.000 1446192.000 1768896.000 1768896.000 35676720.000 100002384.000
9346464.000 8258832.000 8258832.000 2163312.000 1637424.000 1541808.000 2880432.000 2880432.000 2880432.000 2880432.000 3932208.000 1924272.000 2258928.000 2258928.000 2258928.000 2258928.000 42381792.000 100002384.000
6549696.000 7637328.000 7637328.000 3334608.000 2545776.000 2402352.000 4410288.000 4410288.000 4410288.000 4410288.000 4410288.000 2366496.000 2366496.000 2366496.000 2366496.000 2306736.000 36059184.000 99990432.000
9681120.000 9681120.000 9681120.000 3430224.000 2653344.000 2509920.000 3633408.000 3370464.000 2999952.000 2999952.000 2999952.000 1637424.000 1637424.000 1637424.000 1637424.000 1697184.000 38114928.000 100002384.000
6513840.000 6513840.000 6513840.000 2330640.000 1828656.000 1733040.000 3932208.000 4195152.000 4565664.000 4565664.000 4565664.000 2545776.000 2545776.000 2545776.000 2545776.000 2545776.000 40015296.000 100002384.000
9860400.000 9860400.000 9860400.000 3585600.000 2832624.000 2689200.000 3513888.000 3203136.000 3095568.000 3095568.000 3095568.000 1756944.000 1756944.000 1756944.000 1756944.000 1756944.000 36525312.000 100002384.000
6609456.000 6609456.000 6609456.000 2450160.000 1948176.000 1852560.000 4314672.000 4625424.000 4732992.000 4732992.000 4732992.000 2713104.000 2713104.000 2713104.000 2725056.000 2653344.000 37266336.000 100002384.000
10003824.000 9537696.000 8677152.000 2497968.000 1995984.000 1900368.000 3215088.000 3215088.000 3215088.000 3215088.000 3215088.000 1852560.000 1852560.000 1852560.000 1852560.000 1924272.000 39967488.000 99990432.000
5007888.000 5474016.000 6334560.000 3489984.000 2964096.000 2784816.000 4422240.000 4422240.000 4422240.000 3478032.000 3478032.000 2366496.000 1852560.000 1852560.000 1852560.000 1852560.000 43947504.000 100002384.000
6764832.000 6764832.000 6764832.000 2557728.000 2079648.000 1984032.000 3274848.000 3274848.000 3274848.000 3322656.000 3227040.000 1721088.000 1721088.000 1470096.000 1470096.000 1470096.000 48859776.000 100002384.000
5175216.000 5175216.000 5175216.000 2043792.000 1661328.000 1613520.000 2581632.000 2581632.000 2581632.000 2605536.000 2701152.000 1792800.000 1840608.000 2091600.000 2127456.000 2127456.000 56126592.000 100002384.000
7051680.000 6119424.000 6035760.000 2151360.000 1756944.000 1685232.000 2689200.000 2689200.000 2689200.000 2689200.000 2689200.000 1685232.000 1685232.000 1685232.000 1709136.000 1709136.000 53282016.000 100002384.000
5414256.000 6346512.000 6430176.000 3035808.000 2509920.000 2414304.000 3752928.000 3752928.000 3513888.000 3023856.000 3023856.000 1792800.000 1792800.000 1792800.000 1792800.000 1792800.000 47808000.000 99990432.000
5521824.000 5521824.000 5521824.000 2402352.000 2007936.000 1936224.000 2940192.000 2940192.000 3179232.000 3669264.000 3669264.000 2557728.000 2557728.000 2450160.000 2246976.000 2031840.000 48847824.000 100002384.000
5629392.000 5629392.000 5629392.000 2509920.000 2115504.000 2043792.000 3035808.000 3035808.000 3035808.000 3047760.000 3047760.000 2031840.000 2043792.000 2151360.000 2043792.000 2258928.000 50712336.000 100002384.000
5725008.000 5725008.000 5725008.000 2617488.000 2223072.000 2151360.000 3119472.000 3119472.000 3119472.000 3155328.000 3155328.000 1768896.000 1852560.000 1422288.000 1733040.000 1733040.000 51656544.000 100002384.000
5808672.000 5808672.000 5808672.000 2689200.000 2330640.000 2258928.000 3227040.000 2820672.000 2211120.000 2390400.000 2163312.000 1816704.000 1792800.000 2223072.000 2223072.000 2223072.000 52206336.000 100002384.000
5916240.000 5916240.000 4804704.000 1852560.000 1613520.000 1565712.000 2211120.000 2617488.000 3227040.000 3107520.000 3334608.000 2294784.000 2330640.000 2330640.000 2330640.000 2330640.000 52206336.000 99990432.000
4003920.000 4003920.000 5115456.000 2868480.000 2509920.000 2438208.000 3406320.000 3406320.000 3406320.000 3430224.000 3430224.000 2402352.000 2438208.000 2438208.000 2438208.000 2438208.000 49827888.000 100002384.000
6095520.000 6095520.000 6095520.000 2976048.000 2593584.000 2545776.000 3513888.000 3513888.000 3513888.000 3513888.000 3513888.000 2509920.000 2509920.000 2509920.000 2545776.000 2115504.000 43839936.000 100002384.000
6167232.000 6167232.000 6167232.000 3083616.000 2689200.000 2617488.000 3621456.000 3621456.000 3621456.000 3621456.000 3119472.000 2223072.000 2055744.000 1733040.000 1756944.000 2187216.000 45549072.000 100002384.000
6274800.000 5199120.000 5043744.000 2115504.000 1852560.000 1804752.000 2474064.000 2474064.000 2474064.000 2474064.000 2976048.000 2199168.000 2366496.000 2689200.000 2689200.000 2689200.000 52206336.000 100002384.000
4242960.000 5318640.000 5474016.000 3262896.000 2868480.000 2796768.000 3788784.000 3788784.000 3788784.000 3800736.000 3800736.000 2796768.000 2796768.000 2796768.000 2796768.000 2605536.000 43266240.000 99990432.000
6454080.000 6454080.000 6454080.000 3370464.000 2976048.000 2904336.000 3872448.000 3872448.000 3872448.000 3334608.000 2880432.000 1924272.000 1924272.000 1924272.000 1924272.000 2115504.000 43744320.000 100002384.000
4362480.000 4362480.000 4362480.000 2306736.000 2043792.000 1995984.000 2641392.000 2641392.000 2641392.000 3238992.000 3693168.000 2952144.000 2976048.000 2976048.000 2976048.000 2976048.000 50855760.000 100002384.000
6621408.000 6621408.000 6621408.000 3513888.000 3155328.000 3083616.000 4051728.000 4051728.000 4051728.000 4087584.000 4087584.000 3047760.000 3083616.000 2928240.000 2617488.000 2223072.000 36154800.000 100002384.000
5426208.000 5366448.000 4458096.000 2402352.000 2163312.000 2115504.000 2760912.000 2760912.000 2760912.000 2772864.000 2772864.000 2091600.000 2115504.000 2270880.000 2581632.000 2976048.000 52206336.000 100002384.000
5808672.000 5868432.000 6776784.000 3693168.000 3334608.000 3262896.000 4231008.000 4231008.000 4231008.000 4231008.000 4231008.000 3227040.000 3262896.000 3262896.000 2737008.000 2737008.000 34863984.000 99990432.000
5079600.000 4577616.000 4577616.000 2521872.000 2282832.000 2235024.000 2880432.000 2880432.000 2880432.000 2880432.000 2880432.000 2211120.000 2223072.000 2223072.000 2760912.000 2760912.000 52146576.000 100002384.000
6454080.000 6956064.000 6956064.000 3872448.000 3478032.000 3430224.000 4410288.000 4410288.000 4410288.000 4410288.000 3824640.000 2904336.000 2856528.000 2258928.000 2282832.000 2282832.000 34804224.000 100002384.000
4697136.000 4697136.000 4697136.000 2641392.000 2378448.000 2330640.000 2988000.000 2988000.000 2988000.000 2999952.000 3585600.000 2832624.000 2880432.000 3478032.000 3489984.000 3489984.000 46839888.000 100002384.000
7099488.000 5832576.000 5832576.000 3095568.000 2366496.000 2330640.000 2976048.000 2976048.000 2976048.000 3322656.000 3322656.000 2784816.000 2354544.000 2354544.000 2091600.000 2091600.000 46194480.000 100002384.000
3549744.000 3549744.000 3549744.000 2043792.000 1828656.000 1828656.000 2294784.000 2294784.000 2294784.000 2294784.000 2294784.000 1792800.000 1792800.000 1792800.000 2067696.000 2067696.000 62652384.000 99990432.000
4900320.000 4900320.000 4900320.000 2892384.000 2605536.000 2557728.000 3227040.000 3227040.000 3227040.000 2438208.000 2414304.000 1900368.000 1900368.000 1900368.000 1936224.000 1936224.000 53138592.000 100002384.000
3800736.000 3800736.000 3800736.000 2270880.000 2079648.000 2043792.000 2545776.000 2545776.000 2545776.000 3334608.000 3358512.000 2701152.000 2701152.000 2701152.000 2390400.000 2390400.000 54991152.000 100002384.000
3908304.000 3908304.000 3908304.000 2366496.000 2187216.000 2151360.000 2653344.000 2653344.000 2653344.000 2653344.000 2653344.000 2151360.000 2151360.000 2151360.000 2486016.000 2175264.000 57190320.000 100002384.000
3980016.000 4015872.000 4015872.000 2474064.000 2294784.000 2258928.000 2760912.000 2760912.000 2760912.000 2760912.000 2760912.000 2258928.000 2258928.000 2258928.000 2258928.000 2569680.000 55552896.000 100002384.000
4087584.000 4123440.000 4123440.000 2581632.000 2402352.000 2366496.000 2868480.000 2868480.000 2868480.000 2868480.000 2868480.000 2366496.000 2366496.000 2366496.000 2366496.000 2366496.000 54130608.000 99990432.000
4195152.000 4231008.000 4231008.000 2689200.000 2509920.000 2474064.000 2976048.000 2976048.000 2976048.000 2940192.000 2940192.000 2450160.000 2474064.000 2474064.000 2474064.000 2474064.000 52517088.000 100002384.000
4302720.000 4314672.000 4314672.000 2796768.000 2605536.000 2581632.000 3059712.000 3059712.000 3059712.000 3047760.000 3047760.000 2545776.000 2569680.000 2569680.000 2581632.000 2581632.000 50963328.000 100002384.000
