0.000 0.000 0.000 0.000 0.000 0.000 0.000 0.000 0.000 0.000 0.000 0.000 0.000 0.000 0.000 0.000 0.000 0.000
8641296.000 5103504.000 4960080.000 4900320.000 2940192.000 2892384.000 2892384.000 2820672.000 2820672.000 2820672.000 2820672.000 2820672.000 2689200.000 2689200.000 2725056.000 2497968.000 15322464.000 72357408.000
9740880.000 4386384.000 3824640.000 3764880.000 1972080.000 1912320.000 1912320.000 1852560.000 1852560.000 1852560.000 1852560.000 1852560.000 1733040.000 1733040.000 1804752.000 1924272.000 56030976.000 100002384.000
9693072.000 4721040.000 4852512.000 4768848.000 2258928.000 2175264.000 2175264.000 2091600.000 2091600.000 2091600.000 2031840.000 2007936.000 1685232.000 1685232.000 1756944.000 1685232.000 52218288.000 99990432.000
10362384.000 4290768.000 3693168.000 3621456.000 1470096.000 1398384.000 1398384.000 1326672.000 1326672.000 1326672.000 1386432.000 1410336.000 1422288.000 1422288.000 1505952.000 1422288.000 61218144.000 100002384.000
10135296.000 4159296.000 4254912.000 4159296.000 1410336.000 1374480.000 1374480.000 1350576.000 1350576.000 1350576.000 1350576.000 1350576.000 1243008.000 1243008.000 1290816.000 1087632.000 61516944.000 100002384.000
9370368.000 3346560.000 3095568.000 3011904.000 1171296.000 1171296.000 1171296.000 1171296.000 1171296.000 1171296.000 1171296.000 1171296.000 1087632.000 1087632.000 1219104.000 1243008.000 67170240.000 100002384.000
9991872.000 3107520.000 2820672.000 2725056.000 1338624.000 1338624.000 1338624.000 1338624.000 1338624.000 1338624.000 1338624.000 1338624.000 1243008.000 1243008.000 1326672.000 1207152.000 65628432.000 100002384.000
8975952.000 2187216.000 1840608.000 1756944.000 1171296.000 1171296.000 1171296.000 1171296.000 1171296.000 1171296.000 1171296.000 1171296.000 1087632.000 1087632.000 1183248.000 1123488.000 71377344.000 99990432.000
7697088.000 1697184.000 1721088.000 1721088.000 1338624.000 1338624.000 1338624.000 1338624.000 1338624.000 1338624.000 1338624.000 1338624.000 1243008.000 1243008.000 1338624.000 1243008.000 71389296.000 100002384.000
7792704.000 1721088.000 1721088.000 1721088.000 1338624.000 1338624.000 1338624.000 1338624.000 1338624.000 1338624.000 1338624.000 1338624.000 1243008.000 1243008.000 1338624.000 1243008.000 71269776.000 100002384.000
7027776.000 1721088.000 1721088.000 1721088.000 1338624.000 1338624.000 1338624.000 1338624.000 1338624.000 1338624.000 1338624.000 1338624.000 1243008.000 1243008.000 1338624.000 1243008.000 72034704.000 100002384.000
6262848.000 1721088.000 1721088.000 1721088.000 1338624.000 1338624.000 1338624.000 1338624.000 1338624.000 1338624.000 1338624.000 1338624.000 1243008.000 1243008.000 1338624.000 1243008.000 72799632.000 100002384.000
5497920.000 1721088.000 1721088.000 1721088.000 1338624.000 1338624.000 1338624.000 1338624.000 1338624.000 1338624.000 1338624.000 1338624.000 1243008.000 1243008.000 1338624.000 1243008.000 73552608.000 99990432.000
4732992.000 1721088.000 1721088.000 1721088.000 1338624.000 1338624.000 1338624.000 1338624.000 1338624.000 1338624.000 1338624.000 1338624.000 1243008.000 1243008.000 1338624.000 1243008.000 74329488.000 100002384.000
3968064.000 1721088.000 1721088.000 1721088.000 1338624.000 1338624.000 1338624.000 1338624.000 1338624.000 1338624.000 1338624.000 1338624.000 1243008.000 1243008.000 1338624.000 1243008.000 75094416.000 100002384.000
3549744.000 1840608.000 1876464.000 1780848.000 1338624.000 1338624.000 1338624.000 1338624.000 1338624.000 1338624.000 1338624.000 1338624.000 1243008.000 1243008.000 1338624.000 1243008.000 75178080.000 100002384.000
2342592.000 1816704.000 1780848.000 1876464.000 1505952.000 1505952.000 1505952.000 1505952.000 1505952.000 1505952.000 1494000.000 1446192.000 1326672.000 1243008.000 1338624.000 1243008.000 75058560.000 100002384.000
2007936.000 1721088.000 1721088.000 1721088.000 1338624.000 1338624.000 1338624.000 1338624.000 1338624.000 1338624.000 1350576.000 1398384.000 1314720.000 1398384.000 1505952.000 1362528.000 76456944.000 99990432.000
1984032.000 1721088.000 1721088.000 1721088.000 1338624.000 1338624.000 1338624.000 1338624.000 1338624.000 1338624.000 1338624.000 1338624.000 1243008.000 1243008.000 1338624.000 1243008.000 77078448.000 100002384.000
1912320.000 1721088.000 1721088.000 1721088.000 1338624.000 1338624.000 1338624.000 1338624.000 1338624.000 1338624.000 1338624.000 1338624.000 1243008.000 1243008.000 1338624.000 1243008.000 77150160.000 100002384.000
1912320.000 1721088.000 1721088.000 1721088.000 1338624.000 1338624.000 1338624.000 1338624.000 1338624.000 1338624.000 1338624.000 1338624.000 1243008.000 1243008.000 1338624.000 1243008.000 77150160.000 100002384.000
1900368.000 1721088.000 1721088.000 1721088.000 1338624.000 1338624.000 1338624.000 1338624.000 1338624.000 1338624.000 1338624.000 1338624.000 1243008.000 1243008.000 1338624.000 1243008.000 77162112.000 100002384.000
1816704.000 1721088.000 1721088.000 1721088.000 1338624.000 1338624.000 1338624.000 1338624.000 1338624.000 1338624.000 1338624.000 1338624.000 1243008.000 1243008.000 1338624.000 1243008.000 77233824.000 99990432.000
1816704.000 1721088.000 1721088.000 1721088.000 1338624.000 1338624.000 1338624.000 1338624.000 1338624.000 1338624.000 1338624.000 1338624.000 1243008.000 1243008.000 1338624.000 1243008.000 77245776.000 100002384.000
1816704.000 1721088.000 1721088.000 1721088.000 1338624.000 1338624.000 1338624.000 1338624.000 1338624.000 1338624.000 1338624.000 1338624.000 1243008.000 1243008.000 1338624.000 1243008.000 77245776.000 100002384.000
1733040.000 1721088.000 1721088.000 1721088.000 1338624.000 1338624.000 1338624.000 1338624.000 1338624.000 1338624.000 1338624.000 1302768.000 1207152.000 1087632.000 1171296.000 1123488.000 77843376.000 100002384.000
1577664.000 1625472.000 1601568.000 1505952.000 1171296.000 1171296.000 1171296.000 1171296.000 1171296.000 1171296.000 1171296.000 1207152.000 1123488.000 1243008.000 1338624.000 1243008.000 79337376.000 100002384.000
1649376.000 1601568.000 1625472.000 1721088.000 1338624.000 1338624.000 1338624.000 1338624.000 1338624.000 1338624.000 1338624.000 1338624.000 1243008.000 1243008.000 1338624.000 1243008.000 77616288.000 99990432.000
1721088.000 1721088.000 1721088.000 1721088.000 1338624.000 1338624.000 1338624.000 1338624.000 1338624.000 1338624.000 1338624.000 1338624.000 1243008.000 1243008.000 1338624.000 1207152.000 77377248.000 100002384.000
1625472.000 1625472.000 1673280.000 1721088.000 1338624.000 1338624.000 1338624.000 1338624.000 1338624.000 1338624.000 1338624.000 1338624.000 1243008.000 1243008.000 1338624.000 1243008.000 77580432.000 100002384.000
1625472.000 1625472.000 1625472.000 1637424.000 1338624.000 1338624.000 1302768.000 1278864.000 1183248.000 1171296.000 1171296.000 1171296.000 1087632.000 1087632.000 1171296.000 1123488.000 79062480.000 100002384.000
1422288.000 1422288.000 1422288.000 1422288.000 1171296.000 1171296.000 1207152.000 1231056.000 1326672.000 1338624.000 1338624.000 1338624.000 1243008.000 1243008.000 1338624.000 1243008.000 79122240.000 100002384.000
1625472.000 1625472.000 1625472.000 1625472.000 1338624.000 1338624.000 1338624.000 1338624.000 1338624.000 1338624.000 1338624.000 1338624.000 1243008.000 1243008.000 1338624.000 1207152.000 77747760.000 99990432.000
1601568.000 1601568.000 1625472.000 1625472.000 1338624.000 1338624.000 1338624.000 1338624.000 1326672.000 1278864.000 1231056.000 1171296.000 1087632.000 1087632.000 1171296.000 1123488.000 78715872.000 100002384.000
1338624.000 1338624.000 1386432.000 1422288.000 1171296.000 1171296.000 1171296.000 1171296.000 1183248.000 1231056.000 1278864.000 1338624.000 1243008.000 1243008.000 1338624.000 1243008.000 79731792.000 100002384.000
1529856.000 1529856.000 1529856.000 1541808.000 1338624.000 1338624.000 1338624.000 1338624.000 1338624.000 1338624.000 1338624.000 1338624.000 1243008.000 1243008.000 1338624.000 1207152.000 78130224.000 100002384.000
1338624.000 1338624.000 1338624.000 1338624.000 1171296.000 1171296.000 1171296.000 1171296.000 1171296.000 1171296.000 1171296.000 1171296.000 1087632.000 1087632.000 1171296.000 1123488.000 80807472.000 100002384.000
1529856.000 1529856.000 1529856.000 1529856.000 1338624.000 1338624.000 1338624.000 1338624.000 1338624.000 1338624.000 1338624.000 1338624.000 1243008.000 1243008.000 1338624.000 1207152.000 78130224.000 99990432.000
1374480.000 1338624.000 1338624.000 1338624.000 1171296.000 1171296.000 1171296.000 1171296.000 1171296.000 1171296.000 1171296.000 1171296.000 1087632.000 1087632.000 1171296.000 1123488.000 80771616.000 100002384.000
1458144.000 1494000.000 1505952.000 1529856.000 1338624.000 1338624.000 1338624.000 1338624.000 1338624.000 1338624.000 1338624.000 1338624.000 1243008.000 1243008.000 1338624.000 1207152.000 78273648.000 100002384.000
1254960.000 1254960.000 1254960.000 1326672.000 1171296.000 1171296.000 1171296.000 1171296.000 1171296.000 1171296.000 1171296.000 1171296.000 1087632.000 1087632.000 1171296.000 1123488.000 81070416.000 100002384.000
1434240.000 1434240.000 1434240.000 1434240.000 1338624.000 1338624.000 1338624.000 1338624.000 1338624.000 1338624.000 1338624.000 1338624.000 1243008.000 1243008.000 1338624.000 1207152.000 78524640.000 100002384.000
1254960.000 1254960.000 1254960.000 1254960.000 1171296.000 1171296.000 1171296.000 1171296.000 1171296.000 1171296.000 1171296.000 1171296.000 1087632.000 1087632.000 1171296.000 1123488.000 81130176.000 99990432.000
1434240.000 1434240.000 1434240.000 1434240.000 1338624.000 1338624.000 1338624.000 1338624.000 1338624.000 1338624.000 1338624.000 1338624.000 1243008.000 1243008.000 1326672.000 1207152.000 78536592.000 100002384.000
1254960.000 1254960.000 1254960.000 1254960.000 1171296.000 1171296.000 1171296.000 1171296.000 1171296.000 1171296.000 1171296.000 1171296.000 1087632.000 1087632.000 1183248.000 1087632.000 81166032.000 100002384.000
1231056.000 1231056.000 1254960.000 1254960.000 1171296.000 1171296.000 1171296.000 1171296.000 1171296.000 1171296.000 1171296.000 1171296.000 1087632.000 1087632.000 1171296.000 1123488.000 81189936.000 100002384.000
1338624.000 1338624.000 1398384.000 1422288.000 1338624.000 1338624.000 1338624.000 1338624.000 1338624.000 1338624.000 1338624.000 1338624.000 1243008.000 1243008.000 1326672.000 1207152.000 78775632.000 100002384.000
1171296.000 1171296.000 1171296.000 1171296.000 1171296.000 1171296.000 1171296.000 1171296.000 1171296.000 1171296.000 1171296.000 1171296.000 1087632.000 1087632.000 1183248.000 1087632.000 81488736.000 99990432.000
1171296.000 1171296.000 1171296.000 1171296.000 1171296.000 1171296.000 1171296.000 1171296.000 1171296.000 1171296.000 1171296.000 1171296.000 1087632.000 1087632.000 1171296.000 1123488.000 81476784.000 100002384.000
1171296.000 1171296.000 1171296.000 1171296.000 1171296.000 1171296.000 1171296.000 1171296.000 1171296.000 1171296.000 1171296.000 1171296.000 1087632.000 1087632.000 1171296.000 1087632.000 81512640.000 100002384.000
1338624.000 1338624.000 1338624.000 1338624.000 1338624.000 1338624.000 1338624.000 1338624.000 1338624.000 1338624.000 1338624.000 1338624.000 1243008.000 1243008.000 1326672.000 1207152.000 78919056.000 100002384.000
1171296.000 1171296.000 1171296.000 1171296.000 1171296.000 1171296.000 1171296.000 1171296.000 1171296.000 1171296.000 1171296.000 1171296.000 1087632.000 1087632.000 1183248.000 1087632.000 81500688.000 100002384.000
1171296.000 1171296.000 1171296.000 1171296.000 1171296.000 1171296.000 1171296.000 1171296.000 1171296.000 1171296.000 1171296.000 1171296.000 1087632.000 1087632.000 1171296.000 1087632.000 81500688.000 99990432.000
1099584.000 1087632.000 1159344.000 1171296.000 1171296.000 1171296.000 1171296.000 1171296.000 1171296.000 1171296.000 1171296.000 1171296.000 1087632.000 1087632.000 1171296.000 1087632.000 81679968.000 100002384.000
1087632.000 1087632.000 1087632.000 1111536.000 1171296.000 1171296.000 1171296.000 1171296.000 1171296.000 1171296.000 1171296.000 1171296.000 1087632.000 1087632.000 1171296.000 1123488.000 81787536.000 100002384.000
1087632.000 1087632.000 1087632.000 1087632.000 1087632.000 1147392.000 1171296.000 1171296.000 1171296.000 1171296.000 1171296.000 1171296.000 1087632.000 1087632.000 1171296.000 1087632.000 81954864.000 100002384.000
1087632.000 1087632.000 1087632.000 1087632.000 1087632.000 1087632.000 1111536.000 1123488.000 1171296.000 1171296.000 1171296.000 1171296.000 1087632.000 1087632.000 1171296.000 1087632.000 82122192.000 100002384.000
1087632.000 1087632.000 1087632.000 1087632.000 1087632.000 1087632.000 1087632.000 1087632.000 1123488.000 1171296.000 1171296.000 1171296.000 1087632.000 1087632.000 1171296.000 1087632.000 82217808.000 99990432.000
1135440.000 1111536.000 1087632.000 1087632.000 1087632.000 1087632.000 1087632.000 1087632.000 1087632.000 1099584.000 1135440.000 1171296.000 1087632.000 1087632.000 1171296.000 1087632.000 82301472.000 100002384.000
1159344.000 1159344.000 1183248.000 1087632.000 1087632.000 1087632.000 1087632.000 1087632.000 1087632.000 1087632.000 1087632.000 1099584.000 1087632.000 1087632.000 1171296.000 1087632.000 82265616.000 100002384.000
1039824.000 1087632.000 1051776.000 1087632.000 1087632.000 1087632.000 1087632.000 1087632.000 1087632.000 1087632.000 1087632.000 1087632.000 1087632.000 1087632.000 1111536.000 1087632.000 82660032.000 100002384.000
1015920.000 992016.000 1027872.000 1087632.000 1087632.000 1087632.000 1087632.000 1087632.000 1087632.000 1087632.000 1087632.000 1087632.000 1087632.000 1087632.000 1087632.000 1087632.000 82827360.000 100002384.000
1087632.000 1087632.000 1087632.000 1087632.000 1087632.000 1087632.000 1087632.000 1087632.000 1087632.000 1087632.000 1087632.000 1087632.000 1087632.000 1087632.000 1087632.000 1087632.000 82588320.000 99990432.000
1051776.000 1051776.000 1087632.000 1087632.000 1087632.000 1087632.000 1087632.000 1087632.000 1087632.000 1087632.000 1087632.000 1087632.000 1087632.000 1087632.000 1087632.000 1087632.000 82671984.000 100002384.000
1003968.000 1003968.000 1039824.000 1051776.000 1087632.000 1087632.000 1087632.000 1087632.000 1087632.000 1087632.000 1087632.000 1087632.000 1087632.000 1087632.000 1087632.000 1087632.000 82851264.000 100002384.000
1003968.000 1003968.000 1003968.000 1003968.000 1027872.000 1087632.000 1087632.000 1087632.000 1087632.000 1087632.000 1087632.000 1087632.000 1087632.000 1087632.000 1087632.000 1051776.000 83030544.000 100002384.000
1003968.000 1003968.000 1003968.000 1003968.000 1003968.000 1015920.000 1051776.000 1087632.000 1087632.000 1087632.000 1087632.000 1087632.000 1087632.000 1087632.000 1087632.000 1087632.000 83126160.000 100002384.000
1003968.000 1003968.000 1003968.000 1003968.000 1003968.000 1003968.000 1003968.000 1039824.000 1039824.000 1087632.000 1087632.000 1087632.000 1087632.000 1087632.000 1087632.000 1087632.000 83269584.000 99990432.000
1003968.000 1003968.000 1003968.000 1003968.000 1003968.000 1003968.000 1003968.000 1003968.000 1003968.000 1027872.000 1087632.000 1087632.000 1087632.000 1087632.000 1075680.000 1087632.000 83424960.000 100002384.000
860544.000 860544.000 860544.000 860544.000 860544.000 860544.000 860544.000 860544.000 860544.000 860544.000 872496.000 896400.000 932256.000 932256.000 944208.000 968112.000 85851216.000 100002384.000
1003968.000 1003968.000 1003968.000 1003968.000 1003968.000 1003968.000 1003968.000 1003968.000 1003968.000 1003968.000 1003968.000 1003968.000 1015920.000 1063728.000 1087632.000 1087632.000 83699856.000 100002384.000
1003968.000 1003968.000 1003968.000 1003968.000 1003968.000 1003968.000 1003968.000 1003968.000 1003968.000 1003968.000 1003968.000 1003968.000 1003968.000 1003968.000 1015920.000 1051776.000 83879136.000 100002384.000
1003968.000 1003968.000 1003968.000 1003968.000 1003968.000 1003968.000 1003968.000 1003968.000 1003968.000 1003968.000 1003968.000 1003968.000 1003968.000 1003968.000 1003968.000 1015920.000 83914992.000 99990432.000
1003968.000 1003968.000 956160.000 980064.000 884448.000 860544.000 860544.000 860544.000 860544.000 860544.000 860544.000 860544.000 860544.000 860544.000 860544.000 896400.000 85671936.000 100002384.000
860544.000 860544.000 908352.000 884448.000 980064.000 1003968.000 1003968.000 1003968.000 1003968.000 1003968.000 1003968.000 1003968.000 1003968.000 1003968.000 1003968.000 1003968.000 84464784.000 100002384.000
1003968.000 1003968.000 1003968.000 1003968.000 1003968.000 1003968.000 1003968.000 1003968.000 1003968.000 1003968.000 1003968.000 1003968.000 1003968.000 1003968.000 1003968.000 968112.000 83974752.000 100002384.000
944208.000 956160.000 1003968.000 1003968.000 1003968.000 1003968.000 992016.000 956160.000 908352.000 860544.000 860544.000 860544.000 860544.000 860544.000 860544.000 896400.000 85169952.000 100002384.000
788832.000 788832.000 788832.000 824688.000 860544.000 860544.000 872496.000 908352.000 956160.000 1003968.000 1003968.000 1003968.000 1003968.000 1003968.000 1003968.000 1003968.000 85313376.000 99990432.000
920304.000 920304.000 920304.000 920304.000 932256.000 1003968.000 1003968.000 1003968.000 1003968.000 1003968.000 1003968.000 1003968.000 1003968.000 1003968.000 1003968.000 968112.000 84381120.000 100002384.000
788832.000 788832.000 788832.000 788832.000 788832.000 788832.000 848592.000 860544.000 860544.000 860544.000 860544.000 860544.000 860544.000 860544.000 860544.000 896400.000 86640048.000 100002384.000
920304.000 920304.000 920304.000 920304.000 920304.000 920304.000 920304.000 944208.000 956160.000 1003968.000 1003968.000 1003968.000 1003968.000 1003968.000 1003968.000 968112.000 84667968.000 100002384.000
920304.000 920304.000 920304.000 920304.000 920304.000 920304.000 920304.000 920304.000 920304.000 920304.000 992016.000 980064.000 968112.000 884448.000 860544.000 896400.000 85217760.000 100002384.000
788832.000 788832.000 788832.000 788832.000 788832.000 788832.000 788832.000 788832.000 788832.000 788832.000 788832.000 848592.000 872496.000 980064.000 1003968.000 1003968.000 86604192.000 99990432.000
920304.000 920304.000 920304.000 920304.000 920304.000 920304.000 920304.000 920304.000 920304.000 920304.000 920304.000 920304.000 920304.000 956160.000 992016.000 968112.000 85122144.000 100002384.000
788832.000 788832.000 788832.000 788832.000 788832.000 788832.000 788832.000 788832.000 788832.000 788832.000 788832.000 788832.000 788832.000 788832.000 788832.000 896400.000 87273504.000 100002384.000
920304.000 920304.000 920304.000 920304.000 920304.000 920304.000 920304.000 920304.000 920304.000 920304.000 920304.000 920304.000 920304.000 920304.000 920304.000 884448.000 85313376.000 100002384.000
788832.000 788832.000 788832.000 788832.000 788832.000 788832.000 788832.000 788832.000 788832.000 788832.000 788832.000 788832.000 788832.000 788832.000 788832.000 824688.000 87345216.000 100002384.000
920304.000 920304.000 920304.000 920304.000 920304.000 920304.000 920304.000 920304.000 920304.000 920304.000 920304.000 920304.000 920304.000 920304.000 920304.000 884448.000 85301424.000 99990432.000
788832.000 788832.000 788832.000 788832.000 788832.000 788832.000 788832.000 788832.000 788832.000 788832.000 788832.000 788832.000 788832.000 788832.000 788832.000 788832.000 87381072.000 100002384.000
788832.000 788832.000 788832.000 788832.000 788832.000 788832.000 788832.000 788832.000 788832.000 788832.000 788832.000 788832.000 788832.000 788832.000 788832.000 824688.000 87345216.000 100002384.000
920304.000 920304.000 920304.000 920304.000 920304.000 920304.000 920304.000 920304.000 920304.000 920304.000 920304.000 920304.000 920304.000 920304.000 920304.000 884448.000 85313376.000 100002384.000
752976.000 764928.000 788832.000 788832.000 788832.000 788832.000 788832.000 788832.000 788832.000 788832.000 788832.000 788832.000 788832.000 788832.000 788832.000 824688.000 87404976.000 100002384.000
836640.000 836640.000 872496.000 920304.000 920304.000 920304.000 920304.000 908352.000 872496.000 848592.000 788832.000 788832.000 788832.000 788832.000 788832.000 788832.000 86401008.000 99990432.000
717120.000 717120.000 717120.000 717120.000 741024.000 788832.000 788832.000 800784.000 836640.000 860544.000 920304.000 920304.000 920304.000 920304.000 920304.000 884448.000 86831280.000 100002384.000
717120.000 717120.000 717120.000 717120.000 717120.000 752976.000 776880.000 788832.000 788832.000 788832.000 788832.000 788832.000 788832.000 788832.000 788832.000 824688.000 87751584.000 100002384.000
764928.000 729072.000 717120.000 717120.000 717120.000 717120.000 717120.000 752976.000 764928.000 776880.000 788832.000 788832.000 788832.000 788832.000 788832.000 788832.000 87895008.000 100002384.000
788832.000 824688.000 836640.000 836640.000 836640.000 836640.000 836640.000 836640.000 836640.000 836640.000 920304.000 920304.000 920304.000 920304.000 920304.000 884448.000 86209776.000 100002384.000
717120.000 717120.000 717120.000 717120.000 717120.000 717120.000 717120.000 717120.000 717120.000 717120.000 741024.000 752976.000 788832.000 788832.000 788832.000 788832.000 88169904.000 99990432.000
