0.000 0.000 0.000 0.000 0.000 0.000 0.000 0.000 0.000 0.000 0.000 0.000 0.000 0.000 0.000 0.000 0.000 0.000
10458000.000 9454032.000 9944064.000 9023760.000 8844480.000 8784720.000 5509872.000 5485968.000 5426208.000 5557680.000 5450112.000 5318640.000 5151312.000 4529808.000 0.000 0.000 0.000 98938656.000
5856480.000 6609456.000 6609456.000 6717024.000 6740928.000 6812640.000 5019840.000 5043744.000 5103504.000 5019840.000 5019840.000 5019840.000 5019840.000 5019840.000 6226992.000 6226992.000 7936128.000 100002384.000
5832576.000 6561648.000 6561648.000 6561648.000 6561648.000 6561648.000 5103504.000 5103504.000 5103504.000 5187168.000 5187168.000 5187168.000 5175216.000 5103504.000 6561648.000 6561648.000 7075584.000 99990432.000
5832576.000 6561648.000 6561648.000 6561648.000 6561648.000 6561648.000 5103504.000 5103504.000 5055696.000 5019840.000 5019840.000 5019840.000 5031792.000 5103504.000 6561648.000 6561648.000 7780752.000 100002384.000
5832576.000 6561648.000 6561648.000 6549696.000 6489936.000 6454080.000 5019840.000 5019840.000 5067648.000 5103504.000 5103504.000 5103504.000 5103504.000 5103504.000 6454080.000 6454080.000 8019792.000 100002384.000
5736960.000 6454080.000 6454080.000 6466032.000 6525792.000 6561648.000 5103504.000 5043744.000 5019840.000 5019840.000 5019840.000 5019840.000 5019840.000 5019840.000 6454080.000 6454080.000 8629344.000 100002384.000
5736960.000 6454080.000 6454080.000 6454080.000 6454080.000 6454080.000 5019840.000 5079600.000 5031792.000 5019840.000 5019840.000 5019840.000 5019840.000 5019840.000 6454080.000 6454080.000 8856432.000 100002384.000
5641344.000 6346512.000 6346512.000 6346512.000 6346512.000 6346512.000 4936176.000 4936176.000 5007888.000 5019840.000 4960080.000 4936176.000 4936176.000 4936176.000 6454080.000 6454080.000 10039680.000 99990432.000
5641344.000 6346512.000 6346512.000 6346512.000 6346512.000 6346512.000 4936176.000 4936176.000 4936176.000 4936176.000 4995936.000 5019840.000 4995936.000 4936176.000 6346512.000 6346512.000 10242864.000 100002384.000
5641344.000 6346512.000 6346512.000 6346512.000 6346512.000 6346512.000 4936176.000 4936176.000 4936176.000 4936176.000 4888368.000 4852512.000 4876416.000 4936176.000 6346512.000 6346512.000 10637280.000 100002384.000
5545728.000 6238944.000 6238944.000 6238944.000 6226992.000 6191136.000 4768848.000 4768848.000 4768848.000 4768848.000 4816656.000 4852512.000 4852512.000 4852512.000 6131376.000 6131376.000 12609360.000 100002384.000
5354496.000 5497920.000 5784768.000 6023808.000 6035760.000 6071616.000 4768848.000 4768848.000 4721040.000 4685184.000 4685184.000 4685184.000 4685184.000 4685184.000 5581584.000 5701104.000 16266672.000 100002384.000
5545728.000 5545728.000 5533776.000 6131376.000 6131376.000 6131376.000 4768848.000 4768848.000 4816656.000 4852512.000 4852512.000 4852512.000 4852512.000 4852512.000 5450112.000 5450112.000 15453936.000 99990432.000
5450112.000 5450112.000 5462064.000 6238944.000 6238944.000 6238944.000 4852512.000 4852512.000 4852512.000 4852512.000 4852512.000 4852512.000 4852512.000 4804704.000 5545728.000 5545728.000 15059520.000 100002384.000
5545728.000 5545728.000 5545728.000 6238944.000 6226992.000 6191136.000 4768848.000 4768848.000 4768848.000 4768848.000 4768848.000 4768848.000 4768848.000 4816656.000 5450112.000 5450112.000 15609312.000 100002384.000
5450112.000 5450112.000 5450112.000 6131376.000 6143328.000 6179184.000 4852512.000 4852512.000 4804704.000 4768848.000 4768848.000 4768848.000 4768848.000 4768848.000 5545728.000 5521824.000 15776640.000 100002384.000
5450112.000 5450112.000 5450112.000 6119424.000 6047712.000 6023808.000 4685184.000 4685184.000 4732992.000 4768848.000 4768848.000 4768848.000 4768848.000 4768848.000 5354496.000 5378400.000 16780608.000 100002384.000
5354496.000 5306688.000 5258880.000 5928192.000 5999904.000 6023808.000 4685184.000 4685184.000 4685184.000 4685184.000 4685184.000 4685184.000 4685184.000 4685184.000 5354496.000 5354496.000 17928000.000 99990432.000
5545728.000 5593536.000 5641344.000 6346512.000 6346512.000 6346512.000 4936176.000 4876416.000 4852512.000 4852512.000 4852512.000 4852512.000 4852512.000 4852512.000 5545728.000 5545728.000 14163120.000 100002384.000
5450112.000 5450112.000 5450112.000 6131376.000 6131376.000 6131376.000 4768848.000 4828608.000 4852512.000 4852512.000 4852512.000 4852512.000 4780800.000 4768848.000 5545728.000 5545728.000 15609312.000 100002384.000
5545728.000 5545728.000 5545728.000 6226992.000 6131376.000 6131376.000 4768848.000 4768848.000 4768848.000 4768848.000 4768848.000 4768848.000 4840560.000 4852512.000 5450112.000 5450112.000 15669072.000 100002384.000
5450112.000 5450112.000 5450112.000 6131376.000 6143328.000 6131376.000 4768848.000 4768848.000 4768848.000 4768848.000 4768848.000 4768848.000 4768848.000 4768848.000 5450112.000 5450112.000 16194960.000 100002384.000
5354496.000 5354496.000 5354496.000 6023808.000 6071616.000 6023808.000 4685184.000 4685184.000 4685184.000 4685184.000 4685184.000 4685184.000 4685184.000 4685184.000 5354496.000 5354496.000 17617248.000 99990432.000
5450112.000 5450112.000 5450112.000 6143328.000 6179184.000 6238944.000 4852512.000 4852512.000 4804704.000 4768848.000 4768848.000 4768848.000 4768848.000 4768848.000 5545728.000 5485968.000 15704928.000 100002384.000
5545728.000 5545728.000 5545728.000 6238944.000 6238944.000 6226992.000 4852512.000 4768848.000 4816656.000 4852512.000 4852512.000 4852512.000 4852512.000 4852512.000 5450112.000 5509872.000 14999760.000 100002384.000
5450112.000 5450112.000 5450112.000 6131376.000 6131376.000 6143328.000 4768848.000 4852512.000 4804704.000 4768848.000 4768848.000 4768848.000 4768848.000 4768848.000 5545728.000 5545728.000 15884208.000 100002384.000
5450112.000 5450112.000 5450112.000 6131376.000 6131376.000 6131376.000 4768848.000 4768848.000 4816656.000 4840560.000 4768848.000 4768848.000 4768848.000 4768848.000 5450112.000 5450112.000 16087392.000 100002384.000
5450112.000 5450112.000 5450112.000 6131376.000 6131376.000 6131376.000 4768848.000 4768848.000 4721040.000 4697136.000 4768848.000 4768848.000 4768848.000 4768848.000 5450112.000 5450112.000 16314480.000 99990432.000
5354496.000 5354496.000 5354496.000 6023808.000 6023808.000 6023808.000 4685184.000 4685184.000 4732992.000 4768848.000 4709088.000 4685184.000 4685184.000 4685184.000 5354496.000 5354496.000 17521632.000 100002384.000
5354496.000 5354496.000 5354496.000 6023808.000 6023808.000 6023808.000 4685184.000 4649328.000 4601520.000 4601520.000 4661280.000 4685184.000 4685184.000 4685184.000 5258880.000 5258880.000 18095328.000 100002384.000
5163264.000 5163264.000 5163264.000 5533776.000 5808672.000 5808672.000 4517856.000 4553712.000 4577616.000 4517856.000 4517856.000 4517856.000 4517856.000 4517856.000 5258880.000 5258880.000 20605248.000 100002384.000
5258880.000 5234976.000 5163264.000 5163264.000 5808672.000 5808672.000 4517856.000 4517856.000 4541760.000 4601520.000 4601520.000 4601520.000 4601520.000 4601520.000 5163264.000 5163264.000 20653056.000 100002384.000
5163264.000 5187168.000 5246928.000 5163264.000 5808672.000 5808672.000 4517856.000 4517856.000 4517856.000 4517856.000 4517856.000 4517856.000 4517856.000 4517856.000 5163264.000 5163264.000 21143088.000 99990432.000
5067648.000 5067648.000 5079600.000 5163264.000 5713056.000 5808672.000 4517856.000 4517856.000 4517856.000 4517856.000 4517856.000 4517856.000 4458096.000 4434192.000 5163264.000 5163264.000 21776544.000 100002384.000
4972032.000 4972032.000 4972032.000 4972032.000 4972032.000 5282784.000 4350528.000 4350528.000 4350528.000 4350528.000 4350528.000 4350528.000 4350528.000 4350528.000 4972032.000 4972032.000 25111152.000 100002384.000
5258880.000 5258880.000 5258880.000 5258880.000 5258880.000 5258880.000 4601520.000 4601520.000 4541760.000 4517856.000 4517856.000 4517856.000 4577616.000 4601520.000 5163264.000 5163264.000 21645072.000 100002384.000
5354496.000 5354496.000 5354496.000 5354496.000 5354496.000 5354496.000 4685184.000 4637376.000 4577616.000 4685184.000 4685184.000 4685184.000 4685184.000 4685184.000 5067648.000 5067648.000 20414016.000 100002384.000
382464.000 382464.000 394416.000 13171104.000 17198928.000 17163072.000 12955968.000 16900128.000 298800.000 155376.000 0.000 0.000 0.000 47808.000 167328.000 167328.000 19625184.000 99010368.000
0.000 0.000 0.000 33824160.000 35174736.000 1171296.000 681264.000 1183248.000 155376.000 143424.000 406368.000 513936.000 0.000 95616.000 609552.000 0.000 19218816.000 93177792.000
0.000 0.000 0.000 15310512.000 15800544.000 6477984.000 3609504.000 6370416.000 4924224.000 4231008.000 4924224.000 6238944.000 0.000 4207104.000 4242960.000 6406272.000 17258688.000 100002384.000
3489984.000 3489984.000 3489984.000 7876368.000 8067600.000 6884352.000 3824640.000 6991920.000 5354496.000 4589568.000 5354496.000 6956064.000 3645360.000 5354496.000 4589568.000 6131376.000 13912128.000 100002384.000
4003920.000 4003920.000 4003920.000 8007840.000 8007840.000 7314624.000 4063680.000 7207056.000 5617440.000 4804704.000 5605488.000 7207056.000 4063680.000 5605488.000 4804704.000 6489936.000 9191088.000 100002384.000
4063680.000 4027824.000 4003920.000 8007840.000 8007840.000 7207056.000 4003920.000 7207056.000 5677200.000 4876416.000 5605488.000 7207056.000 4003920.000 5605488.000 4804704.000 6406272.000 9274752.000 99990432.000
4003920.000 3980016.000 4003920.000 8007840.000 8007840.000 7207056.000 4003920.000 7207056.000 5605488.000 4804704.000 5605488.000 7207056.000 4003920.000 5605488.000 4804704.000 6406272.000 9537696.000 100002384.000
3944160.000 4003920.000 4003920.000 8007840.000 7888320.000 7099488.000 3944160.000 7099488.000 5521824.000 4732992.000 5605488.000 7147296.000 3944160.000 5605488.000 4804704.000 6310656.000 10338480.000 100002384.000
3824640.000 3824640.000 3824640.000 7649280.000 7768800.000 6991920.000 3824640.000 6991920.000 5354496.000 4589568.000 5354496.000 6944112.000 3884400.000 5354496.000 4589568.000 6215040.000 13015728.000 100002384.000
3764880.000 3764880.000 3764880.000 7422192.000 7410240.000 6669216.000 3764880.000 6669216.000 5270832.000 4517856.000 5258880.000 6669216.000 3705120.000 5270832.000 4446144.000 5928192.000 15704928.000 100002384.000
3645360.000 3645360.000 3645360.000 7350480.000 7290720.000 6561648.000 3645360.000 6561648.000 5103504.000 4374432.000 5115456.000 6561648.000 3645360.000 5103504.000 4386384.000 5832576.000 17521632.000 99990432.000
3585600.000 3585600.000 3585600.000 7219008.000 7171200.000 6454080.000 3585600.000 6561648.000 5019840.000 4302720.000 5019840.000 6561648.000 3585600.000 5019840.000 4362480.000 5736960.000 18645120.000 100002384.000
3585600.000 3585600.000 3585600.000 7171200.000 7254864.000 6454080.000 3585600.000 6454080.000 5019840.000 4302720.000 5019840.000 6454080.000 3585600.000 5019840.000 4302720.000 5736960.000 18884160.000 100002384.000
3585600.000 3585600.000 3585600.000 7111440.000 7087536.000 6454080.000 3585600.000 6346512.000 5019840.000 4302720.000 5019840.000 6346512.000 3585600.000 5019840.000 4231008.000 5736960.000 19398096.000 100002384.000
3525840.000 3466080.000 3466080.000 6298704.000 6513840.000 6346512.000 3525840.000 6346512.000 4936176.000 4231008.000 4852512.000 6346512.000 3525840.000 4852512.000 4231008.000 5641344.000 21896064.000 100002384.000
3525840.000 3525840.000 3525840.000 6346512.000 6346512.000 6346512.000 3525840.000 6346512.000 4936176.000 4195152.000 4936176.000 6346512.000 3525840.000 4936176.000 4231008.000 5641344.000 21752640.000 99990432.000
3406320.000 3406320.000 3406320.000 6131376.000 6131376.000 6131376.000 3406320.000 6131376.000 4768848.000 4123440.000 4768848.000 6131376.000 3406320.000 4768848.000 4087584.000 5450112.000 24346224.000 100002384.000
3346560.000 3346560.000 3346560.000 6023808.000 6023808.000 6023808.000 3346560.000 6023808.000 4685184.000 4015872.000 4685184.000 6023808.000 3346560.000 4685184.000 4015872.000 5354496.000 25708752.000 100002384.000
3346560.000 3346560.000 3346560.000 6023808.000 6023808.000 6023808.000 3346560.000 6023808.000 4685184.000 4015872.000 4685184.000 6023808.000 3346560.000 4685184.000 4015872.000 5354496.000 25708752.000 100002384.000
3346560.000 3346560.000 3346560.000 6023808.000 6023808.000 6023808.000 3346560.000 6023808.000 4685184.000 3980016.000 4685184.000 6023808.000 3346560.000 4685184.000 4015872.000 5354496.000 25744608.000 100002384.000
3286800.000 3286800.000 3286800.000 5509872.000 5713056.000 5916240.000 3286800.000 5916240.000 4601520.000 3980016.000 4601520.000 5916240.000 3286800.000 4601520.000 3944160.000 5258880.000 27597168.000 99990432.000
3525840.000 3585600.000 3585600.000 5653296.000 5641344.000 6346512.000 3525840.000 6346512.000 4936176.000 4231008.000 5007888.000 6346512.000 3525840.000 5019840.000 4231008.000 5641344.000 22852224.000 100002384.000
3585600.000 3585600.000 3525840.000 5725008.000 5736960.000 6454080.000 3585600.000 6454080.000 5019840.000 4302720.000 4948128.000 6454080.000 3585600.000 5019840.000 4302720.000 5736960.000 21979728.000 100002384.000
3525840.000 3525840.000 3585600.000 5736960.000 5689152.000 6346512.000 3525840.000 6454080.000 4936176.000 4231008.000 5019840.000 6454080.000 3525840.000 4936176.000 4302720.000 5641344.000 22565376.000 100002384.000
3525840.000 3525840.000 3525840.000 5641344.000 5593536.000 6346512.000 3525840.000 6310656.000 4936176.000 4231008.000 4936176.000 6346512.000 3525840.000 4936176.000 4231008.000 5641344.000 23222736.000 100002384.000
3525840.000 3525840.000 3525840.000 5581584.000 5641344.000 6346512.000 3525840.000 6274800.000 4936176.000 4231008.000 4936176.000 6238944.000 3525840.000 4936176.000 4159296.000 5641344.000 23437872.000 99990432.000
3406320.000 3406320.000 3406320.000 5509872.000 5545728.000 6203088.000 3406320.000 6238944.000 4768848.000 4087584.000 4768848.000 6238944.000 3466080.000 4768848.000 4159296.000 5521824.000 25099200.000 100002384.000
3406320.000 3406320.000 3406320.000 5450112.000 5450112.000 5760864.000 3406320.000 6131376.000 4768848.000 4087584.000 4768848.000 6131376.000 3406320.000 4768848.000 4087584.000 5450112.000 26115120.000 100002384.000
3645360.000 3645360.000 3645360.000 5832576.000 5832576.000 5916240.000 3705120.000 6561648.000 5175216.000 4374432.000 5103504.000 6561648.000 3645360.000 5103504.000 4374432.000 5856480.000 21023568.000 100002384.000
3645360.000 3645360.000 3585600.000 5736960.000 5736960.000 5736960.000 3585600.000 6454080.000 5031792.000 4374432.000 5019840.000 6454080.000 3585600.000 5067648.000 4302720.000 5736960.000 22302432.000 100002384.000
3585600.000 3585600.000 3645360.000 5796720.000 5736960.000 5736960.000 3585600.000 6454080.000 5019840.000 4302720.000 5103504.000 6454080.000 3585600.000 5055696.000 4374432.000 5736960.000 22230720.000 99990432.000
3585600.000 3585600.000 3525840.000 5677200.000 5736960.000 5736960.000 3585600.000 6454080.000 5019840.000 4302720.000 4936176.000 6454080.000 3585600.000 4948128.000 4231008.000 5736960.000 22900032.000 100002384.000
3466080.000 3466080.000 3525840.000 5641344.000 5545728.000 5545728.000 3466080.000 6238944.000 4852512.000 4159296.000 4936176.000 6334560.000 3466080.000 4924224.000 4231008.000 5545728.000 24656976.000 100002384.000
3346560.000 3346560.000 3346560.000 5354496.000 5450112.000 5450112.000 3406320.000 6131376.000 4709088.000 4015872.000 4685184.000 6035760.000 3406320.000 4685184.000 4015872.000 5450112.000 27166896.000 100002384.000
2509920.000 2270880.000 6788736.000 6286752.000 7936128.000 4087584.000 2031840.000 8736912.000 2904336.000 2940192.000 7971984.000 5665248.000 2940192.000 7135344.000 3717072.000 6131376.000 18334368.000 98388864.000
729072.000 956160.000 22254624.000 22768560.000 14808528.000 322704.000 1326672.000 14055552.000 2139408.000 968112.000 5701104.000 83664.000 525888.000 370512.000 83664.000 1565712.000 1936224.000 90596160.000
262944.000 262944.000 24907968.000 23904000.000 729072.000 442224.000 513936.000 442224.000 406368.000 346608.000 11115360.000 633456.000 717120.000 21585312.000 681264.000 11593440.000 633456.000 99177696.000
3286800.000 3286800.000 5246928.000 5318640.000 4721040.000 3286800.000 3944160.000 4888368.000 5294736.000 5258880.000 4924224.000 4995936.000 5223024.000 4936176.000 4661280.000 4613472.000 26115120.000 100002384.000
0.000 16314480.000 14366304.000 13171104.000 250992.000 0.000 513936.000 14928048.000 0.000 1470096.000 2988000.000 250992.000 215136.000 215136.000 13983840.000 16625232.000 2701152.000 97994448.000
693216.000 25660944.000 1302768.000 1613520.000 0.000 131472.000 0.000 1912320.000 23043456.000 17151120.000 15023664.000 513936.000 0.000 442224.000 1924272.000 3466080.000 0.000 92878992.000
4685184.000 12346416.000 6669216.000 6047712.000 0.000 5294736.000 0.000 6226992.000 12633264.000 10983888.000 10481904.000 5987952.000 0.000 4685184.000 6095520.000 7864416.000 0.000 100002384.000
2294784.000 7242912.000 2533824.000 2772864.000 1183248.000 2509920.000 1075680.000 2641392.000 3083616.000 2856528.000 2916288.000 2521872.000 1039824.000 6884352.000 2940192.000 3179232.000 50341824.000 98018352.000
83664.000 10242864.000 262944.000 0.000 0.000 4314672.000 3705120.000 143424.000 0.000 0.000 0.000 454176.000 0.000 10314576.000 3585600.000 0.000 59592672.000 92699712.000
1637424.000 3083616.000 1577664.000 0.000 0.000 17617248.000 16804512.000 1577664.000 0.000 0.000 0.000 1876464.000 0.000 3537792.000 14724864.000 0.000 37541232.000 99978480.000
3944160.000 7685136.000 3944160.000 1087632.000 1087632.000 9513792.000 8713008.000 3944160.000 1039824.000 1087632.000 1087632.000 4756896.000 1087632.000 8234928.000 8222976.000 1087632.000 33477552.000 100002384.000
3645360.000 6561648.000 3645360.000 2916288.000 2916288.000 7254864.000 5832576.000 3645360.000 2916288.000 2868480.000 2916288.000 4350528.000 2868480.000 6561648.000 6561648.000 2916288.000 31613040.000 99990432.000
3645360.000 6454080.000 3645360.000 2868480.000 2868480.000 7290720.000 5832576.000 3645360.000 2916288.000 2916288.000 2868480.000 4374432.000 2916288.000 6561648.000 6561648.000 2868480.000 31768416.000 100002384.000
3585600.000 6549696.000 3585600.000 2916288.000 2868480.000 7171200.000 5736960.000 3585600.000 2868480.000 2868480.000 2868480.000 4302720.000 2868480.000 6454080.000 6454080.000 2916288.000 32401872.000 100002384.000
3525840.000 6358464.000 3585600.000 2820672.000 2868480.000 6442128.000 5641344.000 3525840.000 2868480.000 2868480.000 2868480.000 4302720.000 2868480.000 6346512.000 6346512.000 2820672.000 33943680.000 100002384.000
0.000 20366208.000 179280.000 358560.000 358560.000 2772864.000 23748624.000 18238752.000 633456.000 513936.000 370512.000 764928.000 1075680.000 1470096.000 1972080.000 9298656.000 15681024.000 97803216.000
2031840.000 23473728.000 788832.000 645408.000 131472.000 0.000 17151120.000 21190896.000 0.000 143424.000 1984032.000 537840.000 645408.000 0.000 0.000 20892096.000 7302672.000 96918768.000
4912272.000 14103360.000 322704.000 800784.000 0.000 0.000 26294400.000 9908208.000 0.000 478080.000 0.000 466128.000 14079456.000 0.000 0.000 22995648.000 1828656.000 96189696.000
10840464.000 179280.000 812736.000 0.000 0.000 0.000 20402064.000 741024.000 15011712.000 0.000 0.000 1482048.000 6238944.000 13840416.000 0.000 26234640.000 1039824.000 96823152.000
0.000 9346464.000 179280.000 0.000 0.000 0.000 2270880.000 4374432.000 11270736.000 0.000 95616.000 0.000 15370272.000 23999616.000 0.000 27154944.000 2605536.000 96667776.000
0.000 4601520.000 6466032.000 1195200.000 0.000 0.000 6956064.000 8975952.000 752976.000 95616.000 1362528.000 0.000 19876176.000 8199072.000 0.000 25648992.000 8928144.000 93058272.000
2103552.000 13924080.000 15955920.000 1159344.000 0.000 0.000 2223072.000 1900368.000 1995984.000 3238992.000 752976.000 2091600.000 19003680.000 7374384.000 0.000 20724768.000 7553664.000 100002384.000
7470000.000 2521872.000 10039680.000 2581632.000 0.000 346608.000 2677248.000 2294784.000 2677248.000 3382416.000 2175264.000 2342592.000 2294784.000 2223072.000 9286704.000 9203040.000 36525312.000 98042256.000
13840416.000 0.000 10410192.000 0.000 9693072.000 729072.000 167328.000 322704.000 0.000 0.000 0.000 0.000 167328.000 7434144.000 16302528.000 17880192.000 21848256.000 98795232.000
14653152.000 0.000 6597504.000 0.000 11294640.000 609552.000 752976.000 657360.000 0.000 0.000 0.000 0.000 5067648.000 10708992.000 14999760.000 20927952.000 10314576.000 96584112.000
15465888.000 1075680.000 18119232.000 609552.000 1003968.000 764928.000 298800.000 513936.000 1123488.000 621504.000 490032.000 1099584.000 12896208.000 860544.000 15322464.000 13398192.000 4159296.000 87823296.000
585648.000 370512.000 37636848.000 370512.000 621504.000 561744.000 513936.000 490032.000 681264.000 370512.000 645408.000 836640.000 621504.000 490032.000 537840.000 501984.000 52242192.000 98078112.000
