0.000 0.000 0.000 0.000 0.000 0.000 0.000 0.000 0.000 0.000 0.000 0.000 0.000 0.000 0.000 0.000 0.000 0.000
2361600.000 2350080.000 2350080.000 2350080.000 2350080.000 2914560.000 3352320.000 3329280.000 3306240.000 3283200.000 3283200.000 3283200.000 3283200.000 3283200.000 3283200.000 3283200.000 2741760.000 50388480.000
3479040.000 8513280.000 8513280.000 8513280.000 1762560.000 0.000 5011200.000 4896000.000 4872960.000 4815360.000 4792320.000 4792320.000 4792320.000 4792320.000 4792320.000 4792320.000 771840.000 79902720.000
7292160.000 7061760.000 7050240.000 7038720.000 13858560.000 10851840.000 5356800.000 5310720.000 5149440.000 5149440.000 5160960.000 5160960.000 5160960.000 5160960.000 5160960.000 5160960.000 13962240.000 119047680.000
3029760.000 6243840.000 6151680.000 6048000.000 5760000.000 4746240.000 5587200.000 5610240.000 5575680.000 5552640.000 5575680.000 5518080.000 5564160.000 5610240.000 5598720.000 5598720.000 7407360.000 95178240.000
4089600.000 2615040.000 2615040.000 2615040.000 6888960.000 5702400.000 6762240.000 6681600.000 6670080.000 6693120.000 6647040.000 6670080.000 6693120.000 6635520.000 6647040.000 6716160.000 6255360.000 97597440.000
5276160.000 3306240.000 3340800.000 3340800.000 4573440.000 7165440.000 4654080.000 4492800.000 4573440.000 8064000.000 4527360.000 8156160.000 8087040.000 4769280.000 4769280.000 4965120.000 6762240.000 90823680.000
6255360.000 3974400.000 3939840.000 3939840.000 4861440.000 7776000.000 4792320.000 4746240.000 4700160.000 8455680.000 4723200.000 8605440.000 8271360.000 4792320.000 4792320.000 4792320.000 6497280.000 95915520.000
6819840.000 4907520.000 4942080.000 4965120.000 5702400.000 8144640.000 5610240.000 5598720.000 5575680.000 5149440.000 5598720.000 5034240.000 5299200.000 5621760.000 5621760.000 5575680.000 6439680.000 96606720.000
4504320.000 5702400.000 5667840.000 5690880.000 5955840.000 3398400.000 5402880.000 6117120.000 5587200.000 5287680.000 6013440.000 5333760.000 5264640.000 5886720.000 5921280.000 5725440.000 6163200.000 93623040.000
5091840.000 7384320.000 7372800.000 7372800.000 4296960.000 3513600.000 4711680.000 3997440.000 4608000.000 7015680.000 4481280.000 7038720.000 7004160.000 4596480.000 4573440.000 4584960.000 6059520.000 93703680.000
5598720.000 6670080.000 6785280.000 6693120.000 4711680.000 4112640.000 4677120.000 4654080.000 4596480.000 6958080.000 4677120.000 6704640.000 6693120.000 4654080.000 4654080.000 4619520.000 6278400.000 93738240.000
6981120.000 5160960.000 5541120.000 5160960.000 5932800.000 5529600.000 5978880.000 5840640.000 5829120.000 4677120.000 5932800.000 4746240.000 4826880.000 5955840.000 5955840.000 5932800.000 7107840.000 97090560.000
5760000.000 5310720.000 5322240.000 5310720.000 5506560.000 5932800.000 5633280.000 5379840.000 5575680.000 5011200.000 5598720.000 5034240.000 5068800.000 5587200.000 5598720.000 6543360.000 5955840.000 94129920.000
4584960.000 6647040.000 6693120.000 6658560.000 4124160.000 7441920.000 4089600.000 3985920.000 4101120.000 6439680.000 4078080.000 6439680.000 6428160.000 4101120.000 4078080.000 7994880.000 6105600.000 93991680.000
5322240.000 5886720.000 5552640.000 5875200.000 4907520.000 5909760.000 4884480.000 4826880.000 4826880.000 7004160.000 4919040.000 7038720.000 7061760.000 4919040.000 4919040.000 5990400.000 6520320.000 96364800.000
6220800.000 4193280.000 4296960.000 4193280.000 5794560.000 4561920.000 5771520.000 5690880.000 5679360.000 7246080.000 5794560.000 6808320.000 7050240.000 5771520.000 5794560.000 4815360.000 6693120.000 96376320.000
6220800.000 5160960.000 5160960.000 5172480.000 6243840.000 5472000.000 6105600.000 6255360.000 6174720.000 4308480.000 6382080.000 4389120.000 4412160.000 6013440.000 6416640.000 5679360.000 6462720.000 96030720.000
4412160.000 6589440.000 6658560.000 6577920.000 4170240.000 7004160.000 4170240.000 4170240.000 4170240.000 5725440.000 4158720.000 5852160.000 5875200.000 4170240.000 4158720.000 7211520.000 5967360.000 91042560.000
5011200.000 6462720.000 6071040.000 6186240.000 4826880.000 6589440.000 4803840.000 4734720.000 4780800.000 6266880.000 4815360.000 6255360.000 6128640.000 4700160.000 4815360.000 6727680.000 6370560.000 95546880.000
5978880.000 4089600.000 4538880.000 4400640.000 5932800.000 4216320.000 5898240.000 5806080.000 5771520.000 6865920.000 5840640.000 7292160.000 7303680.000 5829120.000 5817600.000 4354560.000 6831360.000 96768000.000
6082560.000 4815360.000 4919040.000 4815360.000 6370560.000 5022720.000 6508800.000 6439680.000 5990400.000 4573440.000 6462720.000 4296960.000 4331520.000 6439680.000 6577920.000 5160960.000 6647040.000 95454720.000
4803840.000 6232320.000 6255360.000 6243840.000 4423680.000 6497280.000 4608000.000 4446720.000 4665600.000 5207040.000 4446720.000 5299200.000 5287680.000 4481280.000 8167680.000 6612480.000 7223040.000 94901760.000
4700160.000 6635520.000 6670080.000 6635520.000 4596480.000 6266880.000 4688640.000 4688640.000 4677120.000 5829120.000 4688640.000 5771520.000 5748480.000 4688640.000 6900480.000 6209280.000 6670080.000 96065280.000
5806080.000 6923520.000 3939840.000 6969600.000 5702400.000 3928320.000 5771520.000 5736960.000 5806080.000 6819840.000 5794560.000 6842880.000 6831360.000 5736960.000 2511360.000 4377600.000 5898240.000 95397120.000
6485760.000 4919040.000 4780800.000 4907520.000 6393600.000 4780800.000 6451200.000 6428160.000 6439680.000 4389120.000 6428160.000 6520320.000 6589440.000 6439680.000 3340800.000 4849920.000 6647040.000 96791040.000
5564160.000 5310720.000 5921280.000 5253120.000 5529600.000 5990400.000 5598720.000 5529600.000 5598720.000 4792320.000 5644800.000 4849920.000 4780800.000 5806080.000 4527360.000 5990400.000 7246080.000 93934080.000
4561920.000 6382080.000 7027200.000 6393600.000 4423680.000 7004160.000 4527360.000 4584960.000 4527360.000 5978880.000 4573440.000 5448960.000 5506560.000 4550400.000 5379840.000 7119360.000 7453440.000 95443200.000
5299200.000 6865920.000 4919040.000 6831360.000 5230080.000 5149440.000 5310720.000 5299200.000 5310720.000 6508800.000 5241600.000 6013440.000 5990400.000 5322240.000 6128640.000 5057280.000 5909760.000 96387840.000
6197760.000 4792320.000 4469760.000 4792320.000 6209280.000 4481280.000 6232320.000 6232320.000 6232320.000 4584960.000 6209280.000 7004160.000 6992640.000 6324480.000 4826880.000 4504320.000 6301440.000 96387840.000
6243840.000 4584960.000 5322240.000 4584960.000 6785280.000 5287680.000 6428160.000 6071040.000 6266880.000 4377600.000 7038720.000 4677120.000 4700160.000 6036480.000 4239360.000 5333760.000 6796800.000 94775040.000
4573440.000 5909760.000 6762240.000 5863680.000 4296960.000 6727680.000 4262400.000 4700160.000 4561920.000 5725440.000 8536320.000 4976640.000 4953600.000 4700160.000 5460480.000 6716160.000 7557120.000 96284160.000
4861440.000 6347520.000 5967360.000 6382080.000 4872960.000 6359040.000 4896000.000 4849920.000 4861440.000 6151680.000 4792320.000 5552640.000 5495040.000 4849920.000 6048000.000 6105600.000 6854400.000 95247360.000
5898240.000 6577920.000 4527360.000 6600960.000 5875200.000 4296960.000 5909760.000 5898240.000 5886720.000 6393600.000 2868480.000 6520320.000 6543360.000 5898240.000 6531840.000 4412160.000 6854400.000 97493760.000
6716160.000 4216320.000 4988160.000 4204800.000 6773760.000 4930560.000 6762240.000 6773760.000 6727680.000 4112640.000 3824640.000 6566400.000 6819840.000 6762240.000 4008960.000 4976640.000 6001920.000 95166720.000
4792320.000 5472000.000 6382080.000 5495040.000 4688640.000 6382080.000 4723200.000 4769280.000 4792320.000 5402880.000 4999680.000 5276160.000 5149440.000 4780800.000 5230080.000 6405120.000 7407360.000 92148480.000
4792320.000 6105600.000 6727680.000 6094080.000 4849920.000 6716160.000 4849920.000 4803840.000 4815360.000 6024960.000 5667840.000 5091840.000 5080320.000 4803840.000 5944320.000 6762240.000 7061760.000 96192000.000
5667840.000 6428160.000 4170240.000 6393600.000 5667840.000 4089600.000 5644800.000 5621760.000 5644800.000 6289920.000 6232320.000 5932800.000 5886720.000 5621760.000 6209280.000 4101120.000 5748480.000 95351040.000
6773760.000 4204800.000 4838400.000 4216320.000 6762240.000 4792320.000 6750720.000 6762240.000 6762240.000 4216320.000 4285440.000 7107840.000 7084800.000 6762240.000 4561920.000 4861440.000 6854400.000 97597440.000
5149440.000 5080320.000 5875200.000 5114880.000 5045760.000 5932800.000 5045760.000 5022720.000 5195520.000 5034240.000 4953600.000 4861440.000 4930560.000 5160960.000 4999680.000 5875200.000 7522560.000 90800640.000
4723200.000 6048000.000 6842880.000 6024960.000 4757760.000 6773760.000 4757760.000 4654080.000 4723200.000 6001920.000 5817600.000 4803840.000 4907520.000 4723200.000 5990400.000 6842880.000 7464960.000 95857920.000
5495040.000 6589440.000 4723200.000 6543360.000 5529600.000 4596480.000 5541120.000 5425920.000 5495040.000 6520320.000 6439680.000 5621760.000 5495040.000 5506560.000 6531840.000 4504320.000 5829120.000 96387840.000
6704640.000 4619520.000 4631040.000 4273920.000 6704640.000 4561920.000 6693120.000 6589440.000 6635520.000 4446720.000 4469760.000 6796800.000 6693120.000 6681600.000 4458240.000 4573440.000 6658560.000 96192000.000
5863680.000 4723200.000 5610240.000 4849920.000 5379840.000 5598720.000 5379840.000 5287680.000 7545600.000 4746240.000 4619520.000 5460480.000 5437440.000 5425920.000 4734720.000 5621760.000 7280640.000 93565440.000
4538880.000 5725440.000 6462720.000 5702400.000 4573440.000 6520320.000 4584960.000 4435200.000 8582400.000 5690880.000 5690880.000 4538880.000 4573440.000 4527360.000 5690880.000 6577920.000 7522560.000 95938560.000
5184000.000 6312960.000 6359040.000 6370560.000 5149440.000 6336000.000 5126400.000 5172480.000 3697920.000 6312960.000 6186240.000 5276160.000 5114880.000 5126400.000 6312960.000 6347520.000 6001920.000 96387840.000
6347520.000 5967360.000 4124160.000 5909760.000 6301440.000 4089600.000 6312960.000 6301440.000 3041280.000 5990400.000 5898240.000 6382080.000 6312960.000 6301440.000 5978880.000 4124160.000 6600960.000 95984640.000
6324480.000 4204800.000 5022720.000 4262400.000 6566400.000 4988160.000 7050240.000 6658560.000 3962880.000 4239360.000 4204800.000 6727680.000 6612480.000 7084800.000 4239360.000 5034240.000 7061760.000 94245120.000
5045760.000 5667840.000 6508800.000 5610240.000 4942080.000 6439680.000 4861440.000 4942080.000 5264640.000 5633280.000 5518080.000 4619520.000 4919040.000 4907520.000 5633280.000 6508800.000 7845120.000 94867200.000
4907520.000 6024960.000 6105600.000 6059520.000 4884480.000 6266880.000 4907520.000 4919040.000 5829120.000 6024960.000 6024960.000 4838400.000 4896000.000 4896000.000 6024960.000 6024960.000 6278400.000 94913280.000
5932800.000 5944320.000 4262400.000 5955840.000 5875200.000 4170240.000 5944320.000 5967360.000 6278400.000 6151680.000 6243840.000 5967360.000 5875200.000 5978880.000 6186240.000 4273920.000 6393600.000 97401600.000
7027200.000 4193280.000 4953600.000 4193280.000 6969600.000 4907520.000 7084800.000 7050240.000 3997440.000 4124160.000 4250880.000 7073280.000 6946560.000 7004160.000 4112640.000 4965120.000 7073280.000 95927040.000
4896000.000 5310720.000 6082560.000 5299200.000 5068800.000 6048000.000 5160960.000 5241600.000 5207040.000 5276160.000 5195520.000 4780800.000 4965120.000 5241600.000 5264640.000 6059520.000 7534080.000 92632320.000
4654080.000 6071040.000 6704640.000 6071040.000 4734720.000 6658560.000 4757760.000 4757760.000 5875200.000 5955840.000 6071040.000 4746240.000 4677120.000 4757760.000 5990400.000 6681600.000 6935040.000 96099840.000
5529600.000 6001920.000 4089600.000 6428160.000 5541120.000 4089600.000 5633280.000 5610240.000 6278400.000 6071040.000 6462720.000 5529600.000 5472000.000 5575680.000 5978880.000 4032000.000 5909760.000 94233600.000
6842880.000 4826880.000 4896000.000 4262400.000 6958080.000 4896000.000 6969600.000 6958080.000 4619520.000 4642560.000 4250880.000 6900480.000 6865920.000 6958080.000 4757760.000 4942080.000 7107840.000 97655040.000
5368320.000 4930560.000 5748480.000 4953600.000 5529600.000 5748480.000 5817600.000 5495040.000 4907520.000 4953600.000 4953600.000 5587200.000 5794560.000 5690880.000 4919040.000 5783040.000 6543360.000 92724480.000
4711680.000 6117120.000 6831360.000 6001920.000 4561920.000 6854400.000 4677120.000 4584960.000 6001920.000 5967360.000 5978880.000 4561920.000 4561920.000 4619520.000 5967360.000 6865920.000 6577920.000 95443200.000
5333760.000 6577920.000 4608000.000 6612480.000 5322240.000 4561920.000 5368320.000 5310720.000 6589440.000 6520320.000 6612480.000 5299200.000 5322240.000 5333760.000 6589440.000 4734720.000 5690880.000 96387840.000
6704640.000 4446720.000 4711680.000 4919040.000 6577920.000 4723200.000 6716160.000 6612480.000 4584960.000 4757760.000 4700160.000 6600960.000 6635520.000 6658560.000 4988160.000 4780800.000 5944320.000 95063040.000
6497280.000 4654080.000 5414400.000 4677120.000 6543360.000 5425920.000 6531840.000 6370560.000 4608000.000 4642560.000 4642560.000 6566400.000 6508800.000 6289920.000 4642560.000 5402880.000 5932800.000 95351040.000
4458240.000 5932800.000 6819840.000 5990400.000 4354560.000 6796800.000 4458240.000 4400640.000 5875200.000 5990400.000 5978880.000 4446720.000 4354560.000 4469760.000 6001920.000 6785280.000 6266880.000 93381120.000
4953600.000 6393600.000 5829120.000 6393600.000 4976640.000 5852160.000 4942080.000 4999680.000 6347520.000 6416640.000 6416640.000 5011200.000 4988160.000 4999680.000 6393600.000 5621760.000 5852160.000 96387840.000
6243840.000 5506560.000 4296960.000 5322240.000 6151680.000 4308480.000 6220800.000 6197760.000 5207040.000 5322240.000 5506560.000 6232320.000 6209280.000 6220800.000 5034240.000 4366080.000 6543360.000 94890240.000
6289920.000 4400640.000 5195520.000 4412160.000 6497280.000 5172480.000 6324480.000 6439680.000 4308480.000 4400640.000 4400640.000 6151680.000 6773760.000 6151680.000 4354560.000 5137920.000 6255360.000 92666880.000
4849920.000 5898240.000 6566400.000 5748480.000 4803840.000 6577920.000 4849920.000 4780800.000 5783040.000 5736960.000 5886720.000 4919040.000 4734720.000 4919040.000 5760000.000 6600960.000 7441920.000 95857920.000
4803840.000 6232320.000 6589440.000 6186240.000 4803840.000 6312960.000 4792320.000 4780800.000 6128640.000 6197760.000 6255360.000 4803840.000 4838400.000 4792320.000 6220800.000 6117120.000 6531840.000 96387840.000
5725440.000 6819840.000 4032000.000 6554880.000 5817600.000 3997440.000 5736960.000 5702400.000 6278400.000 6531840.000 6624000.000 5817600.000 5817600.000 5794560.000 6485760.000 3985920.000 4112640.000 95834880.000
7038720.000 4389120.000 5207040.000 4273920.000 7073280.000 5114880.000 7027200.000 7027200.000 4423680.000 4262400.000 4273920.000 7096320.000 7004160.000 7073280.000 4262400.000 5137920.000 4654080.000 95339520.000
5506560.000 5264640.000 6128640.000 5160960.000 5391360.000 6174720.000 5483520.000 5552640.000 5230080.000 5160960.000 5253120.000 5495040.000 5495040.000 5564160.000 5160960.000 6094080.000 4550400.000 92666880.000
4700160.000 6278400.000 7096320.000 6209280.000 4619520.000 6992640.000 4688640.000 4734720.000 6255360.000 6243840.000 6255360.000 4700160.000 4619520.000 4700160.000 6243840.000 7015680.000 4608000.000 95961600.000
5276160.000 6727680.000 4734720.000 6681600.000 5391360.000 4815360.000 5287680.000 5379840.000 6739200.000 6716160.000 6704640.000 5253120.000 5368320.000 5218560.000 6716160.000 4734720.000 4631040.000 96376320.000
6716160.000 4469760.000 4896000.000 4780800.000 6762240.000 4896000.000 6716160.000 6739200.000 4481280.000 4584960.000 4561920.000 6693120.000 6704640.000 6670080.000 4584960.000 4896000.000 5736960.000 94890240.000
5875200.000 4872960.000 5587200.000 4884480.000 6013440.000 5587200.000 5817600.000 6428160.000 4872960.000 4792320.000 4815360.000 5921280.000 5736960.000 5863680.000 4803840.000 5587200.000 7015680.000 94475520.000
4308480.000 5944320.000 6773760.000 5863680.000 4446720.000 6739200.000 4320000.000 4446720.000 5944320.000 5898240.000 5875200.000 4320000.000 4377600.000 4320000.000 5898240.000 6796800.000 9515520.000 95788800.000
5103360.000 6520320.000 4849920.000 6566400.000 5207040.000 4896000.000 5103360.000 5207040.000 6520320.000 6566400.000 6566400.000 5103360.000 5126400.000 5103360.000 6554880.000 5184000.000 6209280.000 96387840.000
6289920.000 4953600.000 4584960.000 4942080.000 6428160.000 4561920.000 6359040.000 6393600.000 4953600.000 5160960.000 5057280.000 6266880.000 6370560.000 6324480.000 5126400.000 4596480.000 6704640.000 95074560.000
6347520.000 4515840.000 5276160.000 4527360.000 6359040.000 5264640.000 6324480.000 6508800.000 4527360.000 4550400.000 4504320.000 6428160.000 6497280.000 6151680.000 4584960.000 5379840.000 6716160.000 94464000.000
4573440.000 5898240.000 6750720.000 5886720.000 4631040.000 6750720.000 4596480.000 4527360.000 5886720.000 5932800.000 5771520.000 4527360.000 4262400.000 4677120.000 5898240.000 6773760.000 7223040.000 94567680.000
4849920.000 6336000.000 5886720.000 6324480.000 4942080.000 5886720.000 4907520.000 4907520.000 6312960.000 6324480.000 6336000.000 4792320.000 4907520.000 4896000.000 6347520.000 6140160.000 6289920.000 96387840.000
5967360.000 6163200.000 4170240.000 5748480.000 6036480.000 4170240.000 5921280.000 6036480.000 5760000.000 5667840.000 5886720.000 5967360.000 6036480.000 5990400.000 5656320.000 4227840.000 5760000.000 95166720.000
6842880.000 4366080.000 5207040.000 4296960.000 6900480.000 5207040.000 6877440.000 6865920.000 4262400.000 4389120.000 4354560.000 6854400.000 6888960.000 6865920.000 4366080.000 5149440.000 6566400.000 96261120.000
4803840.000 5598720.000 6416640.000 5575680.000 4838400.000 6416640.000 4838400.000 4608000.000 5598720.000 5483520.000 5598720.000 4849920.000 4619520.000 4584960.000 5529600.000 6439680.000 7130880.000 92931840.000
4711680.000 6151680.000 5932800.000 6082560.000 4734720.000 6024960.000 4700160.000 4642560.000 6082560.000 6197760.000 6128640.000 4711680.000 4619520.000 4654080.000 6186240.000 5921280.000 6531840.000 94014720.000
5656320.000 6428160.000 4734720.000 6577920.000 5725440.000 4665600.000 5644800.000 5598720.000 6543360.000 6808320.000 6462720.000 5633280.000 5610240.000 5610240.000 6428160.000 4711680.000 5633280.000 98472960.000
6923520.000 4170240.000 4976640.000 4285440.000 6969600.000 5011200.000 6923520.000 6935040.000 4285440.000 4273920.000 4158720.000 6912000.000 6888960.000 6877440.000 4158720.000 4988160.000 6566400.000 95304960.000
5633280.000 5253120.000 5990400.000 5149440.000 5287680.000 5978880.000 5068800.000 5552640.000 5149440.000 5160960.000 5241600.000 5057280.000 5299200.000 5391360.000 5253120.000 5967360.000 6923520.000 93358080.000
4596480.000 6024960.000 6912000.000 6151680.000 4573440.000 6854400.000 4631040.000 4608000.000 6151680.000 6163200.000 6024960.000 4584960.000 4492800.000 4596480.000 6036480.000 6912000.000 6912000.000 96226560.000
5299200.000 6094080.000 4400640.000 6681600.000 5310720.000 4193280.000 5253120.000 5310720.000 5829120.000 6428160.000 6658560.000 5299200.000 5276160.000 5310720.000 6658560.000 4343040.000 6554880.000 94901760.000
6785280.000 4654080.000 4896000.000 4527360.000 6704640.000 4838400.000 6693120.000 6773760.000 4861440.000 4227840.000 4619520.000 6693120.000 6658560.000 6785280.000 4561920.000 4861440.000 7349760.000 96491520.000
5748480.000 4884480.000 5610240.000 4884480.000 5875200.000 5679360.000 5840640.000 5760000.000 4884480.000 4919040.000 4872960.000 5886720.000 5990400.000 5725440.000 4872960.000 5621760.000 6462720.000 93519360.000
4446720.000 6013440.000 6808320.000 6151680.000 4377600.000 6819840.000 4354560.000 4458240.000 6036480.000 6036480.000 6082560.000 4366080.000 4504320.000 4446720.000 6128640.000 6900480.000 6923520.000 94855680.000
5103360.000 6543360.000 5172480.000 6577920.000 5080320.000 5068800.000 5103360.000 5068800.000 6589440.000 6612480.000 6589440.000 5091840.000 5114880.000 5103360.000 6577920.000 5114880.000 5863680.000 96376320.000
6428160.000 5172480.000 4492800.000 4803840.000 6416640.000 4642560.000 6416640.000 6416640.000 5402880.000 4907520.000 4907520.000 6393600.000 6439680.000 6416640.000 4838400.000 4642560.000 6059520.000 94798080.000
6439680.000 4527360.000 5264640.000 4492800.000 6301440.000 5241600.000 6266880.000 6278400.000 4527360.000 4492800.000 4492800.000 6428160.000 6059520.000 6301440.000 4492800.000 5184000.000 6059520.000 92851200.000
4872960.000 5932800.000 6693120.000 5978880.000 4815360.000 6716160.000 4896000.000 4919040.000 5932800.000 5955840.000 5955840.000 4538880.000 5045760.000 4861440.000 5967360.000 6716160.000 6543360.000 96341760.000
4907520.000 6382080.000 6071040.000 6324480.000 4861440.000 6024960.000 4838400.000 4838400.000 6393600.000 6312960.000 6347520.000 4815360.000 4896000.000 4861440.000 6336000.000 6082560.000 6082560.000 96376320.000
6013440.000 5621760.000 4204800.000 5656320.000 5955840.000 4147200.000 5944320.000 5967360.000 5621760.000 5610240.000 5621760.000 5955840.000 6013440.000 5944320.000 6082560.000 4204800.000 6589440.000 95155200.000
6854400.000 4354560.000 5080320.000 4343040.000 6773760.000 5114880.000 6854400.000 6808320.000 4354560.000 4354560.000 4343040.000 6773760.000 6796800.000 6808320.000 4400640.000 5068800.000 7188480.000 96272640.000
