0.000 0.000 0.000 0.000 0.000 0.000 0.000 0.000 0.000 0.000 0.000 0.000 0.000 0.000 0.000 0.000 0.000 0.000 0.000 0.000 0.000 0.000 0.000 0.000 0.000 0.000 0.000 0.000 0.000 0.000 0.000 0.000 0.000 0.000 0.000 0.000 0.000 0.000 0.000 0.000 0.000
25601184.000 25589232.000 25589232.000 25577280.000 25577280.000 25565328.000 25565328.000 25553376.000 25553376.000 25541424.000 25457760.000 25481664.000 25481664.000 25481664.000 25481664.000 25481664.000 25481664.000 25481664.000 25469712.000 25469712.000 25469712.000 25469712.000 25469712.000 25469712.000 25469712.000 25469712.000 25469712.000 25469712.000 25469712.000 25469712.000 25469712.000 25469712.000 25469712.000 25469712.000 12047616.000 25469712.000 13541616.000 25469712.000 25469712.000 25457760.000 994513968.000
25637040.000 25648992.000 25637040.000 25648992.000 25637040.000 25648992.000 25637040.000 25648992.000 25637040.000 25648992.000 25648992.000 25648992.000 25648992.000 25648992.000 25648992.000 25648992.000 25648992.000 25637040.000 25637040.000 25637040.000 25637040.000 25637040.000 25637040.000 25637040.000 25637040.000 25637040.000 25637040.000 25637040.000 25637040.000 25637040.000 25637040.000 25637040.000 25637040.000 25637040.000 13517712.000 25637040.000 12119328.000 25637040.000 25637040.000 25648992.000 999999936.000
25637040.000 25637040.000 25648992.000 25637040.000 25648992.000 25637040.000 25637040.000 25637040.000 25637040.000 25637040.000 25637040.000 25637040.000 25637040.000 25637040.000 25637040.000 25637040.000 25637040.000 25648992.000 25648992.000 25648992.000 25648992.000 25648992.000 25648992.000 25648992.000 25648992.000 25648992.000 25648992.000 25648992.000 25637040.000 25637040.000 25637040.000 25637040.000 25637040.000 25637040.000 11151216.000 25637040.000 14485824.000 25637040.000 25637040.000 25637040.000 999999936.000
25648992.000 25637040.000 25637040.000 25637040.000 25637040.000 25637040.000 25648992.000 25637040.000 25648992.000 25637040.000 25637040.000 25637040.000 25637040.000 25637040.000 25637040.000 25637040.000 25637040.000 25637040.000 25637040.000 25637040.000 25637040.000 25637040.000 25637040.000 25637040.000 25637040.000 25637040.000 25637040.000 25637040.000 25648992.000 25648992.000 25648992.000 25648992.000 25648992.000 25648992.000 11533680.000 25648992.000 14115312.000 25648992.000 25648992.000 25637040.000 999999936.000
25637040.000 25648992.000 25637040.000 25648992.000 25637040.000 25648992.000 25637040.000 25648992.000 25637040.000 25648992.000 25648992.000 25648992.000 25648992.000 25648992.000 25648992.000 25648992.000 25648992.000 25637040.000 25637040.000 25637040.000 25637040.000 25637040.000 25637040.000 25637040.000 25637040.000 25637040.000 25637040.000 25637040.000 25637040.000 25637040.000 25637040.000 25637040.000 25637040.000 25637040.000 11366352.000 25637040.000 14270688.000 25637040.000 25637040.000 25648992.000 999999936.000
25637040.000 25637040.000 25648992.000 25637040.000 25648992.000 25637040.000 25637040.000 25637040.000 25637040.000 25637040.000 25637040.000 25637040.000 25637040.000 25637040.000 25637040.000 25637040.000 25637040.000 25648992.000 25648992.000 25648992.000 25648992.000 25648992.000 25648992.000 25648992.000 25648992.000 25648992.000 25648992.000 25648992.000 25637040.000 25637040.000 25637040.000 25637040.000 25637040.000 25637040.000 11497824.000 25637040.000 14139216.000 25637040.000 25637040.000 25637040.000 999999936.000
25648992.000 25637040.000 25637040.000 25637040.000 25637040.000 25637040.000 25648992.000 25637040.000 25648992.000 25637040.000 25637040.000 25637040.000 25637040.000 25637040.000 25637040.000 25637040.000 25637040.000 25637040.000 25637040.000 25637040.000 25637040.000 25637040.000 25637040.000 25637040.000 25637040.000 25637040.000 25637040.000 25637040.000 25648992.000 25648992.000 25648992.000 25648992.000 25648992.000 25648992.000 13015728.000 25648992.000 12633264.000 25648992.000 25648992.000 25637040.000 999999936.000
25637040.000 25648992.000 25637040.000 25648992.000 25637040.000 25648992.000 25637040.000 25648992.000 25637040.000 25648992.000 25648992.000 25648992.000 25648992.000 25648992.000 25648992.000 25648992.000 25648992.000 25637040.000 25637040.000 25637040.000 25637040.000 25637040.000 25637040.000 25637040.000 25637040.000 25637040.000 25637040.000 25637040.000 25637040.000 25637040.000 25637040.000 25637040.000 25637040.000 25637040.000 13924080.000 25637040.000 11712960.000 25637040.000 25637040.000 25648992.000 999999936.000
25637040.000 25637040.000 25648992.000 25637040.000 25648992.000 25637040.000 25637040.000 25637040.000 25637040.000 25637040.000 25637040.000 25637040.000 25637040.000 25637040.000 25637040.000 25637040.000 25637040.000 25648992.000 25648992.000 25648992.000 25648992.000 25648992.000 25648992.000 25648992.000 25648992.000 25648992.000 25648992.000 25648992.000 25637040.000 25637040.000 25637040.000 25637040.000 25637040.000 25637040.000 13995792.000 25637040.000 11641248.000 25637040.000 25637040.000 25637040.000 999999936.000
25648992.000 25637040.000 25637040.000 25637040.000 25637040.000 25637040.000 25648992.000 25637040.000 25648992.000 25637040.000 25637040.000 25637040.000 25637040.000 25637040.000 25637040.000 25637040.000 25637040.000 25637040.000 25637040.000 25637040.000 25637040.000 25637040.000 25637040.000 25637040.000 25637040.000 25637040.000 25637040.000 25637040.000 25648992.000 25648992.000 25648992.000 25648992.000 25648992.000 25648992.000 11999808.000 25648992.000 13649184.000 25648992.000 25648992.000 25637040.000 999999936.000
25637040.000 25648992.000 25637040.000 25648992.000 25637040.000 25648992.000 25637040.000 25648992.000 25637040.000 25648992.000 25648992.000 25648992.000 25648992.000 25648992.000 25648992.000 25648992.000 25648992.000 25637040.000 25637040.000 25637040.000 25637040.000 25637040.000 25637040.000 25637040.000 25637040.000 25637040.000 25637040.000 25637040.000 25637040.000 25637040.000 25637040.000 25637040.000 25637040.000 25637040.000 11820528.000 25637040.000 13816512.000 25637040.000 25637040.000 25648992.000 999999936.000
25637040.000 25637040.000 25648992.000 25637040.000 25648992.000 25637040.000 25637040.000 25637040.000 25637040.000 25637040.000 25637040.000 25637040.000 25637040.000 25637040.000 25637040.000 25637040.000 25637040.000 25648992.000 25648992.000 25648992.000 25648992.000 25648992.000 25648992.000 25648992.000 25648992.000 25648992.000 25648992.000 25648992.000 25637040.000 25637040.000 25637040.000 25637040.000 25637040.000 25637040.000 13756752.000 25637040.000 11880288.000 25637040.000 25637040.000 25637040.000 999999936.000
25648992.000 25637040.000 25637040.000 25637040.000 25637040.000 25637040.000 25648992.000 25637040.000 25648992.000 25637040.000 25637040.000 25637040.000 25637040.000 25637040.000 25637040.000 25637040.000 25637040.000 25637040.000 25637040.000 25637040.000 25637040.000 25637040.000 25637040.000 25637040.000 25637040.000 25637040.000 25637040.000 25637040.000 25648992.000 25648992.000 25648992.000 25648992.000 25648992.000 25648992.000 12979872.000 25648992.000 12669120.000 25648992.000 25648992.000 25637040.000 999999936.000
25625088.000 25637040.000 25637040.000 25637040.000 25625088.000 25637040.000 25625088.000 25637040.000 25625088.000 25637040.000 25648992.000 25648992.000 25648992.000 25648992.000 25648992.000 25648992.000 25648992.000 25648992.000 25648992.000 25648992.000 25648992.000 25648992.000 25648992.000 25648992.000 25648992.000 25648992.000 25637040.000 25637040.000 25637040.000 25637040.000 25637040.000 25637040.000 25637040.000 25637040.000 14115312.000 25637040.000 11521728.000 25637040.000 25637040.000 25648992.000 999999936.000
25648992.000 25648992.000 25648992.000 25648992.000 25660944.000 25648992.000 25648992.000 25648992.000 25648992.000 25648992.000 25637040.000 25637040.000 25637040.000 25637040.000 25637040.000 25637040.000 25637040.000 25637040.000 25637040.000 25637040.000 25637040.000 25637040.000 25637040.000 25637040.000 25637040.000 25637040.000 25648992.000 25648992.000 25637040.000 25637040.000 25637040.000 25637040.000 25637040.000 25637040.000 14127264.000 25637040.000 11509776.000 25637040.000 25637040.000 25637040.000 999999936.000
25648992.000 25637040.000 25637040.000 25637040.000 25637040.000 25637040.000 25648992.000 25637040.000 25648992.000 25637040.000 25637040.000 25637040.000 25637040.000 25637040.000 25637040.000 25637040.000 25637040.000 25637040.000 25637040.000 25637040.000 25637040.000 25637040.000 25637040.000 25637040.000 25637040.000 25637040.000 25637040.000 25637040.000 25648992.000 25648992.000 25648992.000 25648992.000 25648992.000 25648992.000 11975904.000 25648992.000 13673088.000 25648992.000 25648992.000 25637040.000 999999936.000
25637040.000 25648992.000 25637040.000 25648992.000 25637040.000 25648992.000 25637040.000 25648992.000 25637040.000 25648992.000 25648992.000 25648992.000 25648992.000 25648992.000 25648992.000 25648992.000 25648992.000 25637040.000 25637040.000 25637040.000 25637040.000 25637040.000 25637040.000 25637040.000 25637040.000 25637040.000 25637040.000 25637040.000 25637040.000 25637040.000 25637040.000 25637040.000 25637040.000 25637040.000 11222928.000 25637040.000 14414112.000 25637040.000 25637040.000 25648992.000 999999936.000
25637040.000 25637040.000 25648992.000 25637040.000 25648992.000 25637040.000 25637040.000 25637040.000 25637040.000 25637040.000 25637040.000 25637040.000 25637040.000 25637040.000 25637040.000 25637040.000 25637040.000 25648992.000 25648992.000 25648992.000 25648992.000 25648992.000 25648992.000 25648992.000 25648992.000 25648992.000 25648992.000 25648992.000 25637040.000 25637040.000 25637040.000 25637040.000 25637040.000 25637040.000 9836496.000 25637040.000 15800544.000 25637040.000 25637040.000 25637040.000 999999936.000
25648992.000 25637040.000 25637040.000 25637040.000 25637040.000 25637040.000 25648992.000 25637040.000 25648992.000 25637040.000 25637040.000 25637040.000 25637040.000 25637040.000 25637040.000 25637040.000 25637040.000 25637040.000 25637040.000 25637040.000 25637040.000 25637040.000 25637040.000 25637040.000 25637040.000 25637040.000 25637040.000 25637040.000 25648992.000 25648992.000 25648992.000 25648992.000 25648992.000 25648992.000 9382320.000 25648992.000 16266672.000 25648992.000 25648992.000 25637040.000 999999936.000
25637040.000 25648992.000 25637040.000 25648992.000 25637040.000 25648992.000 25637040.000 25648992.000 25637040.000 25648992.000 25648992.000 25648992.000 25648992.000 25648992.000 25648992.000 25648992.000 25648992.000 25637040.000 25637040.000 25637040.000 25637040.000 25637040.000 25637040.000 25637040.000 25637040.000 25637040.000 25637040.000 25637040.000 25637040.000 25637040.000 25637040.000 25637040.000 25637040.000 25637040.000 10230912.000 25637040.000 15406128.000 25637040.000 25637040.000 25648992.000 999999936.000
25637040.000 25637040.000 25648992.000 25637040.000 25648992.000 25637040.000 25637040.000 25637040.000 25637040.000 25637040.000 25637040.000 25637040.000 25637040.000 25637040.000 25637040.000 25637040.000 25637040.000 25648992.000 25648992.000 25648992.000 25648992.000 25648992.000 25648992.000 25648992.000 25648992.000 25648992.000 25648992.000 25648992.000 25637040.000 25637040.000 25637040.000 25637040.000 25637040.000 25637040.000 11557584.000 25637040.000 14079456.000 25637040.000 25637040.000 25637040.000 999999936.000
25648992.000 25637040.000 25637040.000 25637040.000 25637040.000 25637040.000 25648992.000 25637040.000 25648992.000 25637040.000 25637040.000 25637040.000 25637040.000 25637040.000 25637040.000 25637040.000 25637040.000 25637040.000 25637040.000 25637040.000 25637040.000 25637040.000 25637040.000 25637040.000 25637040.000 25637040.000 25637040.000 25637040.000 25648992.000 25648992.000 25648992.000 25648992.000 25648992.000 25648992.000 11736864.000 25648992.000 13912128.000 25648992.000 25648992.000 25637040.000 999999936.000
25625088.000 25637040.000 25637040.000 25637040.000 25625088.000 25637040.000 25625088.000 25637040.000 25625088.000 25637040.000 25648992.000 25648992.000 25648992.000 25648992.000 25648992.000 25648992.000 25648992.000 25648992.000 25648992.000 25648992.000 25648992.000 25648992.000 25648992.000 25648992.000 25648992.000 25648992.000 25637040.000 25637040.000 25637040.000 25637040.000 25637040.000 25637040.000 25637040.000 25637040.000 10015776.000 25637040.000 15621264.000 25637040.000 25637040.000 25648992.000 999999936.000
25648992.000 25648992.000 25648992.000 25648992.000 25660944.000 25648992.000 25648992.000 25648992.000 25648992.000 25648992.000 25637040.000 25637040.000 25637040.000 25637040.000 25637040.000 25637040.000 25637040.000 25637040.000 25637040.000 25637040.000 25637040.000 25637040.000 25637040.000 25637040.000 25637040.000 25637040.000 25648992.000 25648992.000 25637040.000 25637040.000 25637040.000 25637040.000 25637040.000 25637040.000 9872352.000 25637040.000 15764688.000 25637040.000 25637040.000 25637040.000 999999936.000
25648992.000 25637040.000 25637040.000 25637040.000 25637040.000 25637040.000 25648992.000 25637040.000 25648992.000 25637040.000 25637040.000 25637040.000 25637040.000 25637040.000 25637040.000 25637040.000 25637040.000 25637040.000 25637040.000 25637040.000 25637040.000 25637040.000 25637040.000 25637040.000 25637040.000 25637040.000 25637040.000 25637040.000 25648992.000 25648992.000 25648992.000 25648992.000 25648992.000 25648992.000 11354400.000 25648992.000 14294592.000 25648992.000 25648992.000 25637040.000 999999936.000
25637040.000 25648992.000 25637040.000 25648992.000 25637040.000 25648992.000 25637040.000 25648992.000 25637040.000 25648992.000 25648992.000 25648992.000 25648992.000 25648992.000 25648992.000 25648992.000 25648992.000 25637040.000 25637040.000 25637040.000 25637040.000 25637040.000 25637040.000 25637040.000 25637040.000 25637040.000 25637040.000 25637040.000 25637040.000 25637040.000 25637040.000 25637040.000 25637040.000 25637040.000 12262752.000 25637040.000 13374288.000 25637040.000 25637040.000 25648992.000 999999936.000
25637040.000 25637040.000 25648992.000 25637040.000 25648992.000 25637040.000 25637040.000 25637040.000 25637040.000 25637040.000 25637040.000 25637040.000 25637040.000 25637040.000 25637040.000 25637040.000 25637040.000 25648992.000 25648992.000 25648992.000 25648992.000 25648992.000 25648992.000 25648992.000 25648992.000 25648992.000 25648992.000 25648992.000 25637040.000 25637040.000 25637040.000 25637040.000 25637040.000 25637040.000 11378304.000 25637040.000 14258736.000 25637040.000 25637040.000 25637040.000 999999936.000
25648992.000 25637040.000 25637040.000 25637040.000 25637040.000 25637040.000 25648992.000 25637040.000 25648992.000 25637040.000 25637040.000 25637040.000 25637040.000 25637040.000 25637040.000 25637040.000 25637040.000 25637040.000 25637040.000 25637040.000 25637040.000 25637040.000 25637040.000 25637040.000 25637040.000 25637040.000 25637040.000 25637040.000 25648992.000 25648992.000 25648992.000 25648992.000 25648992.000 25648992.000 12812544.000 25648992.000 12836448.000 25648992.000 25648992.000 25637040.000 999999936.000
25637040.000 25648992.000 25637040.000 25648992.000 25637040.000 25648992.000 25637040.000 25648992.000 25637040.000 25648992.000 25648992.000 25648992.000 25648992.000 25648992.000 25648992.000 25648992.000 25648992.000 25637040.000 25637040.000 25637040.000 25637040.000 25637040.000 25637040.000 25637040.000 25637040.000 25637040.000 25637040.000 25637040.000 25637040.000 25637040.000 25637040.000 25637040.000 25637040.000 25637040.000 10876320.000 25637040.000 14760720.000 25637040.000 25637040.000 25648992.000 999999936.000
25637040.000 25637040.000 25648992.000 25637040.000 25648992.000 25637040.000 25637040.000 25637040.000 25637040.000 25637040.000 25637040.000 25637040.000 25637040.000 25637040.000 25637040.000 25637040.000 25637040.000 25648992.000 25648992.000 25648992.000 25648992.000 25648992.000 25648992.000 25648992.000 25648992.000 25648992.000 25648992.000 25648992.000 25637040.000 25637040.000 25637040.000 25637040.000 25637040.000 25637040.000 10171152.000 25637040.000 15465888.000 25637040.000 25637040.000 25637040.000 999999936.000
25648992.000 25637040.000 25637040.000 25637040.000 25637040.000 25637040.000 25648992.000 25637040.000 25648992.000 25637040.000 25637040.000 25637040.000 25637040.000 25637040.000 25637040.000 25637040.000 25637040.000 25637040.000 25637040.000 25637040.000 25637040.000 25637040.000 25637040.000 25637040.000 25637040.000 25637040.000 25637040.000 25637040.000 25648992.000 25648992.000 25648992.000 25648992.000 25648992.000 25648992.000 12693024.000 25648992.000 12955968.000 25648992.000 25648992.000 25637040.000 999999936.000
25625088.000 25637040.000 25637040.000 25637040.000 25637040.000 25637040.000 25637040.000 25637040.000 25637040.000 25637040.000 25637040.000 25637040.000 25637040.000 25637040.000 25637040.000 25637040.000 25637040.000 25637040.000 25648992.000 25648992.000 25648992.000 25648992.000 25648992.000 25648992.000 25648992.000 25648992.000 25648992.000 25648992.000 25648992.000 25648992.000 25648992.000 25648992.000 25648992.000 25648992.000 13661136.000 25625088.000 11987856.000 25625088.000 25625088.000 25637040.000 999999936.000
25648992.000 25648992.000 25648992.000 25648992.000 25648992.000 25648992.000 25637040.000 25648992.000 25637040.000 25648992.000 25648992.000 25648992.000 25648992.000 25648992.000 25648992.000 25648992.000 25648992.000 25648992.000 25637040.000 25637040.000 25637040.000 25637040.000 25637040.000 25637040.000 25637040.000 25637040.000 25637040.000 25637040.000 25625088.000 25625088.000 25625088.000 25625088.000 25625088.000 25625088.000 12979872.000 25648992.000 12645216.000 25648992.000 25648992.000 25648992.000 999999936.000
25648992.000 25637040.000 25637040.000 25637040.000 25637040.000 25637040.000 25648992.000 25637040.000 25648992.000 25637040.000 25637040.000 25637040.000 25637040.000 25637040.000 25637040.000 25637040.000 25637040.000 25637040.000 25637040.000 25637040.000 25637040.000 25637040.000 25637040.000 25637040.000 25637040.000 25637040.000 25637040.000 25637040.000 25648992.000 25648992.000 25648992.000 25648992.000 25648992.000 25648992.000 13864320.000 25648992.000 11784672.000 25648992.000 25648992.000 25637040.000 999999936.000
25637040.000 25648992.000 25637040.000 25648992.000 25637040.000 25648992.000 25637040.000 25648992.000 25637040.000 25648992.000 25648992.000 25648992.000 25648992.000 25648992.000 25648992.000 25648992.000 25648992.000 25637040.000 25637040.000 25637040.000 25637040.000 25637040.000 25637040.000 25637040.000 25637040.000 25637040.000 25637040.000 25637040.000 25637040.000 25637040.000 25637040.000 25637040.000 25637040.000 25637040.000 11748816.000 25637040.000 13888224.000 25637040.000 25637040.000 25648992.000 999999936.000
25637040.000 25637040.000 25648992.000 25637040.000 25648992.000 25637040.000 25637040.000 25637040.000 25637040.000 25637040.000 25637040.000 25637040.000 25637040.000 25637040.000 25637040.000 25637040.000 25637040.000 25648992.000 25648992.000 25648992.000 25648992.000 25648992.000 25648992.000 25648992.000 25648992.000 25648992.000 25648992.000 25648992.000 25637040.000 25637040.000 25637040.000 25637040.000 25637040.000 25637040.000 11724912.000 25637040.000 13912128.000 25637040.000 25637040.000 25637040.000 999999936.000
25648992.000 25637040.000 25637040.000 25637040.000 25637040.000 25637040.000 25648992.000 25637040.000 25648992.000 25637040.000 25637040.000 25637040.000 25637040.000 25637040.000 25637040.000 25637040.000 25637040.000 25637040.000 25637040.000 25637040.000 25637040.000 25637040.000 25637040.000 25637040.000 25637040.000 25637040.000 25637040.000 25637040.000 25648992.000 25648992.000 25648992.000 25648992.000 25648992.000 25648992.000 11497824.000 25648992.000 14151168.000 25648992.000 25648992.000 25637040.000 999999936.000
25637040.000 25648992.000 25637040.000 25648992.000 25637040.000 25648992.000 25637040.000 25648992.000 25637040.000 25648992.000 25648992.000 25648992.000 25648992.000 25648992.000 25648992.000 25648992.000 25648992.000 25637040.000 25637040.000 25637040.000 25637040.000 25637040.000 25637040.000 25637040.000 25637040.000 25637040.000 25637040.000 25637040.000 25637040.000 25637040.000 25637040.000 25637040.000 25637040.000 25637040.000 12418128.000 25637040.000 13218912.000 25637040.000 25637040.000 25648992.000 999999936.000
25637040.000 25637040.000 25648992.000 25637040.000 25648992.000 25637040.000 25637040.000 25637040.000 25637040.000 25637040.000 25637040.000 25637040.000 25637040.000 25637040.000 25637040.000 25637040.000 25637040.000 25648992.000 25648992.000 25648992.000 25648992.000 25648992.000 25648992.000 25648992.000 25648992.000 25648992.000 25648992.000 25648992.000 25637040.000 25637040.000 25637040.000 25637040.000 25637040.000 25637040.000 10183104.000 25637040.000 15453936.000 25637040.000 25637040.000 25637040.000 999999936.000
25648992.000 25637040.000 25637040.000 25637040.000 25637040.000 25637040.000 25648992.000 25637040.000 25648992.000 25637040.000 25637040.000 25637040.000 25637040.000 25637040.000 25637040.000 25637040.000 25637040.000 25637040.000 25637040.000 25637040.000 25637040.000 25637040.000 25637040.000 25637040.000 25637040.000 25637040.000 25637040.000 25637040.000 25648992.000 25648992.000 25648992.000 25648992.000 25648992.000 25648992.000 11234880.000 25648992.000 14414112.000 25648992.000 25648992.000 25637040.000 999999936.000
25637040.000 25648992.000 25637040.000 25648992.000 25637040.000 25648992.000 25637040.000 25648992.000 25637040.000 25648992.000 25648992.000 25648992.000 25648992.000 25648992.000 25648992.000 25648992.000 25648992.000 25637040.000 25637040.000 25637040.000 25637040.000 25637040.000 25637040.000 25637040.000 25637040.000 25637040.000 25637040.000 25637040.000 25637040.000 25637040.000 25637040.000 25637040.000 25637040.000 25637040.000 12322512.000 25637040.000 13314528.000 25637040.000 25637040.000 25648992.000 999999936.000
25637040.000 25637040.000 25648992.000 25637040.000 25648992.000 25637040.000 25637040.000 25637040.000 25637040.000 25637040.000 25637040.000 25637040.000 25637040.000 25637040.000 25637040.000 25637040.000 25637040.000 25648992.000 25648992.000 25648992.000 25648992.000 25648992.000 25648992.000 25648992.000 25648992.000 25648992.000 25648992.000 25648992.000 25637040.000 25637040.000 25637040.000 25637040.000 25637040.000 25637040.000 13230864.000 25637040.000 12406176.000 25637040.000 25637040.000 25637040.000 999999936.000
25648992.000 25637040.000 25637040.000 25637040.000 25637040.000 25637040.000 25648992.000 25637040.000 25648992.000 25637040.000 25637040.000 25637040.000 25637040.000 25637040.000 25637040.000 25637040.000 25637040.000 25637040.000 25637040.000 25637040.000 25637040.000 25637040.000 25637040.000 25637040.000 25637040.000 25637040.000 25637040.000 25637040.000 25648992.000 25648992.000 25648992.000 25648992.000 25648992.000 25648992.000 15346368.000 25648992.000 10302624.000 25648992.000 25648992.000 25637040.000 999999936.000
25637040.000 25648992.000 25637040.000 25648992.000 25637040.000 25648992.000 25637040.000 25648992.000 25637040.000 25648992.000 25648992.000 25648992.000 25648992.000 25648992.000 25648992.000 25648992.000 25648992.000 25637040.000 25637040.000 25637040.000 25637040.000 25637040.000 25637040.000 25637040.000 25637040.000 25637040.000 25637040.000 25637040.000 25637040.000 25637040.000 25637040.000 25637040.000 25637040.000 25637040.000 15800544.000 25637040.000 9836496.000 25637040.000 25637040.000 25648992.000 999999936.000
25637040.000 25637040.000 25648992.000 25637040.000 25648992.000 25637040.000 25637040.000 25637040.000 25637040.000 25637040.000 25637040.000 25637040.000 25637040.000 25637040.000 25637040.000 25637040.000 25637040.000 25648992.000 25648992.000 25648992.000 25648992.000 25648992.000 25648992.000 25648992.000 25648992.000 25648992.000 25648992.000 25648992.000 25637040.000 25637040.000 25637040.000 25637040.000 25637040.000 25637040.000 14521680.000 25637040.000 11115360.000 25637040.000 25637040.000 25637040.000 999999936.000
25648992.000 25637040.000 25637040.000 25637040.000 25637040.000 25637040.000 25648992.000 25637040.000 25648992.000 25637040.000 25637040.000 25637040.000 25637040.000 25637040.000 25637040.000 25637040.000 25637040.000 25637040.000 25637040.000 25637040.000 25637040.000 25637040.000 25637040.000 25637040.000 25637040.000 25637040.000 25637040.000 25637040.000 25648992.000 25648992.000 25648992.000 25648992.000 25648992.000 25648992.000 15143184.000 25648992.000 10505808.000 25648992.000 25648992.000 25637040.000 999999936.000
25637040.000 25648992.000 25637040.000 25648992.000 25637040.000 25648992.000 25637040.000 25648992.000 25637040.000 25648992.000 25648992.000 25648992.000 25648992.000 25648992.000 25648992.000 25648992.000 25648992.000 25637040.000 25637040.000 25637040.000 25637040.000 25637040.000 25637040.000 25637040.000 25637040.000 25637040.000 25637040.000 25637040.000 25637040.000 25637040.000 25637040.000 25637040.000 25637040.000 25637040.000 15477840.000 25637040.000 10159200.000 25637040.000 25637040.000 25648992.000 999999936.000
25637040.000 25637040.000 25648992.000 25637040.000 25648992.000 25637040.000 25637040.000 25637040.000 25625088.000 25625088.000 25637040.000 25637040.000 25637040.000 25637040.000 25637040.000 25637040.000 25637040.000 25648992.000 25648992.000 25648992.000 25648992.000 25648992.000 25648992.000 25648992.000 25648992.000 25648992.000 25648992.000 25648992.000 25648992.000 25648992.000 25637040.000 25637040.000 25637040.000 25637040.000 14163120.000 25637040.000 11473920.000 25637040.000 25637040.000 25637040.000 999999936.000
25648992.000 25637040.000 25637040.000 25637040.000 25637040.000 25637040.000 25648992.000 25637040.000 25660944.000 25648992.000 25637040.000 25637040.000 25637040.000 25637040.000 25637040.000 25637040.000 25637040.000 25637040.000 25637040.000 25637040.000 25637040.000 25637040.000 25637040.000 25637040.000 25637040.000 25637040.000 25637040.000 25637040.000 25637040.000 25637040.000 25648992.000 25648992.000 25648992.000 25648992.000 13971888.000 25648992.000 11677104.000 25648992.000 25648992.000 25637040.000 999999936.000
25637040.000 25648992.000 25637040.000 25648992.000 25637040.000 25648992.000 25637040.000 25648992.000 25637040.000 25648992.000 25648992.000 25648992.000 25648992.000 25648992.000 25648992.000 25648992.000 25648992.000 25637040.000 25637040.000 25637040.000 25637040.000 25637040.000 25637040.000 25637040.000 25637040.000 25637040.000 25637040.000 25637040.000 25637040.000 25637040.000 25637040.000 25637040.000 25637040.000 25637040.000 14987808.000 25637040.000 10649232.000 25637040.000 25637040.000 25648992.000 999999936.000
25637040.000 25637040.000 25648992.000 25637040.000 25648992.000 25637040.000 25637040.000 25637040.000 25637040.000 25637040.000 25637040.000 25637040.000 25637040.000 25637040.000 25637040.000 25637040.000 25637040.000 25648992.000 25648992.000 25648992.000 25648992.000 25648992.000 25648992.000 25648992.000 25648992.000 25648992.000 25648992.000 25648992.000 25637040.000 25637040.000 25637040.000 25637040.000 25637040.000 25637040.000 13589424.000 25637040.000 12047616.000 25637040.000 25637040.000 25637040.000 999999936.000
25648992.000 25637040.000 25637040.000 25637040.000 25637040.000 25637040.000 25648992.000 25637040.000 25648992.000 25637040.000 25637040.000 25637040.000 25637040.000 25637040.000 25637040.000 25637040.000 25637040.000 25637040.000 25637040.000 25637040.000 25637040.000 25637040.000 25637040.000 25637040.000 25637040.000 25637040.000 25637040.000 25637040.000 25648992.000 25648992.000 25648992.000 25648992.000 25648992.000 25648992.000 13159152.000 25648992.000 12489840.000 25648992.000 25648992.000 25637040.000 999999936.000
25637040.000 25648992.000 25637040.000 25648992.000 25637040.000 25648992.000 25637040.000 25648992.000 25637040.000 25648992.000 25648992.000 25648992.000 25648992.000 25648992.000 25648992.000 25648992.000 25648992.000 25637040.000 25637040.000 25637040.000 25637040.000 25637040.000 25637040.000 25637040.000 25637040.000 25637040.000 25637040.000 25637040.000 25637040.000 25637040.000 25637040.000 25637040.000 25637040.000 25637040.000 13577472.000 25637040.000 12059568.000 25637040.000 25637040.000 25648992.000 999999936.000
25637040.000 25637040.000 25648992.000 25637040.000 25648992.000 25637040.000 25637040.000 25637040.000 25637040.000 25637040.000 25637040.000 25637040.000 25637040.000 25637040.000 25637040.000 25637040.000 25637040.000 25648992.000 25648992.000 25648992.000 25648992.000 25648992.000 25648992.000 25648992.000 25648992.000 25648992.000 25648992.000 25648992.000 25637040.000 25637040.000 25637040.000 25637040.000 25637040.000 25637040.000 11952000.000 25637040.000 13685040.000 25637040.000 25637040.000 25637040.000 999999936.000
25648992.000 25637040.000 25637040.000 25637040.000 25637040.000 25637040.000 25648992.000 25637040.000 25648992.000 25637040.000 25637040.000 25637040.000 25637040.000 25637040.000 25637040.000 25637040.000 25637040.000 25637040.000 25637040.000 25637040.000 25637040.000 25637040.000 25637040.000 25637040.000 25637040.000 25637040.000 25637040.000 25637040.000 25648992.000 25648992.000 25648992.000 25648992.000 25648992.000 25648992.000 11593440.000 25648992.000 14055552.000 25648992.000 25648992.000 25637040.000 999999936.000
25637040.000 25648992.000 25637040.000 25648992.000 25637040.000 25648992.000 25637040.000 25648992.000 25637040.000 25648992.000 25648992.000 25648992.000 25648992.000 25648992.000 25648992.000 25648992.000 25648992.000 25637040.000 25637040.000 25637040.000 25637040.000 25637040.000 25637040.000 25637040.000 25637040.000 25637040.000 25637040.000 25637040.000 25637040.000 25637040.000 25637040.000 25637040.000 25637040.000 25637040.000 13744800.000 25637040.000 11892240.000 25637040.000 25637040.000 25648992.000 999999936.000
25637040.000 25625088.000 25637040.000 25625088.000 25637040.000 25625088.000 25637040.000 25625088.000 25637040.000 25625088.000 25637040.000 25637040.000 25637040.000 25637040.000 25637040.000 25637040.000 25637040.000 25648992.000 25648992.000 25648992.000 25648992.000 25648992.000 25648992.000 25648992.000 25648992.000 25648992.000 25648992.000 25648992.000 25648992.000 25648992.000 25648992.000 25648992.000 25648992.000 25648992.000 14629248.000 25637040.000 11019744.000 25637040.000 25637040.000 25637040.000 999999936.000
25648992.000 25648992.000 25648992.000 25648992.000 25648992.000 25648992.000 25648992.000 25648992.000 25648992.000 25648992.000 25637040.000 25637040.000 25637040.000 25637040.000 25637040.000 25637040.000 25637040.000 25637040.000 25637040.000 25637040.000 25637040.000 25637040.000 25637040.000 25637040.000 25637040.000 25637040.000 25637040.000 25637040.000 25637040.000 25637040.000 25637040.000 25637040.000 25637040.000 25637040.000 15238800.000 25648992.000 10398240.000 25648992.000 25648992.000 25637040.000 999999936.000
25637040.000 25648992.000 25637040.000 25648992.000 25637040.000 25648992.000 25637040.000 25648992.000 25637040.000 25648992.000 25648992.000 25648992.000 25648992.000 25648992.000 25648992.000 25648992.000 25648992.000 25637040.000 25637040.000 25637040.000 25637040.000 25637040.000 25637040.000 25637040.000 25637040.000 25637040.000 25637040.000 25637040.000 25637040.000 25637040.000 25637040.000 25637040.000 25637040.000 25637040.000 15131232.000 25637040.000 10505808.000 25637040.000 25637040.000 25648992.000 999999936.000
25637040.000 25637040.000 25648992.000 25637040.000 25648992.000 25637040.000 25637040.000 25637040.000 25637040.000 25637040.000 25637040.000 25637040.000 25637040.000 25637040.000 25637040.000 25637040.000 25637040.000 25648992.000 25648992.000 25648992.000 25648992.000 25648992.000 25648992.000 25648992.000 25648992.000 25648992.000 25648992.000 25648992.000 25637040.000 25637040.000 25637040.000 25637040.000 25637040.000 25637040.000 14390208.000 25637040.000 11246832.000 25637040.000 25637040.000 25637040.000 999999936.000
25648992.000 25637040.000 25637040.000 25637040.000 25637040.000 25637040.000 25648992.000 25637040.000 25648992.000 25637040.000 25637040.000 25637040.000 25637040.000 25637040.000 25637040.000 25637040.000 25637040.000 25637040.000 25637040.000 25637040.000 25637040.000 25637040.000 25637040.000 25637040.000 25637040.000 25637040.000 25637040.000 25637040.000 25648992.000 25648992.000 25648992.000 25648992.000 25648992.000 25648992.000 12310560.000 25648992.000 13338432.000 25648992.000 25648992.000 25637040.000 999999936.000
25637040.000 25648992.000 25637040.000 25648992.000 25637040.000 25648992.000 25637040.000 25648992.000 25637040.000 25648992.000 25648992.000 25648992.000 25648992.000 25648992.000 25648992.000 25648992.000 25648992.000 25637040.000 25637040.000 25637040.000 25637040.000 25637040.000 25637040.000 25637040.000 25637040.000 25637040.000 25637040.000 25637040.000 25637040.000 25637040.000 25637040.000 25637040.000 25637040.000 25637040.000 11521728.000 25637040.000 14115312.000 25637040.000 25637040.000 25648992.000 999999936.000
25637040.000 25637040.000 25648992.000 25637040.000 25648992.000 25637040.000 25637040.000 25637040.000 25637040.000 25637040.000 25637040.000 25637040.000 25637040.000 25637040.000 25637040.000 25637040.000 25637040.000 25648992.000 25648992.000 25648992.000 25648992.000 25648992.000 25648992.000 25648992.000 25648992.000 25648992.000 25648992.000 25648992.000 25637040.000 25637040.000 25637040.000 25637040.000 25637040.000 25637040.000 12764736.000 25637040.000 12872304.000 25637040.000 25637040.000 25637040.000 999999936.000
25648992.000 25637040.000 25637040.000 25637040.000 25637040.000 25637040.000 25648992.000 25637040.000 25648992.000 25637040.000 25637040.000 25637040.000 25637040.000 25637040.000 25637040.000 25637040.000 25637040.000 25637040.000 25637040.000 25637040.000 25637040.000 25637040.000 25637040.000 25637040.000 25637040.000 25637040.000 25637040.000 25637040.000 25648992.000 25648992.000 25648992.000 25648992.000 25648992.000 25648992.000 10338480.000 25648992.000 15310512.000 25648992.000 25648992.000 25637040.000 999999936.000
25637040.000 25648992.000 25637040.000 25648992.000 25637040.000 25648992.000 25637040.000 25648992.000 25637040.000 25648992.000 25648992.000 25648992.000 25648992.000 25648992.000 25648992.000 25648992.000 25648992.000 25637040.000 25637040.000 25637040.000 25637040.000 25637040.000 25637040.000 25637040.000 25637040.000 25637040.000 25637040.000 25637040.000 25637040.000 25637040.000 25637040.000 25637040.000 25637040.000 25637040.000 10374336.000 25637040.000 15262704.000 25637040.000 25637040.000 25648992.000 999999936.000
25637040.000 25625088.000 25637040.000 25625088.000 25637040.000 25625088.000 25637040.000 25625088.000 25637040.000 25625088.000 25637040.000 25637040.000 25637040.000 25637040.000 25637040.000 25637040.000 25637040.000 25648992.000 25648992.000 25648992.000 25648992.000 25648992.000 25648992.000 25648992.000 25648992.000 25648992.000 25648992.000 25648992.000 25648992.000 25648992.000 25648992.000 25648992.000 25648992.000 25648992.000 11306592.000 25637040.000 14342400.000 25637040.000 25637040.000 25637040.000 999999936.000
25648992.000 25648992.000 25648992.000 25648992.000 25648992.000 25648992.000 25648992.000 25648992.000 25648992.000 25648992.000 25637040.000 25637040.000 25637040.000 25637040.000 25637040.000 25637040.000 25637040.000 25637040.000 25637040.000 25637040.000 25637040.000 25637040.000 25637040.000 25637040.000 25637040.000 25637040.000 25637040.000 25637040.000 25637040.000 25637040.000 25637040.000 25637040.000 25637040.000 25637040.000 10792656.000 25648992.000 14844384.000 25648992.000 25648992.000 25637040.000 999999936.000
25637040.000 25648992.000 25637040.000 25648992.000 25637040.000 25648992.000 25637040.000 25648992.000 25637040.000 25648992.000 25648992.000 25648992.000 25648992.000 25648992.000 25648992.000 25648992.000 25648992.000 25637040.000 25637040.000 25637040.000 25637040.000 25637040.000 25637040.000 25637040.000 25637040.000 25637040.000 25637040.000 25637040.000 25637040.000 25637040.000 25637040.000 25637040.000 25637040.000 25637040.000 12226896.000 25637040.000 13410144.000 25637040.000 25637040.000 25648992.000 999999936.000
25637040.000 25637040.000 25648992.000 25637040.000 25648992.000 25637040.000 25637040.000 25637040.000 25637040.000 25637040.000 25637040.000 25637040.000 25637040.000 25637040.000 25637040.000 25637040.000 25637040.000 25648992.000 25648992.000 25648992.000 25648992.000 25648992.000 25648992.000 25648992.000 25648992.000 25648992.000 25648992.000 25648992.000 25637040.000 25637040.000 25637040.000 25637040.000 25637040.000 25637040.000 13398192.000 25637040.000 12238848.000 25637040.000 25637040.000 25637040.000 999999936.000
25648992.000 25637040.000 25637040.000 25637040.000 25637040.000 25637040.000 25648992.000 25637040.000 25648992.000 25637040.000 25637040.000 25637040.000 25637040.000 25637040.000 25637040.000 25637040.000 25637040.000 25637040.000 25637040.000 25637040.000 25637040.000 25637040.000 25637040.000 25637040.000 25637040.000 25637040.000 25637040.000 25637040.000 25648992.000 25648992.000 25648992.000 25648992.000 25648992.000 25648992.000 13565520.000 25648992.000 12083472.000 25648992.000 25648992.000 25637040.000 999999936.000
25637040.000 25648992.000 25637040.000 25648992.000 25637040.000 25648992.000 25637040.000 25648992.000 25637040.000 25648992.000 25648992.000 25648992.000 25648992.000 25648992.000 25648992.000 25648992.000 25648992.000 25637040.000 25637040.000 25637040.000 25637040.000 25637040.000 25637040.000 25637040.000 25637040.000 25637040.000 25637040.000 25637040.000 25637040.000 25637040.000 25637040.000 25637040.000 25637040.000 25637040.000 13565520.000 25637040.000 12071520.000 25637040.000 25637040.000 25648992.000 999999936.000
25637040.000 25637040.000 25648992.000 25637040.000 25648992.000 25637040.000 25637040.000 25637040.000 25637040.000 25637040.000 25637040.000 25637040.000 25637040.000 25637040.000 25637040.000 25637040.000 25637040.000 25648992.000 25648992.000 25648992.000 25648992.000 25648992.000 25648992.000 25648992.000 25648992.000 25648992.000 25648992.000 25648992.000 25637040.000 25637040.000 25637040.000 25637040.000 25637040.000 25637040.000 13242816.000 25637040.000 12394224.000 25637040.000 25637040.000 25637040.000 999999936.000
25648992.000 25637040.000 25637040.000 25637040.000 25637040.000 25637040.000 25648992.000 25637040.000 25648992.000 25637040.000 25637040.000 25637040.000 25637040.000 25637040.000 25637040.000 25637040.000 25637040.000 25637040.000 25637040.000 25637040.000 25637040.000 25637040.000 25637040.000 25637040.000 25637040.000 25637040.000 25637040.000 25637040.000 25648992.000 25648992.000 25648992.000 25648992.000 25648992.000 25648992.000 14653152.000 25648992.000 10995840.000 25648992.000 25648992.000 25637040.000 999999936.000
25637040.000 25648992.000 25637040.000 25648992.000 25637040.000 25648992.000 25637040.000 25648992.000 25637040.000 25648992.000 25648992.000 25648992.000 25648992.000 25648992.000 25648992.000 25648992.000 25648992.000 25637040.000 25637040.000 25637040.000 25637040.000 25637040.000 25637040.000 25637040.000 25637040.000 25637040.000 25637040.000 25637040.000 25637040.000 25637040.000 25637040.000 25637040.000 25637040.000 25637040.000 13338432.000 25637040.000 12298608.000 25637040.000 25637040.000 25648992.000 999999936.000
25637040.000 25637040.000 25637040.000 25637040.000 25637040.000 25637040.000 25637040.000 25637040.000 25637040.000 25637040.000 25637040.000 25637040.000 25637040.000 25637040.000 25637040.000 25637040.000 25637040.000 25648992.000 25660944.000 25660944.000 25660944.000 25660944.000 25660944.000 25660944.000 25637040.000 25637040.000 25637040.000 25637040.000 25637040.000 25637040.000 25637040.000 25637040.000 25637040.000 25637040.000 13410144.000 25637040.000 12226896.000 25637040.000 25637040.000 25637040.000 999999936.000
25648992.000 25637040.000 25648992.000 25637040.000 25648992.000 25637040.000 25648992.000 25637040.000 25648992.000 25637040.000 25637040.000 25637040.000 25637040.000 25637040.000 25637040.000 25637040.000 25637040.000 25637040.000 25625088.000 25625088.000 25625088.000 25625088.000 25625088.000 25625088.000 25648992.000 25648992.000 25648992.000 25648992.000 25648992.000 25648992.000 25648992.000 25648992.000 25648992.000 25648992.000 15657120.000 25648992.000 9991872.000 25648992.000 25648992.000 25637040.000 999999936.000
25637040.000 25648992.000 25637040.000 25648992.000 25637040.000 25648992.000 25637040.000 25648992.000 25637040.000 25648992.000 25648992.000 25648992.000 25648992.000 25648992.000 25648992.000 25648992.000 25648992.000 25637040.000 25637040.000 25637040.000 25637040.000 25637040.000 25637040.000 25637040.000 25637040.000 25637040.000 25637040.000 25637040.000 25637040.000 25637040.000 25637040.000 25637040.000 25637040.000 25637040.000 14485824.000 25637040.000 11151216.000 25637040.000 25637040.000 25648992.000 999999936.000
25637040.000 25637040.000 25648992.000 25637040.000 25648992.000 25637040.000 25637040.000 25637040.000 25637040.000 25637040.000 25637040.000 25637040.000 25637040.000 25637040.000 25637040.000 25637040.000 25637040.000 25648992.000 25648992.000 25648992.000 25648992.000 25648992.000 25648992.000 25648992.000 25648992.000 25648992.000 25648992.000 25648992.000 25637040.000 25637040.000 25637040.000 25637040.000 25637040.000 25637040.000 13242816.000 25637040.000 12394224.000 25637040.000 25637040.000 25637040.000 999999936.000
25648992.000 25637040.000 25637040.000 25637040.000 25637040.000 25637040.000 25648992.000 25637040.000 25648992.000 25637040.000 25637040.000 25637040.000 25637040.000 25637040.000 25637040.000 25637040.000 25637040.000 25637040.000 25637040.000 25637040.000 25637040.000 25637040.000 25637040.000 25637040.000 25637040.000 25637040.000 25637040.000 25637040.000 25648992.000 25648992.000 25648992.000 25648992.000 25648992.000 25648992.000 12358368.000 25648992.000 13290624.000 25648992.000 25648992.000 25637040.000 999999936.000
25637040.000 25648992.000 25637040.000 25648992.000 25637040.000 25648992.000 25637040.000 25648992.000 25637040.000 25648992.000 25648992.000 25648992.000 25648992.000 25648992.000 25648992.000 25648992.000 25648992.000 25637040.000 25637040.000 25637040.000 25637040.000 25637040.000 25637040.000 25637040.000 25637040.000 25637040.000 25637040.000 25637040.000 25637040.000 25637040.000 25637040.000 25637040.000 25637040.000 25637040.000 13171104.000 25637040.000 12465936.000 25637040.000 25637040.000 25648992.000 999999936.000
25637040.000 25637040.000 25648992.000 25637040.000 25648992.000 25637040.000 25637040.000 25637040.000 25637040.000 25637040.000 25637040.000 25637040.000 25637040.000 25637040.000 25637040.000 25637040.000 25637040.000 25648992.000 25648992.000 25648992.000 25648992.000 25648992.000 25648992.000 25648992.000 25648992.000 25648992.000 25648992.000 25648992.000 25637040.000 25637040.000 25637040.000 25637040.000 25637040.000 25637040.000 12896208.000 25637040.000 12740832.000 25637040.000 25637040.000 25637040.000 999999936.000
25648992.000 25637040.000 25637040.000 25637040.000 25637040.000 25637040.000 25648992.000 25637040.000 25648992.000 25637040.000 25637040.000 25637040.000 25637040.000 25637040.000 25637040.000 25637040.000 25637040.000 25637040.000 25637040.000 25637040.000 25637040.000 25637040.000 25637040.000 25637040.000 25637040.000 25637040.000 25637040.000 25637040.000 25648992.000 25648992.000 25648992.000 25648992.000 25648992.000 25648992.000 12800592.000 25648992.000 12848400.000 25648992.000 25648992.000 25637040.000 999999936.000
25637040.000 25648992.000 25637040.000 25648992.000 25637040.000 25648992.000 25637040.000 25648992.000 25637040.000 25648992.000 25648992.000 25648992.000 25648992.000 25648992.000 25648992.000 25648992.000 25648992.000 25637040.000 25637040.000 25637040.000 25637040.000 25637040.000 25637040.000 25637040.000 25637040.000 25637040.000 25637040.000 25637040.000 25637040.000 25637040.000 25637040.000 25637040.000 25637040.000 25637040.000 12752784.000 25637040.000 12884256.000 25637040.000 25637040.000 25648992.000 999999936.000
25637040.000 25637040.000 25648992.000 25637040.000 25648992.000 25637040.000 25637040.000 25637040.000 25637040.000 25637040.000 25637040.000 25637040.000 25637040.000 25637040.000 25637040.000 25637040.000 25637040.000 25648992.000 25648992.000 25648992.000 25648992.000 25648992.000 25648992.000 25648992.000 25648992.000 25648992.000 25648992.000 25648992.000 25637040.000 25637040.000 25637040.000 25637040.000 25637040.000 25637040.000 12669120.000 25637040.000 12967920.000 25637040.000 25637040.000 25637040.000 999999936.000
25648992.000 25637040.000 25637040.000 25637040.000 25637040.000 25637040.000 25648992.000 25637040.000 25648992.000 25637040.000 25637040.000 25637040.000 25637040.000 25637040.000 25637040.000 25637040.000 25637040.000 25637040.000 25637040.000 25637040.000 25637040.000 25637040.000 25637040.000 25637040.000 25637040.000 25637040.000 25637040.000 25637040.000 25648992.000 25648992.000 25648992.000 25648992.000 25648992.000 25648992.000 10254816.000 25648992.000 15394176.000 25648992.000 25648992.000 25637040.000 999999936.000
25637040.000 25648992.000 25637040.000 25648992.000 25637040.000 25648992.000 25637040.000 25648992.000 25637040.000 25648992.000 25648992.000 25648992.000 25648992.000 25648992.000 25648992.000 25648992.000 25648992.000 25637040.000 25637040.000 25637040.000 25637040.000 25637040.000 25637040.000 25637040.000 25637040.000 25637040.000 25637040.000 25637040.000 25637040.000 25637040.000 25637040.000 25637040.000 25637040.000 25637040.000 11103408.000 25637040.000 14533632.000 25637040.000 25637040.000 25648992.000 999999936.000
25637040.000 25637040.000 25648992.000 25637040.000 25648992.000 25637040.000 25637040.000 25637040.000 25637040.000 25637040.000 25637040.000 25637040.000 25637040.000 25637040.000 25637040.000 25637040.000 25637040.000 25648992.000 25648992.000 25648992.000 25648992.000 25648992.000 25648992.000 25648992.000 25648992.000 25648992.000 25648992.000 25648992.000 25637040.000 25637040.000 25637040.000 25637040.000 25637040.000 25637040.000 11593440.000 25637040.000 14043600.000 25637040.000 25637040.000 25637040.000 999999936.000
25648992.000 25637040.000 25637040.000 25637040.000 25637040.000 25637040.000 25648992.000 25637040.000 25648992.000 25637040.000 25637040.000 25637040.000 25637040.000 25637040.000 25637040.000 25637040.000 25637040.000 25637040.000 25637040.000 25637040.000 25637040.000 25637040.000 25637040.000 25637040.000 25637040.000 25637040.000 25637040.000 25637040.000 25648992.000 25648992.000 25648992.000 25648992.000 25648992.000 25648992.000 10649232.000 25648992.000 14999760.000 25648992.000 25648992.000 25637040.000 999999936.000
25637040.000 25648992.000 25637040.000 25648992.000 25637040.000 25648992.000 25637040.000 25648992.000 25637040.000 25648992.000 25648992.000 25648992.000 25648992.000 25648992.000 25648992.000 25648992.000 25648992.000 25637040.000 25637040.000 25637040.000 25637040.000 25637040.000 25637040.000 25637040.000 25637040.000 25637040.000 25637040.000 25637040.000 25637040.000 25637040.000 25637040.000 25637040.000 25637040.000 25637040.000 9107424.000 25637040.000 16529616.000 25637040.000 25637040.000 25648992.000 999999936.000
25637040.000 25637040.000 25648992.000 25637040.000 25648992.000 25637040.000 25637040.000 25637040.000 25637040.000 25637040.000 25637040.000 25637040.000 25637040.000 25637040.000 25637040.000 25637040.000 25637040.000 25648992.000 25648992.000 25648992.000 25648992.000 25648992.000 25648992.000 25648992.000 25648992.000 25648992.000 25648992.000 25648992.000 25637040.000 25637040.000 25637040.000 25637040.000 25637040.000 25637040.000 9358416.000 25637040.000 16278624.000 25637040.000 25637040.000 25637040.000 999999936.000
25648992.000 25637040.000 25637040.000 25637040.000 25637040.000 25637040.000 25648992.000 25625088.000 25637040.000 25625088.000 25648992.000 25648992.000 25637040.000 25637040.000 25637040.000 25637040.000 25637040.000 25637040.000 25637040.000 25637040.000 25637040.000 25637040.000 25637040.000 25637040.000 25637040.000 25637040.000 25637040.000 25637040.000 25648992.000 25648992.000 25648992.000 25648992.000 25648992.000 25648992.000 9394272.000 25648992.000 16254720.000 25648992.000 25648992.000 25648992.000 999999936.000
25637040.000 25648992.000 25637040.000 25648992.000 25637040.000 25648992.000 25637040.000 25660944.000 25648992.000 25660944.000 25637040.000 25637040.000 25648992.000 25648992.000 25648992.000 25648992.000 25648992.000 25637040.000 25637040.000 25637040.000 25637040.000 25637040.000 25637040.000 25637040.000 25637040.000 25637040.000 25637040.000 25637040.000 25637040.000 25637040.000 25637040.000 25637040.000 25637040.000 25637040.000 11712960.000 25637040.000 13924080.000 25637040.000 25637040.000 25637040.000 999999936.000
25637040.000 25637040.000 25648992.000 25637040.000 25648992.000 25637040.000 25637040.000 25637040.000 25637040.000 25637040.000 25637040.000 25637040.000 25637040.000 25637040.000 25637040.000 25637040.000 25637040.000 25648992.000 25648992.000 25648992.000 25648992.000 25648992.000 25648992.000 25648992.000 25648992.000 25648992.000 25648992.000 25648992.000 25637040.000 25637040.000 25637040.000 25637040.000 25637040.000 25637040.000 11689056.000 25637040.000 13947984.000 25637040.000 25637040.000 25637040.000 999999936.000
25648992.000 25637040.000 25637040.000 25637040.000 25637040.000 25637040.000 25648992.000 25637040.000 25648992.000 25637040.000 25637040.000 25637040.000 25637040.000 25637040.000 25637040.000 25637040.000 25637040.000 25637040.000 25637040.000 25637040.000 25637040.000 25637040.000 25637040.000 25637040.000 25637040.000 25637040.000 25637040.000 25637040.000 25648992.000 25648992.000 25648992.000 25648992.000 25648992.000 25648992.000 12788640.000 25648992.000 12860352.000 25648992.000 25648992.000 25637040.000 999999936.000
25637040.000 25648992.000 25637040.000 25648992.000 25637040.000 25648992.000 25637040.000 25648992.000 25637040.000 25648992.000 25648992.000 25648992.000 25648992.000 25648992.000 25648992.000 25648992.000 25648992.000 25637040.000 25637040.000 25637040.000 25637040.000 25637040.000 25637040.000 25637040.000 25637040.000 25637040.000 25637040.000 25637040.000 25637040.000 25637040.000 25637040.000 25637040.000 25637040.000 25637040.000 10039680.000 25637040.000 15597360.000 25637040.000 25637040.000 25648992.000 999999936.000
25637040.000 25637040.000 25648992.000 25637040.000 25648992.000 25637040.000 25637040.000 25637040.000 25637040.000 25637040.000 25637040.000 25637040.000 25637040.000 25637040.000 25637040.000 25637040.000 25637040.000 25648992.000 25648992.000 25648992.000 25648992.000 25648992.000 25648992.000 25648992.000 25648992.000 25648992.000 25648992.000 25648992.000 25637040.000 25637040.000 25637040.000 25637040.000 25637040.000 25637040.000 11031696.000 25637040.000 14605344.000 25637040.000 25637040.000 25637040.000 999999936.000
25648992.000 25637040.000 25637040.000 25637040.000 25637040.000 25637040.000 25648992.000 25637040.000 25648992.000 25637040.000 25637040.000 25637040.000 25637040.000 25637040.000 25637040.000 25637040.000 25637040.000 25637040.000 25637040.000 25637040.000 25637040.000 25637040.000 25637040.000 25637040.000 25637040.000 25637040.000 25637040.000 25637040.000 25648992.000 25648992.000 25648992.000 25648992.000 25648992.000 25648992.000 11653200.000 25648992.000 13995792.000 25648992.000 25648992.000 25637040.000 999999936.000
25637040.000 25648992.000 25637040.000 25648992.000 25637040.000 25648992.000 25637040.000 25648992.000 25637040.000 25648992.000 25648992.000 25648992.000 25648992.000 25648992.000 25648992.000 25648992.000 25648992.000 25637040.000 25637040.000 25637040.000 25637040.000 25637040.000 25637040.000 25637040.000 25637040.000 25637040.000 25637040.000 25637040.000 25637040.000 25637040.000 25637040.000 25637040.000 25637040.000 25637040.000 9286704.000 25637040.000 16350336.000 25637040.000 25637040.000 25648992.000 999999936.000
