-nan -nan
0.788 0.572
0.571 0.627
0.534 0.529
0.593 0.592
0.693 0.693
0.649 0.649
0.689 0.692
0.776 0.768
0.754 0.753
0.791 0.746
0.838 0.845
0.577 0.580
0.832 0.831
0.759 0.757
0.525 0.536
0.559 0.547
0.568 0.581
0.623 0.614
0.639 0.633
0.673 0.679
0.738 0.741
0.804 0.801
0.766 0.757
0.643 0.648
0.601 0.599
0.744 0.742
0.705 0.706
0.734 0.732
0.839 0.836
0.936 0.939
0.988 0.988
0.925 0.925
0.934 0.933
0.927 0.926
0.922 0.921
0.923 0.927
0.954 0.951
0.991 0.991
0.975 0.975
0.977 0.976
0.979 0.979
0.985 0.985
0.967 0.966
0.948 0.948
0.901 0.903
0.880 0.880
0.890 0.888
0.899 0.900
0.907 0.907
0.921 0.919
0.914 0.916
0.885 0.885
0.876 0.876
0.901 0.898
0.928 0.928
0.920 0.922
0.917 0.917
0.901 0.900
0.926 0.926
0.930 0.930
0.944 0.947
0.947 0.948
0.935 0.935
0.942 0.941
0.925 0.924
0.928 0.929
0.948 0.947
0.961 0.961
0.973 0.973
0.957 0.958
0.872 0.875
0.905 0.903
0.914 0.913
0.918 0.918
0.953 0.953
0.965 0.934
0.893 0.914
0.905 0.903
0.929 0.929
0.931 0.931
0.944 0.945
0.963 0.963
0.979 0.979
0.946 0.948
0.955 0.953
0.963 0.962
0.960 0.960
0.965 0.964
0.956 0.959
0.962 0.962
0.979 0.978
0.983 0.983
0.985 0.984
0.983 0.983
0.987 0.986
0.941 0.942
0.902 0.903
0.935 0.936
