0.000 0.000 0.000 0.000 0.000 0.000 0.000 0.000 0.000 0.000 0.000 0.000 0.000 0.000 0.000 0.000 0.000 0.000
46149120.000 46149120.000 46149120.000 46149120.000 46149120.000 46149120.000 46149120.000 46149120.000 46149120.000 46149120.000 46149120.000 46149120.000 21784320.000 46149120.000 46149120.000 46149120.000 46149120.000 760170240.000
167731200.000 167731200.000 167731200.000 167731200.000 167731200.000 167731200.000 167731200.000 167731200.000 167731200.000 167731200.000 167731200.000 167731200.000 32970240.000 167731200.000 167731200.000 167731200.000 167731200.000 2716669440.000
167731200.000 167731200.000 167731200.000 167731200.000 167731200.000 167731200.000 167731200.000 167731200.000 167731200.000 167731200.000 167731200.000 167731200.000 33914880.000 167731200.000 167731200.000 167731200.000 167731200.000 2717614080.000
167731200.000 167731200.000 167731200.000 167731200.000 167731200.000 167731200.000 167731200.000 167731200.000 167731200.000 167731200.000 167731200.000 167731200.000 34882560.000 167731200.000 167731200.000 167731200.000 167731200.000 2718581760.000
167731200.000 167731200.000 167731200.000 167731200.000 167731200.000 167731200.000 167731200.000 167731200.000 167731200.000 167731200.000 167731200.000 167731200.000 35850240.000 167731200.000 167731200.000 167731200.000 167731200.000 2719549440.000
167731200.000 167731200.000 167731200.000 167731200.000 167731200.000 167731200.000 167731200.000 167731200.000 167731200.000 167731200.000 167731200.000 167731200.000 36864000.000 167731200.000 167731200.000 167731200.000 167731200.000 2720563200.000
167731200.000 167731200.000 167731200.000 167731200.000 167731200.000 167731200.000 167731200.000 167731200.000 167731200.000 167731200.000 167731200.000 167731200.000 37900800.000 167731200.000 167731200.000 167731200.000 167731200.000 2721600000.000
167731200.000 167731200.000 167731200.000 167731200.000 167731200.000 167731200.000 167731200.000 167731200.000 167731200.000 167731200.000 167731200.000 167731200.000 38995200.000 167731200.000 167731200.000 167731200.000 167731200.000 2722694400.000
167731200.000 167731200.000 167731200.000 167731200.000 167731200.000 167731200.000 167731200.000 167731200.000 167731200.000 167731200.000 167731200.000 167731200.000 40032000.000 167731200.000 167731200.000 167731200.000 167731200.000 2723731200.000
167731200.000 167731200.000 167731200.000 167731200.000 167731200.000 167731200.000 167731200.000 167731200.000 167731200.000 167731200.000 167731200.000 167731200.000 41172480.000 167731200.000 167731200.000 167731200.000 167731200.000 2724871680.000
167731200.000 167731200.000 167731200.000 167731200.000 167731200.000 167731200.000 167731200.000 167731200.000 167731200.000 167731200.000 167731200.000 167731200.000 42105600.000 167731200.000 167731200.000 167731200.000 167731200.000 2725804800.000
167731200.000 167731200.000 167731200.000 167731200.000 167731200.000 167731200.000 167731200.000 167731200.000 167731200.000 167731200.000 167731200.000 167731200.000 43004160.000 167731200.000 167731200.000 167731200.000 167731200.000 2726703360.000
167731200.000 167731200.000 167731200.000 167731200.000 167731200.000 167731200.000 167731200.000 167731200.000 167731200.000 167731200.000 167731200.000 167731200.000 43902720.000 167731200.000 167731200.000 167731200.000 167731200.000 2727601920.000
167731200.000 167731200.000 167731200.000 167731200.000 167731200.000 167731200.000 167731200.000 167731200.000 167731200.000 167731200.000 167731200.000 167731200.000 44824320.000 167731200.000 167731200.000 167731200.000 167731200.000 2728523520.000
167731200.000 167731200.000 167731200.000 167731200.000 167731200.000 167731200.000 167731200.000 167731200.000 167731200.000 167731200.000 167731200.000 167731200.000 45768960.000 167731200.000 167731200.000 167731200.000 167731200.000 2729468160.000
167731200.000 167731200.000 167731200.000 167731200.000 167731200.000 167731200.000 167731200.000 167731200.000 167731200.000 167731200.000 167731200.000 167731200.000 46736640.000 167731200.000 167731200.000 167731200.000 167731200.000 2730435840.000
167731200.000 167731200.000 167731200.000 167731200.000 167731200.000 167731200.000 167731200.000 167731200.000 167731200.000 167731200.000 167731200.000 167731200.000 47704320.000 167731200.000 167731200.000 167731200.000 167731200.000 2731403520.000
167731200.000 167731200.000 167731200.000 167731200.000 167731200.000 167731200.000 167731200.000 167731200.000 167731200.000 167731200.000 167731200.000 167731200.000 48718080.000 167731200.000 167731200.000 167731200.000 167731200.000 2732417280.000
167731200.000 167731200.000 167731200.000 167731200.000 167731200.000 167731200.000 167731200.000 167731200.000 167731200.000 167731200.000 167731200.000 167731200.000 49743360.000 167731200.000 167731200.000 167731200.000 167731200.000 2733442560.000
167731200.000 167731200.000 167731200.000 167731200.000 167731200.000 167731200.000 167731200.000 167731200.000 167731200.000 167731200.000 167731200.000 167731200.000 50780160.000 167731200.000 167731200.000 167731200.000 167731200.000 2734479360.000
167731200.000 167731200.000 167731200.000 167731200.000 167731200.000 167731200.000 167731200.000 167731200.000 167731200.000 167731200.000 167731200.000 167731200.000 51863040.000 167731200.000 167731200.000 167731200.000 167731200.000 2735562240.000
167731200.000 167731200.000 167731200.000 167731200.000 167731200.000 167731200.000 167731200.000 167731200.000 167731200.000 167731200.000 167731200.000 167731200.000 52934400.000 167731200.000 167731200.000 167731200.000 167731200.000 2736633600.000
167731200.000 167731200.000 167731200.000 167731200.000 167731200.000 167731200.000 167731200.000 167731200.000 167731200.000 167731200.000 167731200.000 167731200.000 54086400.000 167731200.000 167731200.000 167731200.000 167731200.000 2737785600.000
167731200.000 167731200.000 167731200.000 167731200.000 167731200.000 167731200.000 167731200.000 167731200.000 167731200.000 167731200.000 167731200.000 167731200.000 55180800.000 167731200.000 167731200.000 167731200.000 167731200.000 2738880000.000
167731200.000 167731200.000 167731200.000 167731200.000 167731200.000 167731200.000 167731200.000 167731200.000 167731200.000 167731200.000 167731200.000 167731200.000 55987200.000 167731200.000 167731200.000 167731200.000 167731200.000 2739686400.000
167731200.000 167731200.000 167731200.000 167731200.000 167731200.000 167731200.000 167731200.000 167731200.000 167731200.000 167731200.000 167731200.000 167731200.000 56759040.000 167731200.000 167731200.000 167731200.000 167731200.000 2740458240.000
167731200.000 167731200.000 167731200.000 167731200.000 167731200.000 167731200.000 167731200.000 167731200.000 167731200.000 167731200.000 167731200.000 167731200.000 57565440.000 167731200.000 167731200.000 167731200.000 167731200.000 2741264640.000
167731200.000 167731200.000 167731200.000 167731200.000 167731200.000 167731200.000 167731200.000 167731200.000 167731200.000 167731200.000 167731200.000 167731200.000 58360320.000 167731200.000 167731200.000 167731200.000 167731200.000 2742059520.000
167731200.000 167731200.000 167731200.000 167731200.000 167731200.000 167731200.000 167731200.000 167731200.000 167731200.000 167731200.000 167731200.000 167731200.000 59178240.000 167731200.000 167731200.000 167731200.000 167731200.000 2742877440.000
167731200.000 167731200.000 167731200.000 167731200.000 167731200.000 167731200.000 167731200.000 167731200.000 167731200.000 167731200.000 167731200.000 167731200.000 60007680.000 167731200.000 167731200.000 167731200.000 167731200.000 2743706880.000
167731200.000 167731200.000 167731200.000 167731200.000 167731200.000 167731200.000 167731200.000 167731200.000 167731200.000 167731200.000 167731200.000 167731200.000 60848640.000 167731200.000 167731200.000 167731200.000 167731200.000 2744547840.000
167731200.000 167731200.000 167731200.000 167731200.000 167731200.000 167731200.000 167731200.000 167731200.000 167731200.000 167731200.000 167731200.000 167731200.000 61689600.000 167731200.000 167731200.000 167731200.000 167731200.000 2745388800.000
167731200.000 167731200.000 167731200.000 167731200.000 167731200.000 167731200.000 167731200.000 167731200.000 167731200.000 167731200.000 167731200.000 167731200.000 62553600.000 167731200.000 167731200.000 167731200.000 167731200.000 2746252800.000
167731200.000 167731200.000 167731200.000 167731200.000 167731200.000 167731200.000 167731200.000 167731200.000 167731200.000 167731200.000 167731200.000 167731200.000 63429120.000 167731200.000 167731200.000 167731200.000 167731200.000 2747128320.000
167731200.000 167731200.000 167731200.000 167731200.000 167731200.000 167731200.000 167731200.000 167731200.000 167731200.000 167731200.000 167731200.000 167731200.000 64316160.000 167731200.000 167731200.000 167731200.000 167731200.000 2748015360.000
167731200.000 167731200.000 167731200.000 167731200.000 167731200.000 167731200.000 167731200.000 167731200.000 167731200.000 167731200.000 167731200.000 167731200.000 65226240.000 167731200.000 167731200.000 167731200.000 167731200.000 2748925440.000
167731200.000 167731200.000 167731200.000 167731200.000 167731200.000 167731200.000 167731200.000 167731200.000 167731200.000 167731200.000 167731200.000 167731200.000 66124800.000 167731200.000 167731200.000 167731200.000 167731200.000 2749824000.000
167731200.000 167731200.000 167731200.000 167731200.000 167731200.000 167731200.000 167731200.000 167731200.000 167731200.000 167731200.000 167731200.000 167731200.000 67046400.000 167731200.000 167731200.000 167731200.000 167731200.000 2750745600.000
167731200.000 167731200.000 167731200.000 167731200.000 167731200.000 167731200.000 167731200.000 167731200.000 167731200.000 167731200.000 167731200.000 167731200.000 67991040.000 167731200.000 167731200.000 167731200.000 167731200.000 2751690240.000
167731200.000 167731200.000 167731200.000 167731200.000 167731200.000 167731200.000 167731200.000 167731200.000 167731200.000 167731200.000 167731200.000 167731200.000 68947200.000 167731200.000 167731200.000 167731200.000 167731200.000 2752646400.000
167731200.000 167731200.000 167731200.000 167731200.000 167731200.000 167731200.000 167731200.000 167731200.000 167731200.000 167731200.000 167731200.000 167731200.000 69914880.000 167731200.000 167731200.000 167731200.000 167731200.000 2753614080.000
167731200.000 167731200.000 167731200.000 167731200.000 167731200.000 167731200.000 167731200.000 167731200.000 167731200.000 167731200.000 167731200.000 167731200.000 70871040.000 167731200.000 167731200.000 167731200.000 167731200.000 2754570240.000
167731200.000 167731200.000 167731200.000 167731200.000 167731200.000 167731200.000 167731200.000 167731200.000 167731200.000 167731200.000 167731200.000 167731200.000 71873280.000 167731200.000 167731200.000 167731200.000 167731200.000 2755572480.000
167731200.000 167731200.000 167731200.000 167731200.000 167731200.000 167731200.000 167731200.000 167731200.000 167731200.000 167731200.000 167731200.000 167731200.000 72887040.000 167731200.000 167731200.000 167731200.000 167731200.000 2756586240.000
167731200.000 167731200.000 167731200.000 167731200.000 167731200.000 167731200.000 167731200.000 167731200.000 167731200.000 167731200.000 167731200.000 167731200.000 73889280.000 167731200.000 167731200.000 167731200.000 167731200.000 2757588480.000
167731200.000 167731200.000 167731200.000 167731200.000 167731200.000 167731200.000 167731200.000 167731200.000 167731200.000 167731200.000 167731200.000 167731200.000 74926080.000 167731200.000 167731200.000 167731200.000 167731200.000 2758625280.000
167731200.000 167731200.000 167731200.000 167731200.000 167731200.000 167731200.000 167731200.000 167731200.000 167731200.000 167731200.000 167731200.000 167731200.000 75974400.000 167731200.000 167731200.000 167731200.000 167731200.000 2759673600.000
167731200.000 167731200.000 167731200.000 167731200.000 167731200.000 167731200.000 167731200.000 167731200.000 167731200.000 167731200.000 167731200.000 167731200.000 77022720.000 167731200.000 167731200.000 167731200.000 167731200.000 2760721920.000
167731200.000 167731200.000 167731200.000 167731200.000 167731200.000 167731200.000 167731200.000 167731200.000 167731200.000 167731200.000 167731200.000 167731200.000 78117120.000 167731200.000 167731200.000 167731200.000 167731200.000 2761816320.000
167731200.000 167731200.000 167731200.000 167731200.000 167731200.000 167731200.000 167731200.000 167731200.000 167731200.000 167731200.000 167731200.000 167731200.000 79200000.000 167731200.000 167731200.000 167731200.000 167731200.000 2762899200.000
167731200.000 167731200.000 167731200.000 167731200.000 167731200.000 167731200.000 167731200.000 167731200.000 167731200.000 167731200.000 167731200.000 167731200.000 80352000.000 167731200.000 167731200.000 167731200.000 167731200.000 2764051200.000
167731200.000 167731200.000 167731200.000 167731200.000 167731200.000 167731200.000 167731200.000 167731200.000 167731200.000 167731200.000 167731200.000 167731200.000 81388800.000 167731200.000 167731200.000 167731200.000 167731200.000 2765088000.000
167731200.000 167731200.000 167731200.000 167731200.000 167731200.000 167731200.000 167731200.000 167731200.000 167731200.000 167731200.000 167731200.000 167731200.000 82529280.000 167731200.000 167731200.000 167731200.000 167731200.000 2766228480.000
167731200.000 167731200.000 167731200.000 167731200.000 167731200.000 167731200.000 167731200.000 167731200.000 167731200.000 167731200.000 167731200.000 167731200.000 83289600.000 167731200.000 167731200.000 167731200.000 167731200.000 2766988800.000
167731200.000 167731200.000 167731200.000 167731200.000 167731200.000 167731200.000 167731200.000 167731200.000 167731200.000 167731200.000 167731200.000 167731200.000 83865600.000 167731200.000 167731200.000 167731200.000 167731200.000 2767564800.000
167731200.000 167731200.000 167731200.000 167731200.000 167731200.000 167731200.000 167731200.000 167731200.000 167731200.000 167731200.000 167731200.000 167731200.000 84464640.000 167731200.000 167731200.000 167731200.000 167731200.000 2768163840.000
167731200.000 167731200.000 167731200.000 167731200.000 167731200.000 167731200.000 167731200.000 167731200.000 167731200.000 167731200.000 167731200.000 167731200.000 85075200.000 167731200.000 167731200.000 167731200.000 167731200.000 2768774400.000
167731200.000 167731200.000 167731200.000 167731200.000 167731200.000 167731200.000 167731200.000 167731200.000 167731200.000 167731200.000 167731200.000 167731200.000 85651200.000 167731200.000 167731200.000 167731200.000 167731200.000 2769350400.000
167731200.000 167731200.000 167731200.000 167731200.000 167731200.000 167731200.000 167731200.000 167731200.000 167731200.000 167731200.000 167731200.000 167731200.000 86227200.000 167731200.000 167731200.000 167731200.000 167731200.000 2769926400.000
167731200.000 167731200.000 167731200.000 167731200.000 167731200.000 167731200.000 167731200.000 167731200.000 167731200.000 167731200.000 167731200.000 167731200.000 86860800.000 167731200.000 167731200.000 167731200.000 167731200.000 2770560000.000
167731200.000 167731200.000 167731200.000 167731200.000 167731200.000 167731200.000 167731200.000 167731200.000 167731200.000 167731200.000 167731200.000 167731200.000 87448320.000 167731200.000 167731200.000 167731200.000 167731200.000 2771147520.000
167731200.000 167731200.000 167731200.000 167731200.000 167731200.000 167731200.000 167731200.000 167731200.000 167731200.000 167731200.000 167731200.000 167731200.000 88070400.000 167731200.000 167731200.000 167731200.000 167731200.000 2771769600.000
167731200.000 167731200.000 167731200.000 167731200.000 167731200.000 167731200.000 167731200.000 167731200.000 167731200.000 167731200.000 167731200.000 167731200.000 88669440.000 167731200.000 167731200.000 167731200.000 167731200.000 2772368640.000
167731200.000 167731200.000 167731200.000 167731200.000 167731200.000 167731200.000 167731200.000 167731200.000 167731200.000 167731200.000 167731200.000 167731200.000 89291520.000 167731200.000 167731200.000 167731200.000 167731200.000 2772990720.000
167731200.000 167731200.000 167731200.000 167731200.000 167731200.000 167731200.000 167731200.000 167731200.000 167731200.000 167731200.000 167731200.000 167731200.000 89913600.000 167731200.000 167731200.000 167731200.000 167731200.000 2773612800.000
167731200.000 167731200.000 167731200.000 167731200.000 167731200.000 167731200.000 167731200.000 167731200.000 167731200.000 167731200.000 167731200.000 167731200.000 90535680.000 167731200.000 167731200.000 167731200.000 167731200.000 2774234880.000
167731200.000 167731200.000 167731200.000 167731200.000 167731200.000 167731200.000 167731200.000 167731200.000 167731200.000 167731200.000 167731200.000 167731200.000 91180800.000 167731200.000 167731200.000 167731200.000 167731200.000 2774880000.000
167731200.000 167731200.000 167731200.000 167731200.000 167731200.000 167731200.000 167731200.000 167731200.000 167731200.000 167731200.000 167731200.000 167731200.000 91802880.000 167731200.000 167731200.000 167731200.000 167731200.000 2775502080.000
167731200.000 167731200.000 167731200.000 167731200.000 167731200.000 167731200.000 167731200.000 167731200.000 167731200.000 167731200.000 167731200.000 167731200.000 92448000.000 167731200.000 167731200.000 167731200.000 167731200.000 2776147200.000
167731200.000 167731200.000 167731200.000 167731200.000 167731200.000 167731200.000 167731200.000 167731200.000 167731200.000 167731200.000 167731200.000 167731200.000 93093120.000 167731200.000 167731200.000 167731200.000 167731200.000 2776792320.000
167731200.000 167731200.000 167731200.000 167731200.000 167731200.000 167731200.000 167731200.000 167731200.000 167731200.000 167731200.000 167731200.000 167731200.000 93738240.000 167731200.000 167731200.000 167731200.000 167731200.000 2777437440.000
167731200.000 167731200.000 167731200.000 167731200.000 167731200.000 167731200.000 167731200.000 167731200.000 167731200.000 167731200.000 167731200.000 167731200.000 94394880.000 167731200.000 167731200.000 167731200.000 167731200.000 2778094080.000
167731200.000 167731200.000 167731200.000 167731200.000 167731200.000 167731200.000 167731200.000 167731200.000 167731200.000 167731200.000 167731200.000 167731200.000 95063040.000 167731200.000 167731200.000 167731200.000 167731200.000 2778762240.000
167731200.000 167731200.000 167731200.000 167731200.000 167731200.000 167731200.000 167731200.000 167731200.000 167731200.000 167731200.000 167731200.000 167731200.000 95708160.000 167731200.000 167731200.000 167731200.000 167731200.000 2779407360.000
167731200.000 167731200.000 167731200.000 167731200.000 167731200.000 167731200.000 167731200.000 167731200.000 167731200.000 167731200.000 167731200.000 167731200.000 96376320.000 167731200.000 167731200.000 167731200.000 167731200.000 2780075520.000
167731200.000 167731200.000 167731200.000 167731200.000 167731200.000 167731200.000 167731200.000 167731200.000 167731200.000 167731200.000 167731200.000 167731200.000 97044480.000 167731200.000 167731200.000 167731200.000 167731200.000 2780743680.000
167731200.000 167731200.000 167731200.000 167731200.000 167731200.000 167731200.000 167731200.000 167731200.000 167731200.000 167731200.000 167731200.000 167731200.000 97724160.000 167731200.000 167731200.000 167731200.000 167731200.000 2781423360.000
167731200.000 167731200.000 167731200.000 167731200.000 167731200.000 167731200.000 167731200.000 167731200.000 167731200.000 167731200.000 167731200.000 167731200.000 98415360.000 167731200.000 167731200.000 167731200.000 167731200.000 2782114560.000
167731200.000 167731200.000 167731200.000 167731200.000 167731200.000 167731200.000 167731200.000 167731200.000 167731200.000 167731200.000 167731200.000 167731200.000 99083520.000 167731200.000 167731200.000 167731200.000 167731200.000 2782782720.000
167731200.000 167731200.000 167731200.000 167731200.000 167731200.000 167731200.000 167731200.000 167731200.000 167731200.000 167731200.000 167731200.000 167731200.000 99774720.000 167731200.000 167731200.000 167731200.000 167731200.000 2783473920.000
167731200.000 167731200.000 167731200.000 167731200.000 167731200.000 167731200.000 167731200.000 167731200.000 167731200.000 167731200.000 167731200.000 167731200.000 100477440.000 167731200.000 167731200.000 167731200.000 167731200.000 2784176640.000
167731200.000 167731200.000 167731200.000 167731200.000 167731200.000 167731200.000 167731200.000 167731200.000 167731200.000 167731200.000 167731200.000 167731200.000 101180160.000 167731200.000 167731200.000 167731200.000 167731200.000 2784879360.000
167731200.000 167731200.000 167731200.000 167731200.000 167731200.000 167731200.000 167731200.000 167731200.000 167731200.000 167731200.000 167731200.000 167731200.000 101882880.000 167731200.000 167731200.000 167731200.000 167731200.000 2785582080.000
167731200.000 167731200.000 167731200.000 167731200.000 167731200.000 167731200.000 167731200.000 167731200.000 167731200.000 167731200.000 167731200.000 167731200.000 102585600.000 167731200.000 167731200.000 167731200.000 167731200.000 2786284800.000
167731200.000 167731200.000 167731200.000 167731200.000 167731200.000 167731200.000 167731200.000 167731200.000 167731200.000 167731200.000 167731200.000 167731200.000 103311360.000 167731200.000 167731200.000 167731200.000 167731200.000 2787010560.000
167731200.000 167731200.000 167731200.000 167731200.000 167731200.000 167731200.000 167731200.000 167731200.000 167731200.000 167731200.000 167731200.000 167731200.000 104025600.000 167731200.000 167731200.000 167731200.000 167731200.000 2787724800.000
167731200.000 167731200.000 167731200.000 167731200.000 167731200.000 167731200.000 167731200.000 167731200.000 167731200.000 167731200.000 167731200.000 167731200.000 104751360.000 167731200.000 167731200.000 167731200.000 167731200.000 2788450560.000
167731200.000 167731200.000 167731200.000 167731200.000 167731200.000 167731200.000 167731200.000 167731200.000 167731200.000 167731200.000 167731200.000 167731200.000 105477120.000 167731200.000 167731200.000 167731200.000 167731200.000 2789176320.000
167731200.000 167731200.000 167731200.000 167731200.000 167731200.000 167731200.000 167731200.000 167731200.000 167731200.000 167731200.000 167731200.000 167731200.000 106214400.000 167731200.000 167731200.000 167731200.000 167731200.000 2789913600.000
167731200.000 167731200.000 167731200.000 167731200.000 167731200.000 167731200.000 167731200.000 167731200.000 167731200.000 167731200.000 167731200.000 167731200.000 106951680.000 167731200.000 167731200.000 167731200.000 167731200.000 2790650880.000
167731200.000 167731200.000 167731200.000 167731200.000 167731200.000 167731200.000 167731200.000 167731200.000 167731200.000 167731200.000 167731200.000 167731200.000 107712000.000 167731200.000 167731200.000 167731200.000 167731200.000 2791411200.000
167731200.000 167731200.000 167731200.000 167731200.000 167731200.000 167731200.000 167731200.000 167731200.000 167731200.000 167731200.000 167731200.000 167731200.000 108437760.000 167731200.000 167731200.000 167731200.000 167731200.000 2792136960.000
167731200.000 167731200.000 167731200.000 167731200.000 167731200.000 167731200.000 167731200.000 167731200.000 167731200.000 167731200.000 167731200.000 167731200.000 109209600.000 167731200.000 167731200.000 167731200.000 167731200.000 2792908800.000
167731200.000 167731200.000 167731200.000 167731200.000 167731200.000 167731200.000 167731200.000 167731200.000 167731200.000 167731200.000 167731200.000 167731200.000 109981440.000 167731200.000 167731200.000 167731200.000 167731200.000 2793680640.000
167731200.000 167731200.000 167731200.000 167731200.000 167731200.000 167731200.000 167731200.000 167731200.000 167731200.000 167731200.000 167731200.000 167731200.000 110741760.000 167731200.000 167731200.000 167731200.000 167731200.000 2794440960.000
167731200.000 167731200.000 167731200.000 167731200.000 167731200.000 167731200.000 167731200.000 167731200.000 167731200.000 167731200.000 167731200.000 167731200.000 111513600.000 167731200.000 167731200.000 167731200.000 167731200.000 2795212800.000
167731200.000 167731200.000 167731200.000 167731200.000 167731200.000 167731200.000 167731200.000 167731200.000 167731200.000 167731200.000 167731200.000 167731200.000 112285440.000 167731200.000 167731200.000 167731200.000 167731200.000 2795984640.000
167731200.000 167731200.000 167731200.000 167731200.000 167731200.000 167731200.000 167731200.000 167731200.000 167731200.000 167731200.000 167731200.000 167731200.000 113057280.000 167731200.000 167731200.000 167731200.000 167731200.000 2796756480.000
