1100014104,14400
1200621348,15840
1201099428,17280
1201701348,18720
1202418468,20160
1203020388,21600
1300862864,23040
1301460464,24480
1301699504,25920
1302536144,27360
1303492304,28800
1303731344,30240
1304567984,31680
1401467260,30240
1507211016,31680
1707583168,33120
1807111884,34560
1907477240,36000
2007603556,37440
2107729872,38880
2207856188,40320
2309328668,41760
3520902908,40320
3724175636,34560
3724295156,33768
3725131796,33372
3725251316,32976
3725370836,31320
3725490356,30240
3824540992,31320
3925743640,31680
4125876752,33120
4225913688,34560
4331330328,36000
4752846576,10080
4852973544,11520
4853093064,12960
4853212584,11520
4853332104,12960
4950232032,11520
4950351552,12960
4950471072,11520
4954056672,12960
4954176192,11520
4954295712,12960
4954415232,11520
4954534752,12960
4954654272,11520
5054062816,12960
5054182336,11520
5058006976,12960
5058126496,11520
5058245364,31320
5160798164,28800
5476781920,30240
5576788716,31680
5677154072,33120
5778149124,34560
5884849692,36000
7125578212,37440
7541356196,38880
7748603876,40320
8048926192,41760
8058368272,43200
8158853148,44640
8261162268,46080
8362722824,47520
8463924820,48960
8566322016,50400
8667046584,51840
8769714264,53280
9177334096,54720
9381172328,56160
9703247284,54720
9904336556,56160
10004582392,57600
10105067268,59040
10205193584,60480
10305681068,61920
10408707308,63360
11051215384,64800
11151580740,66240
11252424176,67680
11352789532,69120
11458206172,70560
11764354176,72000
11862091396,56160
11862210916,55357
11862330436,54000
11862449956,53280
11965445404,54000
12067244348,54720
12168595352,56160
12274578148,57600
12689728392,59040
12781010880,60480
12881137196,61920
12998743572,63360
13203419748,64800
13305697424,66240
13609637436,31680
13710002792,33120
13710122312,34560
13722910952,33120
13723030472,34560
13723149992,33120
13723269512,34560
13723389032,33120
13723508552,34560
13723628072,33120
13723747592,34560
13723867112,33120
13723986632,34560
13724106152,33120
13724225672,34560
13724345192,33120
13724464712,34560
13724584232,33120
13724703752,34560
13724823272,33120
13724942792,34560
13810368148,33120
13810487668,34560
13810607188,33120
13810726056,54000
14012175192,54720
14323286404,40320
14423802724,41760
14423922244,43200
14424041764,41760
14424161284,43200
14424280804,41760
14424400324,43200
14424519844,41760
14424639364,43200
14438384164,41760
14438503032,53280
14526917040,54720
14628477596,56160
14730038152,57600
14830881588,59040
14935073540,60480
15262288508,46080
15362415476,47520
15362534996,48960
15362654516,47520
15362774036,48960
15362893556,47520
15363013076,48960
15363132596,47520
15363252116,48960
15363371636,47520
15363490504,53280
15463617472,54720
15563743788,56160
15663750584,57600
15765940836,59040
16391955152,60480
16492559548,61920
16594719008,63360
16698790136,64800
17523591400,66240
17624195796,67680
17728297716,69120
17923411640,70560
18023538608,72000
18124143004,73440
18226691164,74880
18442752532,73440
18759776856,47520
18860142212,48960
18860261732,50400
18860381252,48960
18860500772,50400
18860620292,48960
18860739812,50400
18860859332,48960
18860978852,50400
18861098372,48960
18861217892,50400
18861337412,48960
18861456932,50400
18861576452,48960
18861695972,50400
18861815492,48960
18861935012,50400
18862054532,48960
18862173400,56160
18962898620,57600
19064967396,59040
19165332752,60480
19270629872,61920
19576028660,63360
19676514840,64800
19779748676,66240
20399636028,67680
20499762996,64800
20499882516,64213
20500002036,63919
20500121556,63625
20500241076,63331
20500360596,63037
20500480116,62743
20500599636,62449
20500719156,62156
20501555796,61862
20501675316,61568
20501794836,61274
20501914356,60980
20502033876,60686
20502153396,60392
20502272916,60098
20502392436,59805
20502511956,59511
20502631476,59217
20502750996,58923
20502870516,56160
20700016280,57600
20800143248,59040
20902330892,60480
21006313292,61920
21520395956,53280
21621478432,54720
21621597952,56160
21621717472,54720
21621836992,56160
21621956512,54720
21622075380,56160
21722679776,57600
21823555308,59040
21930016184,60480
22152681944,59040
22260010904,57600
22466630192,41760
22567712668,43200
22567832188,44640
22567951708,43200
22568071228,44640
22568190748,43200
22568310268,44640
22568429788,43200
22568549308,44640
22568668828,43200
22568788348,44640
22568907216,56160
23293280888,57600
23393527376,59040
23493654344,60480
23597874480,61920
23800638336,63360
24111686008,64800
24436421848,63360
24637033692,64800
24737519220,66240
24838752008,67680
24845206088,69120
25368255768,70560
25468262564,72000
25568388880,73440
25672371280,74880
25874448808,76320
25974455604,77760
26075897292,79200
26176143780,80640
26276748828,82080
26376995316,83520
26477361324,84960
26581192760,86400
26782162512,87840
26884828236,89280
27189661520,90720
27290146396,92160
27390989832,93600
27490757588,95040
27602867348,96480
27704547424,95040
28213067324,96480
28226931644,97920
28329479804,99360
28430920840,100800
28841799156,102240
28942044992,103680
29043158912,105120
29363233472,103680
29683547072,102240
29794461632,100800
29905017632,99360
30011748992,97920
30335409152,96480
30438196352,95040
30547915712,93600
30873368672,92160
30973615160,43200
31073981820,44640
31080674940,46080
31080794460,44640
31080913980,46080
31081033500,44640
31082467740,46080
31082587260,44640
31085933820,46080
31086053340,44640
31086411900,46080
31086531420,44640
31086650940,46080
31086770460,44640
31086889980,46080
31087009500,44640
31106729648,46080
31106849168,44640
31106968688,46080
31107088208,44640
31107207728,46080
31107327248,44640
31107446768,46080
31107566288,44640
31107685808,46080
31107805328,44640
31108163888,46080
31108283408,44640
31174377316,46080
31174496836,44640
31174616356,46080
31174735876,44640
31174855396,46080
31181787556,44640
31181906424,78840
31376303228,79200
31476700028,80640
31508939636,69120
31609304992,70560
31609424512,72000
31609544032,70560
31609663552,72000
31609783072,70560
31609902592,72000
31610022112,70560
31610140980,78840
31710506336,79200
31810632652,80640
31910879792,82080
32011125628,83520
32111251944,84960
32212485384,86400
32628534504,84960
32736939144,83520
32847614664,82080
33153642496,83520
33254724972,84960
33974142996,86400
34076779232,87840
34178220268,89280
34279661304,90720
34589545872,64800
34689792360,66240
34689911880,67680
34690031400,66240
34690150920,67680
34690270440,66240
34690389960,67680
34690509480,66240
34690629000,67680
34690748520,66240
34690868040,67680
34690987560,66240
34691107080,67680
34691226600,66240
34691346120,67680
34691465640,66240
34691585160,67680
34703895720,66240
34704014588,78840
34805456276,79200
34892076832,80640
34992203148,82080
35094751308,83520
35505182988,84960
35607222276,36000
35712129392,37440
35712248912,38880
35712368432,37440
35712487952,38880
35712607472,37440
35712726992,38880
35712846512,37440
35712966032,38880
35713085552,37440
35713205072,38880
35713324592,37440
35713444112,38880
35713563632,37440
35713683152,38880
35713802672,37440
35713922192,38880
35714041712,37440
35714161232,38880
35714280752,37440
35714400272,38880
35714519792,37440
35714639312,38880
35714758832,37440
35814407720,38880
35814527240,37440
35814646760,38880
35814766280,37440
35814885800,38880
35815005320,37440
35815124840,38880
35815244360,37440
35815363880,38880
35815483400,37440
35815602268,78840
35917162172,79200
36119956820,80640
36321763212,82080
36422997304,83520
36523840740,84960
36624923216,86400
36725169052,87840
36826490568,89280
36927365448,90720
36934536648,92160
37035380084,93600
37234828172,72000
37336388728,73440
37336508248,74880
37336627768,73440
37336747288,74880
37336866808,73440
37336986328,74880
37337105848,73440
37337225368,74880
37337344888,73440
37337464408,74880
37337583928,73440
37337703448,74880
37337822968,73440
37337942488,74880
37338061356,78840
37438785272,79200
37542378320,24480
37642624808,25920
37642744328,27360
37642863848,25920
37642983368,27360
37643102888,25920
37643222408,27360
37643341928,25920
37643461448,27360
37742152872,25920
37742272392,27360
37742391912,25920
37742511432,27360
37742630952,25920
37742750472,27360
37742869992,25920
37742989512,27360
37743109032,25920
37743228552,27360
37743348072,25920
37743467592,27360
37743587112,25920
37743706632,27360
37743826152,25920
37743945672,27360
37744065192,25920
37744184712,27360
37744304232,25920
37843115828,27360
37843235348,25920
37843354868,27360
37843474388,25920
37843593908,27360
37843713428,25920
37843832948,27360
37843952468,25920
37844071988,27360
37844191508,25920
37844310376,77760
37944915424,10080
38049136864,11520
38049256384,12960
38049375904,11520
38049495424,12960
38151414540,11520
38151534060,12960
38151653580,11520
38151773100,12960
38151892620,11520
38152012140,12960
38152131660,11520
38152251180,12960
38152370700,11520
38251900068,12960
38252019588,11520
38252139108,12960
38252258628,11520
38252378148,12960
38252497668,11520
38252617188,12960
38252736708,11520
38352623984,12960
38352743504,11520
38352863024,12960
38352982544,11520
38353102064,12960
38353221584,11520
38353341104,12960
38353460624,11520
38453826632,12960
38453946152,11520
38454065672,12960
38454185192,11520
38454304712,12960
38454424232,11520
38454543752,12960
38454663272,11520
38556224480,12960
38556344000,11520
38556463520,12960
38556583040,11520
38556702560,12960
38556822080,11520
38556941600,12960
38557061120,11520
38656949048,12960
38657067916,76320
38760572236,74880
38883438796,73440
39002480716,72000
39117219916,70560
39217585272,72000
39318189668,73440
39418674544,74880
39523493584,76320
39830000800,30240
39930247288,31680
39930366808,33120
39930486328,31680
39930605848,33120
39930725368,31680
39930844888,33120
39930964408,31680
39931083928,33120
39931203448,31680
39931322968,33120
39931442488,31680
39931562008,33120
39931681528,31680
39931801048,33120
39931920568,31680
39932040088,33120
39932159608,31680
39932279128,33120
40030134564,31680
40030254084,33120
40030373604,31680
40030493124,33120
40030612644,31680
40030732164,33120
40030851684,31680
40030971204,33120
40031090724,31680
40031210244,33120
40031329764,31680
40031449284,33120
40031568804,31680
40031687672,69120
40131814640,67680
40231821436,69120
40331947752,70560
40432942152,72000
40536326952,73440
40855684392,72000
41057012704,73440
41157378060,74880
41261568708,76320
41467023588,77760
41572440880,66240
41881097500,67680
41981821416,69120
42083741836,70560
42508334160,21600
42608580648,23040
42608700168,24480
42608819688,23040
42608939208,24480
42609058728,23040
42609178248,24480
42609297768,23040
42609417288,24480
42609536808,23040
42609656328,24480
42609775848,23040
42609895368,24480
42708349056,23040
42708468576,24480
42708588096,23040
42708707616,24480
42708827136,23040
42708946656,24480
42709066176,23040
42709185696,24480
42709305216,23040
42709424736,24480
42709544256,23040
42709663776,24480
42709783296,23040
42709902816,24480
42710022336,23040
42710141856,24480
42710261376,23040
42808595544,24480
42808715064,23040
42808834584,24480
42808954104,23040
42809072972,66240
42911141096,64800
43327724928,66240
43428090936,67680
43528576464,69120
43631571912,70560
44256479756,67680
44256599276,67285
44256718796,67088
44256838316,66890
44256957836,66692
44257077356,66495
44257196876,66297
44257316396,66099
44257435916,63360
44457449508,64800
44559608316,66240
44662156476,67680
45595602724,1440
45695848560,2880
45797529940,4320
45797649460,2880
45899329536,4320
45899449056,2880
46001997216,4320
46002116736,2880
46107174816,4320
46107294336,2880
46221914016,4320
46222033536,2880
46331155296,4320
46331274816,2880
46435376736,4320
46435496256,2880
46535622572,4320
46535742092,2880
46635749540,4320
46635869060,2880
46695848560,1440
46736115548,2880
46736235068,3600
46836480904,4176
46836600424,4672
46937953384,5115
46938072904,5520
46938192424,5895
47042652904,6246
47042772424,6577
47042891944,6892
47043011464,7192
47149264744,7480
47149384264,7757
47149503784,8024
47149623304,8282
47249869140,8532
47249988660,8775
47250108180,9011
47250227700,9241
47250347220,9465
47350114976,9684
47350234496,9898
47350354016,10107
47350473536,10312
47350593056,10513
47350712576,10710
47551324420,11520
47751936264,12960
47859743304,14400
47969343144,15840
51191253464,7200
51296758832,8640
51296878352,10080
51398916988,8640
51399036508,10080
51399156028,8640
51399274896,11880
51900014360,1440
52001979164,2880
52104137320,4320
52104256840,2880
52205219796,4320
52205339316,2880
53001979164,1440
53102835884,2880
53305001488,3600
53405605884,4176
53510066364,4672
53618351484,5115
53728787964,5520
53834802204,5895
53935048040,6246
53935287080,6577
54035532916,6892
54035771956,7192
54136258136,7480
54136497176,7757
54237251884,8024
54339290520,8282
54443360996,8532
54547940996,8775
54652879556,9011
54759730436,9241
54760208516,9465
54863115236,9684
54967217156,9898
54967695236,10107
55068539324,10312
55168665640,11520
55372026444,12960
55474543160,14400
55577449880,15840
55785295160,17280
55993140440,18720
56093266756,20160
56194978276,21600
56300124432,23040
56401565468,24480
56604328020,25920
56804701476,27360
56906022992,28800
57006268828,30240
57008420188,31680
57110131708,33120
57211572744,34560
57312177140,36000
57413260268,37440
57514462916,38880
58229753720,40320
58755491408,34560
58755610928,33696
58755730448,33264
58755849968,32832
58755969488,30240
60492760684,1440
60596743084,2880
60702757324,4320
60702876844,2880
60803361720,4320
60803481240,2880
60903607556,4320
60903727076,2880
61003734524,4320
61003854044,2880
61103980360,4320
61104099880,2880
61204226196,4320
61204345716,2880
61305549668,4320
61305669188,2880
61405915024,4320
61406034544,2880
61506280380,4320
61506399900,2880
61596743084,1440
61607752208,2880
61607752208,3600
61810099568,4176
61920775088,4672
62030733488,5115
62141528528,5520
62249574608,5895
62357023088,6246
62357262128,6577
62458137008,6892
62458376048,7192
62558980444,7480
62559219484,7757
62659704360,8024
62760189236,8282
62861152844,8532
62965463012,8775
63071118692,9011
63178567172,9241
63179045252,9465
63282549572,9684
63382675888,9898
63383153968,10107
63483399804,10312
63584243892,11520
63786409496,12960
63888599096,14400
63994374296,15840
65857739128,1440
65962048644,2880
66065672484,4320
66065792004,2880
66172284324,4320
66172403844,2880
66276505764,4320
66276625284,2880
66380727204,4320
66380846724,2880
66482287108,11880
66583369584,12054
66886019412,12960
66886736532,14400
66988655648,15840
67091920928,17280
67197576608,18720
73781137016,15840
73781256536,14832
73781376056,14040
73781495576,12960
73881383504,14040
74083547804,14400
74513310280,15840
74613317076,17280
75118524468,1440
75220680668,2880
75322719304,4320
75322838824,2880
75426104104,4320
75426223624,2880
75531281704,4320
75531401224,2880
75638371624,4320
75638491144,2880
75739724584,4320
75739843452,14040
75840208808,14187
77270581516,1440
77371784164,2880
77475974160,4320
77476093680,2880
77580554160,4320
77580673680,2880
77681158556,4320
77681278076,2880
77781523260,12747
77881889920,12909
78191654316,12960
78192371436,14400
78298385676,15840
78399229112,17280
78499833508,18720
78600318384,20160
78703673044,21600
78905002660,23040
79109230896,24480
79213332816,25920
79322693616,27360
80755817240,1440
80858215740,2880
80959329660,4320
80959449180,2880
81068809980,4320
81068929500,2880
81171597180,4320
81171716700,2880
81274384380,4320
81274503900,2880
81375347336,4320
81375466856,2880
81476071252,4320
81476190772,2880
81580142380,4320
81580261900,2880
81684093988,4320
81684213508,2880
81786521976,20520
81891580056,20621
82214404228,10080
82314650716,11520
82314770236,12960
82314889756,11520
82315009276,12960
82414419124,11520
82414538644,12960
82414657512,19181
82616105344,20160
82821918784,21600
82922045100,23040
83022411108,24480
83123613104,25920
83223979764,27360
83324614300,28800
83426533416,30240
83633183496,31680
83950270708,14400
84051831264,15840
84051950784,17280
84052070304,15840
84052189824,17280
84052309344,15840
84052428864,17280
84052548384,15840
84052667904,17280
84151719192,15840
84151838712,17280
84151958232,15840
84152077100,23760
84252322936,24480
84253996216,25920
84355198212,27360
84456400208,28800
84556766216,30240
84660987656,31680
84767838536,33120
86525829116,1440
86628151828,2880
86730788064,4320
86730907584,2880
86833814304,4320
86833933824,2880
86939230944,4320
86939350464,2880
87045245184,4320
87045364704,2880
87151378944,4320
87151498464,2880
87258110304,4320
87258229824,2880
87366753984,4320
87366873504,2880
87475995264,4320
87476114784,2880
87584877984,4320
87584997504,2880
87628151828,1440
87686319020,2880
87686438540,3600
87886929560,4176
87987892516,4672
88089811632,5115
88195706352,5520
88301720592,5895
88407256752,6246
88407495792,6577
88507861800,6892
88508100840,7192
88608824756,7480
88609063796,7757
88710146272,8024
88812066692,8282
88913029648,8532
89016294928,8775
89122667728,9011
89222794044,9241
89223272124,9465
89323278920,9684
89423287020,9898
89423765100,10107
89523891416,10312
89628471416,11520
89836763984,12960
89943973424,14400
90054170864,15840
91054648944,1440
91357185200,2880
91458282572,4320
91560560248,5760
91663825528,7200
91664064568,8640
91769959288,10080
91770198328,11520
91877527288,12960
91990593208,14400
92289211452,15840
92293992252,17280
92395314420,18720
92498190348,20160
92605039272,21600
