1100144024,14400
1233968868,15840
1234685988,17280
1235287908,18720
1236005028,20160
1236606948,21600
1347356144,23040
1348312304,24480
1348551344,25920
1349387984,27360
1350344144,28800
1350583184,30240
1351419824,31680
1471386460,27360
1577488776,28800
1677615092,30240
1779175648,31680
1882768044,33120
1986001880,34560
2089713796,36000
2192947632,37440
2296659548,38880
2401239548,40320
2503070588,41760
2614224188,43200
3630622268,44640
3729195476,38880
3729314996,38030
3729434516,37604
3729554036,37179
3730629716,36753
3730749236,36328
3730868756,35902
3730988276,33480
3731107796,33120
3829441312,33480
3931240256,34560
4031487396,36000
4131255152,37440
4234758168,38880
4659023376,15840
4759269864,17280
4759389384,18720
4847117064,17280
4847236584,18720
4847356104,17280
4847475624,18720
4847595144,17280
4847714664,18720
4859038272,17280
4859157792,18720
4859277312,17280
4859396832,18720
4859516352,17280
4859635872,18720
4859755392,17280
4948438580,33480
5667832816,34560
5768228964,36000
5783527524,37440
5890467132,38880
6420445956,37440
6420565476,36869
6420684996,36584
6420804516,36298
6420924036,36013
6421043556,35727
6504318204,33480
6504437724,33120
6521647952,33480
7014695096,27360
7115180624,28800
7115300144,30240
7115419664,28800
7115538532,32040
7216771320,33120
7320841796,34560
7423987556,36000
7940641072,37440
8044623472,38880
9047252912,1440
9348529776,2880
9450103924,4320
9555879124,5760
9661295764,7200
9661534804,8640
9761541600,10080
9761780640,11520
9762019680,12960
9861788088,14400
9862027128,15840
9862266168,17280
9862505208,18720
9962034576,20160
9962512656,21600
9962751696,23040
9962990736,24480
9963229776,25920
10062161544,27360
10062400584,28800
10062639624,30240
10062878664,31680
10063117704,33120
10162765940,34560
10262892256,36000
10366038668,37440
10470738188,38880
11010459064,40320
11110824420,41760
11210950736,43200
11311196572,44640
11414103292,46080
11517368572,47520
12133575992,48960
12448002320,17280
12555331280,18720
12555450800,20160
12555570320,18720
12555689840,20160
12555809360,18720
12555928880,20160
12556048400,18720
12556167920,20160
12556287440,18720
12556406960,20160
12655457596,18720
12655577116,20160
12655696636,18720
12655816156,20160
12655935676,18720
12656055196,20160
12656174716,18720
12656294236,20160
12656413756,18720
12656533276,20160
12656652796,18720
12656771664,36720
12757376060,37440
12858099976,38880
12958823892,40320
13060146060,41760
13161229188,43200
13262431184,44640
13366772144,46080
13474818224,47520
13779531336,48960
13880854808,25920
13982056804,27360
13982176324,28800
13982295844,27360
13982415364,28800
13982534884,27360
13982654404,28800
13982773924,27360
13982893444,28800
13983012964,27360
13983132484,28800
13983252004,27360
13983371524,28800
13983491044,27360
13983610564,28800
13983730084,27360
14085321432,36720
14602900316,37440
14703385192,38880
14803511508,40320
14906388740,41760
15010371140,43200
15115787780,44640
15423010812,46080
15523615860,47520
15624938028,48960
15727455396,50400
16352633072,51840
16453954588,53280
16555516448,54720
16660304696,56160
17280072528,57600
17380199496,59040
17480206292,60480
17581200040,61920
17683119156,63360
17790448116,64800
17992134988,66240
18092261304,67680
18192867004,69120
18299448052,70560
18617579500,18720
18717825988,20160
18717945508,21600
18718065028,20160
18718184548,21600
18718304068,20160
18718423588,21600
18718543108,20160
18718662628,21600
18718782148,20160
18718901668,21600
18817594396,20160
18817713916,21600
18817833436,20160
18817952956,21600
18818072476,20160
18818191996,21600
18818311516,20160
18818431036,21600
18818550556,20160
18818670076,21600
18818789596,20160
18818909116,21600
18819028636,20160
18819148156,21600
18819267676,20160
18918826532,21600
18918946052,20160
18919065572,21600
18919185092,20160
18919304612,21600
18919424132,20160
18919543652,21600
18919663172,20160
18919782692,21600
18919902212,20160
18920021080,52920
19020387088,37440
19120633576,38880
19120753096,40320
19120872616,38880
19120992136,40320
19121111656,38880
19121231176,40320
19121350696,38880
19121470216,40320
19121589736,38880
19121708604,51480
19526428512,51840
19626914040,53280
19727040356,54720
19827286192,56160
19929595312,57600
20034533872,59040
20343014992,60480
20445412188,61920
20650684660,63360
20955875852,64800
20960895692,66240
22067029452,1440
22379215384,2880
22479506908,4320
22579752744,5760
22680985532,7200
22681224572,8640
22783143688,10080
22783382728,11520
22783621768,12960
22884943284,14400
22885182324,15840
22885421364,17280
22885660404,18720
22995260244,20160
22995499284,21600
22995738324,23040
22995977364,24480
22996216404,25920
22996455444,27360
23106652884,28800
23106891924,30240
23107130964,31680
23107370004,33120
23107609044,34560
23107848084,36000
23108087124,37440
23108326164,38880
23108565204,40320
23206899372,41760
23207138412,43200
23207377452,44640
23207616492,46080
23207855532,47520
23208094572,48960
23208333612,50400
23208572652,47520
24210006892,1440
24519770328,2880
24620016164,4320
24720262000,5760
24822975368,7200
24823214408,8640
24925731776,10080
24925970816,11520
24926209856,12960
25028279936,14400
25028518976,15840
25028758016,17280
25028997056,18720
25136689216,20160
25136928256,21600
25137167296,23040
25137406336,24480
25137884416,25920
25239205612,27360
25239444652,28800
25239683692,30240
25239922732,31680
25240161772,33120
25240400812,34560
25240639852,33120
25341602808,34560
25441849296,36000
25543290984,37440
25650618640,38880
26255354748,1440
26359217628,2880
26460658664,4320
26460778184,2880
26561860660,4320
26561980180,2880
26664257856,4320
26664377376,2880
26765698892,4320
26765818412,2880
26869052248,4320
26869171768,2880
26970405208,4320
26970524728,2880
27070532176,4320
27070651696,2880
27170659144,4320
27170778664,2880
27270786112,4320
27270905632,2880
27359217628,1440
27370913080,2880
27371032600,3600
27471279088,4176
27471398608,4672
27582788640,5115
27582908160,5520
27684229024,5895
27785670060,6246
27785909100,6577
27888425816,6892
27888664856,7192
27992018212,7480
27992257252,7757
28097195812,8024
28198039248,8282
28300077884,8532
28401399400,8775
28502362356,9011
28604671476,9241
28605149556,9465
28708892916,9684
28810245876,9898
28810723956,10107
28912076916,10312
29014115552,11520
29224231712,12960
29332397312,14400
30001231232,15840
34988649644,1440
35092481080,2880
35196343960,4320
35196463480,2880
35301880120,4320
35301999640,2880
35402755000,4320
35402874520,2880
35503390840,4320
35503510360,2880
35606504504,11880
35710814020,12054
36016244904,12960
36016962024,14400
36118403060,15840
36218648896,17280
36320089932,18720
36421204504,20160
36522047940,21600
36622891376,23040
36723137212,24480
36724810492,25920
36826012488,27360
36926648328,28800
37027252724,30240
37128366644,31680
37233273760,33120
37334356236,34560
37434602072,36000
37537478000,37440
37638679344,38880
37739164220,40320
37839649096,41760
37941599656,43200
38046746464,27360
38149382700,28800
38149502220,30240
38149621740,28800
38149741260,30240
38149860780,28800
38149980300,30240
38150099820,28800
38150219340,30240
38150338860,28800
38150458380,30240
38150577248,32400
38250823736,33120
38351189092,34560
38452272220,36000
38554311508,37440
38654916556,38880
38758062316,40320
38874952876,41760
38993636236,40320
39102638476,38880
39302891108,40320
39403136944,41760
39507597424,43200
39612416464,44640
39718399260,46080
40223487132,1440
40325047688,2880
40426249684,4320
40426369204,2880
40529754004,4320
40529873524,2880
40636007284,4320
40636126804,2880
40745726644,4320
40745846164,2880
40849230964,4320
40849350484,2880
40949715840,4320
40949835360,2880
41050439756,4320
41050559276,2880
41150924632,4320
41151044152,2880
41254995760,4320
41255115280,2880
41325047688,1440
41356229200,2880
41356348720,3600
41460570160,4176
41460689680,4672
41564911120,5115
41565030640,5520
41565150160,5895
41670327760,6246
41670447280,6577
41670566800,6892
41670686320,7192
41872731100,7480
41872970140,7757
41973694056,8024
42075614476,8282
42179326392,8532
42286177272,8775
42392071992,9011
42499042392,9241
42499520472,9465
42599766960,9684
42700729916,9898
42701207996,10107
42801334312,10312
42904328456,11520
43220546932,12960
43320553728,14400
43420680696,15840
43520927184,17280
43623564072,18720
43729219752,20160
44046425832,21600
44147986388,23040
44656181128,1440
44761239208,2880
44867253448,4320
44867372968,2880
44974223848,4320
44974343368,2880
45080357608,4320
45080477128,2880
45187208488,4320
45187328008,2880
45288769044,4320
45288888564,2880
45389612480,4320
45389732000,2880
45489977836,4320
45490096704,17280
45590223672,17400
45691426972,18720
45792628968,20160
45894189524,21600
45996140084,23040
46101198164,24480
48677330288,1440
48777457256,2880
48877584224,4320
48877703744,2880
48982772808,4320
48982892328,2880
49090699368,4320
49090818888,2880
49199223528,4320
49199343048,2880
49309062408,4320
49309181928,2880
49418781768,4320
49418901288,2880
49527903528,4320
49528023048,2880
49636905116,18360
49745070716,18472
50170649992,18720
50272361512,20160
50376312468,21600
50478948704,23040
50680158800,24480
50782228880,25920
50884418480,27360
50984783836,28800
51085388232,30240
51186113452,31680
51291140740,33120
51896354928,1440
51998871644,2880
52100790760,4320
52100910280,2880
52201753716,4320
52201873236,2880
52998871644,1440
53099608844,2880
53199974852,3600
53200094372,4176
53301297020,4672
53301416540,5115
53401662376,5520
53401781896,5895
53401901416,6246
53505764296,6577
53505883816,6892
53506003336,7192
53506122856,7480
53613929896,7757
53614049416,8024
53614168936,8282
53614288456,8532
53723290044,8775
53829304284,9011
53929430600,9241
53929908680,9465
54030034996,9684
54130401656,9898
54130879736,10107
54231753964,10312
54333792600,11520
54437624036,12960
54646664516,14400
55754471556,1440
56057246200,2880
56159002756,4320
56260085232,5760
56360809148,7200
56361048188,8640
57361048188,1440
57662382988,2880
57766889156,4320
57867134992,5760
57967381480,7200
57967620520,7488
58067985876,7764
58168231712,8031
58268836760,8289
58370038756,8539
58475216356,8781
58582306276,9017
58691308516,9246
58691786596,9470
58798278916,9688
58898675716,9902
58899153796,10111
58999161244,10316
59099915952,11520
59302321248,12960
59403881804,14400
59509387172,15840
59716634852,17280
60031180048,18720
60131784444,20160
60231910760,21600
60331917556,23040
60432043872,24480
60534592032,25920
60639172032,27360
66290544548,1440
68393967508,2880
68496364704,3600
68496484224,4176
68597686220,4672
68597805740,5115
68698410136,5520
68698529656,5895
68698649176,6246
68799373744,6577
68799493264,6892
68799612784,7192
68799732304,7480
68901921904,7757
68902041424,8024
68902160944,8282
68902280464,8532
68902399984,8775
69005633168,9011
69106118044,9241
69106596124,9465
69207917640,9684
69310435660,9898
69310913740,10107
69412504436,10312
69516695084,11520
70717053644,1440
70817421340,2880
70918743508,4320
70918863028,5760
71019467424,7200
71019586944,8640
71019706464,8880
71019825332,9113
71120907808,9340
71223216928,9562
71329470208,9778
71329948288,9990
71436918688,10197
71543291488,10400
71645839648,11520
71850785004,12960
71952345560,14400
72055460528,15840
72262318856,17280
72470013172,18720
73470252212,1440
73772278292,2880
73873375012,4320
73973859888,5760
74074942364,7200
74075181404,8640
74179251880,10080
74179729960,11520
74285385640,12960
74285624680,14400
74393431720,15840
74501358280,17280
74601484596,18720
74703077248,20160
74904763468,21600
75006921624,23040
75110755016,24480
75212552656,25920
75314471772,27360
75522675612,28800
75732911292,30240
75832918088,31680
75933044404,33120
76033290892,34560
76134133676,36000
76234857592,37440
76336179108,38880
76437651588,40320
76541992548,41760
77165075496,43200
77367002712,44640
77470714628,46080
77575055588,47520
77775308220,48960
77875555360,50400
77977953208,51840
78079185996,53280
78083249676,54720
78187590636,56160
78393850712,57600
78494216068,59040
78594342384,60480
78697218964,61920
78797345932,63360
78897831460,64800
78997957776,66240
79099430256,67680
79203293136,69120
79522890268,23040
79623614184,24480
79623733704,25920
79623853224,24480
79623972744,25920
79624092264,24480
79624211784,25920
79624331304,24480
79624450824,25920
79624570344,24480
79624689864,25920
79624809384,24480
79624928904,25920
79625048424,24480
79625167944,25920
79724338100,24480
79724457620,25920
79724577140,24480
79724696660,25920
79724816180,24480
79724935700,25920
79725055220,24480
79725174740,25920
79725294260,24480
79725413780,25920
79725533300,24480
79725652820,25920
79725772340,24480
79725891860,25920
79726011380,24480
79726130900,25920
79726250420,24480
79726369288,51840
79929014276,53280
80033713796,54720
80343478192,56160
80448027400,57600
80550544116,59040
80751513868,60480
80853792848,61920
81064028528,63360
81374988124,64800
81475353480,66240
81579305088,67680
82209145348,64800
82209264868,64036
82209384388,63654
82209503908,63272
82209623428,62890
82209742948,62508
82209862468,62126
82209981988,61744
82210101508,61362
82210221028,60980
82210340548,60598
82210460068,60216
82210579588,59834
82210699108,59452
82210818628,59070
82210938148,58688
82211057668,58306
82211177188,57924
82211296708,57542
82211416228,57160
82211535748,56778
82211655268,56396
82211774788,56014
82211894308,55632
82212013828,55249
82212133348,54867
82212252868,54485
82212372388,51840
82510480456,53280
82611802624,54720
82712557984,56160
82716860704,57600
82820245504,59040
82920252300,60480
83020618308,61920
83121581264,63360
83221947924,64800
83322343420,66240
83424262536,67680
83526213096,69120
83630673576,70560
84149089100,72000
84249454456,73440
84350297892,74880
84451619408,76320
84551746376,77760
84655967816,79200
84989667656,77760
85097713736,76320
85300029652,77760
85503031244,79200
85603039344,80640
85704002952,82080
85810463176,83520
86117088608,84960
86211240228,23040
86312322704,24480
86312442224,25920
86312561744,24480
86312681264,25920
86318537744,24480
86318657264,25920
86318776784,24480
86318896304,25920
86319015824,24480
86319135344,25920
86319254864,24480
86319852464,25920
86319971984,24480
86412329500,25920
86412449020,24480
86412568540,25920
86412688060,24480
86412807580,25920
86412927100,24480
86413046620,25920
86413166140,24480
86413285660,25920
86419142140,24480
86419261660,25920
86419381180,24480
86419500700,25920
86419620220,24480
86419739740,25920
86420337340,24480
86420456860,25920
86514607176,24480
86514726696,25920
86514846216,24480
86514965736,25920
86515085256,24480
86515204776,25920
86515324296,24480
86515443816,25920
86515563336,24480
86515682856,25920
86521658856,24480
86521778376,25920
86521897244,63720
87683927968,64800
87783934764,66240
87884061080,67680
87984426436,69120
88086106512,70560
88604641556,72000
88705604512,73440
88807285892,74880
88908129328,76320
89011036048,77760
89216221096,60480
89316348064,61920
89316467584,63360
89316587104,61920
89316706624,63360
89316826144,61920
89316945664,63360
89317065184,61920
89317184704,63360
89317304224,61920
89317423744,63360
89317543264,61920
89317662132,63720
89417789100,64800
89517795896,66240
89622375896,67680
89829712304,69120
90264407196,43200
90364892072,44640
90365011592,46080
90365131112,44640
90365250632,46080
90365370152,44640
90365489672,46080
90365609192,44640
90365728712,46080
90365848232,44640
90365967752,46080
90366087272,44640
90366206792,46080
90366326312,44640
90366445832,46080
90366565352,44640
90366684872,46080
90366804392,44640
90366923260,63720
90467647176,64800
90568012532,66240
90668857272,67680
90769373592,69120
90873355992,70560
91385525684,72000
91486967372,73440
91589723128,74880
91907886020,70560
91908005540,70040
91908125060,69780
91908244580,69520
91908364100,69260
91908483620,69000
91908603140,68740
91908722660,68480
91908842180,68220
91908961700,67960
91909081220,67700
91909200740,67440
91909320260,67180
91909439780,66920
91909559300,66660
91909678820,66400
91909798340,66140
91909917860,63720
91910037380,63360
92016171140,63720
92217769284,64800
92318015120,66240
92418380476,67680
92518745832,69120
92625596712,70560
92846350804,18720
92952723604,20160
92952843124,21600
92952962644,20160
92953082164,21600
92954277364,20160
92954396884,21600
92954516404,20160
92954635924,21600
92954755444,20160
92954874964,21600
93052610880,20160
93052730400,21600
93052849920,20160
93052969440,21600
93053088960,20160
93053208480,21600
93053328000,20160
93053447520,21600
93053567040,20160
93054881760,21600
93055001280,20160
93055120800,21600
93055240320,20160
93055359840,21600
93055479360,20160
93152976236,21600
93153095756,20160
93153215276,21600
93153334796,20160
93153454316,21600
93153573836,20160
93153693356,21600
93153812876,20160
93155127596,21600
93155247116,20160
93155365984,63720
93256090552,61920
93458136636,63360
93559728636,64800
93878010396,63360
94078860628,64800
94179585196,66240
94281265924,67680
94382466616,69120
94484027172,70560
94902435248,72000
95002561564,73440
95102808052,74880
95203054540,76320
95305841088,77760
95510397744,79200
95714984540,80640
95815230376,82080
95915356692,83520
96015603832,84960
96115730148,86400
96216962936,87840
96321990224,89280
96734480236,72000
96734599756,71213
96734719276,70819
96734838796,70425
96734958316,70032
96735077836,69638
96735197356,69244
96735316876,68850
96735436396,66960
96735555916,66240
96837714072,66960
97042507812,67680
97145892612,69120
97555393320,70560
97655639156,72000
97756841804,73440
97762578764,74880
97863063640,76320
97965102276,77760
98382554844,79200
98482681160,80640
98584034120,82080
98688494600,83520
98789370132,72000
98789489652,71352
98789609172,71028
98789728692,70704
98789848212,70380
98789967732,70056
98790087252,69732
98790206772,69408
98790326292,69084
98790445812,66960
98790565332,66240
98895862452,66960
99414547156,67680
99516585792,69120
99619133952,70560
