1100051224,14400
1209978468,15840
1210695588,17280
1211297508,18720
1212014628,20160
1212616548,21600
1313890544,23040
1314846704,24480
1315085744,25920
1315922384,27360
1316878544,28800
1317117584,30240
1317954224,31680
1421188060,30240
1527290376,31680
1627536212,33120
1729455328,34560
1829701164,36000
1931261720,37440
2031627076,38880
2133426672,40320
2233792028,41760
2336937788,43200
2442473948,44640
3104614748,43200
3667673468,44640
3767680264,46080
3867926100,47520
3968291456,48960
4068896504,50400
4170097848,51840
4273960728,53280
4782814000,54720
4797754652,43200
4797874172,42372
4797993692,41040
4798113212,40320
4898001140,41040
5082507924,41760
5187212084,43200
5295860084,44640
5700222084,46080
5822938332,47520
5924291292,48960
6030425052,50400
6223777620,37440
6325338828,38880
6325458348,40320
6327729228,38880
6327848748,40320
6327968268,38880
6328087788,40320
6328207308,38880
6328326828,40320
6328445696,41040
6430724024,41760
6531807152,43200
6635789552,44640
6942654676,36000
7043020684,37440
7043140204,38880
7043259724,37440
7043379244,38880
7043498764,37440
7043617632,41040
7144342200,41760
7244468516,43200
7345462916,44640
7448847716,46080
7555698596,47520
7966218352,48960
8183235228,50400
8282884116,34560
8383130604,36000
8383250124,37440
8383369644,36000
8383489164,37440
8383608684,36000
8383728204,37440
8383847724,36000
8478028832,37440
8478148352,36000
8478267872,37440
8478386740,41040
8581620576,41760
8684974584,43200
8788239864,44640
9095104336,46080
9195589212,47520
9199174812,48960
9299659688,50400
9399905524,51840
9503409844,53280
9923101196,54720
10024183672,56160
10125266148,57600
10225990064,59040
10326477548,60480
10429862348,61920
10759737548,60480
10866110348,59040
10968149636,23040
11068514992,24480
11068634512,25920
11068993072,24480
11069112592,25920
11069232112,24480
11069351632,25920
11069471152,24480
11069590672,25920
11069710192,24480
11069829712,25920
11069949232,24480
11070068752,25920
11070188272,24480
11070307792,25920
11168521788,24480
11168641308,25920
11168760828,24480
11168880348,25920
11168999868,24480
11169119388,25920
11169597468,24480
11169716988,25920
11169836508,24480
11169956028,25920
11170074896,46440
11371554172,47520
11478405052,48960
11786464724,50400
11887427680,51840
11988032076,53280
11996996076,54720
12098078552,56160
12198921988,57600
12303980068,59040
12711959112,53280
12712078632,52560
12717217992,52200
12717337512,51840
12717457032,51480
12717576552,51120
12717696072,50760
12717815592,50400
12717935112,50040
12718054632,49680
12718174152,49320
12718293672,48960
12718771752,48600
12718891272,46440
12719010792,46080
12812205600,46440
12918068876,47520
13018195192,48960
13118441028,50400
13212861828,51840
13315737104,53280
13832120136,54720
13937864544,56160
14458910160,44640
14559276168,46080
14559395688,46440
14660597684,47520
14760604480,48960
14862883460,50400
15070848260,51840
15375800412,53280
15476167072,54720
15576890988,56160
15585018348,57600
15685503224,59040
15785303076,60480
16203145648,34560
16303661968,36000
16303781488,37440
16303901008,36000
16304020528,37440
16304140048,36000
16304259568,37440
16304379088,36000
16304498608,37440
16304618128,36000
16304737648,37440
16304857168,36000
16304976688,37440
16305096208,36000
16305215728,37440
16305335248,36000
16305454768,37440
16305574288,36000
16305693156,46440
16406178032,47520
16507140988,48960
16609778528,50400
17238153104,44640
17340072220,46080
17340191740,46440
17542236520,47520
17643438516,48960
17748138036,50400
17949466348,51840
18049593316,53280
18053656996,54720
18154142524,56160
18256181812,57600
18362435092,59040
18780931244,60480
18881416120,61920
18979990632,54720
18980110152,53904
18980229672,53496
18980349192,53088
18980468712,52680
18980588232,52272
18980707752,51864
18980827272,51456
18980946792,51048
18981066312,50640
18981185832,50232
18981305352,49824
18981424872,49416
18981544392,49008
18981663912,48600
18981783432,46440
18981902952,46080
19082537488,46440
19184216912,47520
20187085392,1440
20487916272,2880
20589252684,4320
20691411492,5760
20791657328,7200
20791896368,8640
20893725452,10080
20893964492,11520
20894203532,12960
20997229772,14400
20997468812,15840
20997707852,17280
20997946892,18720
21104200172,20160
21104439212,21600
21104678252,23040
21104917292,24480
21105395372,25920
21207106892,27360
21207345932,28800
21207584972,30240
21207824012,31680
21208063052,33120
21208302092,34560
21208541132,36000
21208780172,37440
21209019212,38880
21307352728,40320
21307591768,41760
21307830808,43200
21308069848,44640
21308308888,46080
21309265048,47520
21409870096,48960
21510475144,50400
21610960020,51840
21711086336,53280
21811603308,54720
21916510424,56160
22249015716,7200
22355388516,8640
22355508036,10080
22455275792,8640
22455395312,10080
22455514832,8640
22455634352,10080
22455753872,8640
22455873392,10080
22455992912,8640
22555880188,10080
22555999708,8640
22556119228,10080
22556238748,8640
22556358268,10080
22556477788,8640
22657918824,10080
22658038344,8640
22658157864,10080
22658277384,8640
22658396904,10080
22658516424,8640
22759240340,10080
22759359860,8640
22759479380,10080
22759598900,8640
22759718420,10080
22759837940,8640
22860681376,10080
22860800896,8640
22860920416,10080
22861039936,8640
22861159456,10080
22861278976,8640
22967053524,46080
23075219124,44640
24078804724,1440
24387820248,2880
24492835288,4320
24593081124,5760
24693207440,7200
24693446480,8640
24795246728,10080
24795485768,11520
24795724808,12960
24896807936,14400
24897046976,15840
24897286016,17280
24897525056,18720
24998041376,20160
24998280416,21600
24998519456,23040
24998997536,24480
24999236576,25920
25105489856,27360
25105728896,28800
25105967936,30240
25106206976,31680
25106446016,28800
25307774328,30240
25408294968,31680
25509377444,33120
25610459920,34560
25719940240,36000
26722091600,1440
27023394956,2880
27124913124,4320
27225637040,5760
27327795196,7200
27328034236,8640
27429714312,10080
27429953352,11520
27430192392,12960
27531513908,14400
27531752948,15840
27531991988,17280
27532231028,18720
27644938388,20160
27645177428,21600
27645416468,23040
27645655508,24480
27645894548,25920
27748411264,24480
27851645100,25920
28060144612,27360
28160390448,28800
28261592444,30240
28361599240,31680
28461725556,33120
28562600436,34560
28665268116,36000
31234703472,23040
31336862280,24480
31336981800,25920
31340925960,24480
31341045480,25920
31435107720,24480
31435227240,25920
31435346760,24480
31435466280,25920
31435585148,27000
31536906664,27360
31636913460,28800
31737039776,30240
31838122252,31680
31938488912,33120
31945779632,34560
32047340188,36000
32143641864,37440
32245831464,38880
33194966276,40320
33398835300,41760
33502937220,43200
33813777296,44640
33913904264,46080
34014390444,18720
34115592440,20160
34115711960,21600
34115831480,20160
34115951000,21600
34116070520,20160
34116190040,21600
34116309560,20160
34116429080,21600
34116548600,20160
34116668120,21600
34116787640,20160
34216556700,21600
34216676220,20160
34216795740,21600
34216915260,20160
34217034780,21600
34217154300,20160
34217273820,21600
34217392688,34560
34320417624,36000
34430734584,37440
34736762416,38880
34739630896,40320
34839876732,41760
34941558112,43200
35041923468,44640
35144471628,46080
35249529708,47520
35557381784,48960
35658345392,50400
35757994932,43200
35758114452,42364
35758233972,41945
35758353492,41527
35758473012,41109
35758592532,40690
35758712052,40272
35758831572,37800
35758951092,37440
35861857160,37800
36965209864,1440
37267650484,2880
37369256076,4320
37470936152,5760
37571421028,7200
37571660068,8640
37672504156,10080
37672743196,11520
37672982236,12960
37774064060,14400
37774303100,15840
37774542140,17280
37774781180,18720
37875983176,20160
37876222216,21600
37876461256,23040
37876700296,24480
37876939336,25920
37877178376,27360
37977065652,28800
37977304692,30240
37977543732,31680
37977782772,33120
37978021812,34560
37978260852,36000
37978499892,37440
38079104940,7200
38179351428,8640
38179470948,10080
38279119836,8640
38279239356,10080
38279358876,8640
38279478396,10080
38279597916,8640
38279717436,10080
38279836956,8640
38379366324,10080
38379485844,8640
38379605364,10080
38379724884,8640
38379844404,10080
38379963924,8640
38479493292,10080
38479612812,8640
38479732332,10080
38479851852,8640
38479971372,10080
38480090240,36000
39415209116,1440
39520147676,2880
39625086236,4320
39625205756,2880
39727483432,4320
39727602952,2880
39827610400,4320
39827729920,2880
39927737368,4320
39927856888,2880
40027864336,4320
40027983856,2880
40127991304,4320
40128110824,2880
40228118272,4320
40228237792,2880
40328245240,4320
40328364760,2880
40429715764,4320
40429835284,2880
40520147676,1440
40533220084,2880
40533339604,3600
40639831924,4176
40639951444,4672
40749550632,5115
40852935432,5520
40953300788,5895
41054024704,6246
41054263744,6577
41154629100,6892
41154868140,7192
41258700228,7480
41258939268,7757
41360172708,8024
41464394148,8282
41568854628,8532
41674390788,8775
41775353744,9011
41876555740,9241
41877033820,9465
41977638216,9684
42079319596,9898
42079797676,10107
42183270552,10312
42290001912,11520
42604069680,12960
42704435036,14400
42804680872,15840
42907555496,17280
43014764936,18720
44253133196,15840
44253252716,14832
44253372236,14040
44253491756,12960
44353379684,14040
44553632316,14400
44762433756,15840
44868328476,17280
44975179356,18720
46629804984,10080
46731245368,11520
46731364888,12960
46731484408,11520
46731603928,12960
46832208324,11520
46832327192,14040
48678286448,1440
48778413416,2880
48878540384,4320
48878659904,2880
48983011848,4320
48983131368,2880
49090938408,4320
49091057928,2880
49199461916,12600
49309300796,12764
49746983036,12960
49855626716,14400
50173518472,15840
50275349512,17280
50379300468,18720
50580987340,20160
50785694960,21600
50887765040,23040
50988369436,24480
51088973832,25920
51189938092,27360
51294965380,28800
51397362576,30240
52398796816,1440
52700490176,2880
52806280272,4320
52908796988,5760
53008923304,7200
53009162344,8640
53110364992,10080
53110604032,11520
53110843072,12960
53211448120,14400
53211687160,15840
53212165240,17280
53312531248,18720
53312770288,20160
53313009328,21600
53313248368,23040
53414569884,24480
53518910844,25920
53627315484,27360
54452803728,1440
54557383728,2880
54662561328,4320
54662680848,2880
54769651248,4320
54769770768,2880
54872797008,4320
54872916528,2880
54977257488,4320
54977377008,2880
55078340616,4320
55078460136,2880
55178705972,4320
55178825492,2880
55279310368,4320
55279429888,2880
55382186296,4320
55382305816,2880
55485060920,22680
55588445720,22771
56003897892,2880
56104382768,4320
56104502288,5760
56204748124,4320
56204867644,5760
56204987164,4320
56205106684,5760
56308611004,4320
56308730524,5760
56308850044,4320
56308969564,5760
56410649640,4320
56410769160,5760
56410888028,21331
56514241384,21428
56616040980,21600
56716047776,23040
56816294916,24480
56917855472,25920
57018579388,27360
57120171388,28800
57222090504,30240
57322694900,31680
57424375628,33120
57525817316,34560
57634700036,36000
58343776452,1440
58447727408,2880
58554100208,4320
58554219728,2880
58662863408,4320
58662982928,2880
58769833808,4320
58769953328,2880
58876326128,4320
58876445648,2880
58976842448,4320
58976961968,2880
59077446844,4320
59077566364,2880
59177812200,4320
59177931720,2880
59278776460,4320
59278895980,2880
59379619896,4320
59379739416,2880
59447727408,1440
59481300624,2880
59481420144,3600
59583131664,4176
59583251184,4672
59688428132,5115
59794920452,5520
59901173732,5895
60001300048,6246
60001539088,6577
60101665404,6892
60101904444,7192
60202030760,7480
60202269800,7757
60302516940,8024
60402643256,8282
60504831552,8532
60608813952,8775
60715425792,9011
60815671628,9241
60816149708,9465
60916156504,9684
61016163300,9898
61016641380,10107
61117007388,10312
61217133704,11520
61420137252,12960
61520502608,14400
61622094608,15840
61839501488,17280
62383437008,18720
62484431408,20160
62587067644,21600
62791025396,23040
62999167652,24480
63104703812,25920
63208566692,27360
64209283812,1440
64509636612,2880
64610255904,4320
64711339032,5760
64815529028,7200
64815768068,8640
64919272388,10080
64919511428,11520
64919750468,12960
65028633188,14400
65029111268,15840
65029350308,17280
65143491908,18720
65143730948,17280
65355639908,18720
66355639908,1440
66656351268,2880
66757806548,4320
66858410292,5760
66959731808,7200
66959970848,8640
67061801888,10080
67062279968,11520
67167218528,12960
67167457568,14400
67167696608,15840
67273232768,17280
67380681248,18720
68009772292,12960
68110018780,14400
68110138300,15840
68110257820,14400
68110376688,15840
68412461664,10080
68514053664,11520
68514173184,12960
68514292704,11520
68514411572,14400
68715859404,15840
68817779172,17280
68920327332,18720
69125360764,20160
69327406196,21600
69427533164,23040
69530320364,24480
69633585644,25920
69739121804,27360
69942840516,28800
70143571880,30240
70244655008,31680
70347681248,33120
70959858388,1440
71062255584,2880
71164413740,4320
71164533260,2880
71267918060,4320
71268037580,2880
71375007980,4320
71375127500,2880
71482456460,4320
71482575980,2880
71589426860,4320
71589546380,2880
71692094540,4320
71692214060,2880
71792698936,4320
71792818456,2880
71893184464,4320
71893303984,2880
71994267592,4320
71994387112,2880
72062255584,1440
72095978460,2880
72096097980,3600
72306182696,4176
72413392136,4672
72514833172,5115
72616752288,5520
72716998124,5895
72817483652,6246
72817722692,6577
72917968528,6892
72918207568,7192
73018573576,7480
73018812616,7757
73119058452,8024
73221845652,8282
73327740372,8532
73438893972,8775
73541203092,9011
74541442132,1440
74841762836,2880
74942261304,3600
75044540936,4176
75145262896,4672
75245867292,5115
75347459292,5520
75451441692,5895
75556858332,6246
75557097372,6577
76557097372,1440
76864022468,2880
76965660156,3600
77066383420,4176
77167824456,4672
77268788064,5115
77369990712,5520
77474061188,5895
77578521668,6246
77578760708,6577
77679126064,6892
77679365104,7192
77779371900,7480
77779610940,7757
77879858080,8024
77982494968,8282
78083847276,8532
78188427276,8775
78294202476,9011
78394926392,9241
78395404472,9465
78495650308,9684
78595896144,9898
78596374224,10107
78699131284,10312
78799497292,11520
79001184816,12960
79102537776,14400
79206759216,15840
79819206188,1440
79921604688,2880
80026423728,4320
80026543248,2880
80134708848,4320
80134828368,2880
80234954684,4320
80235074204,2880
80336666204,4320
80336785724,2880
80441453800,11880
80543492436,12054
80744940268,12960
80846741168,14400
80947616048,15840
81559704460,1440
81662938948,2880
81765248068,4320
81765367588,2880
81870186628,4320
81870306148,2880
81977874148,4320
81977993668,2880
82086159268,4320
82086278788,2880
82195280376,11880
82295645732,12054
82496735656,12960
82598057824,14400
82698813184,15840
82802437024,17280
83308001672,1440
83409562228,2880
83511512788,4320
83511632308,2880
83615614708,4320
83615734228,2880
83721031348,4320
83721150868,2880
83828957908,4320
83829077428,2880
83931147508,4320
83931266376,12960
84031631732,13120
88387297564,10080
88487902612,11520
88488021480,11680
88789955492,12960
88790672612,14400
88890918448,15840
88992869008,17280
89098763728,18720
97134538864,1440
97240075024,2880
97342113660,4320
97342233180,2880
97443674216,4320
97443793736,2880
97544159092,4320
97544278612,2880
97644404928,4320
97644524448,2880
97745009976,4320
97745129496,2880
97845374680,14040
97946218116,14187
