0.000 0.000 0.000 0.000 0.000 0.000 0.000 0.000 0.000 0.000 0.000 0.000 0.000 0.000 0.000 0.000 0.000 0.000 0.000 0.000 0.000 0.000 0.000 0.000 0.000 0.000 0.000 0.000 0.000 0.000 0.000 0.000 0.000 0.000 0.000 0.000 0.000 0.000 0.000 0.000 0.000
27680832.000 27680832.000 27680832.000 27680832.000 27680832.000 27680832.000 33453648.000 23939856.000 25708752.000 23521536.000 23521536.000 23521536.000 23521536.000 23521536.000 22302432.000 22362192.000 22362192.000 22290480.000 22254624.000 22218768.000 22170960.000 22170960.000 22170960.000 22170960.000 22170960.000 22170960.000 22170960.000 21991680.000 21991680.000 21991680.000 21991680.000 21991680.000 29306304.000 29306304.000 29306304.000 29127024.000 27931824.000 27931824.000 27931824.000 27931824.000 994513968.000
22206816.000 22206816.000 22206816.000 22206816.000 22206816.000 22206816.000 22194864.000 21955824.000 24214752.000 31565232.000 31565232.000 31565232.000 31565232.000 31565232.000 21657024.000 21860208.000 21848256.000 21919968.000 21955824.000 21991680.000 22039488.000 22051440.000 22051440.000 27716688.000 27716688.000 27716688.000 27417888.000 22206816.000 22087296.000 22087296.000 22087296.000 22087296.000 27752544.000 27752544.000 27752544.000 33107040.000 26425872.000 26425872.000 26425872.000 26425872.000 999999936.000
22541472.000 22541472.000 22541472.000 22541472.000 22541472.000 22541472.000 22541472.000 22684896.000 22684896.000 23449824.000 23449824.000 23449824.000 23449824.000 23449824.000 22900032.000 22720752.000 22649040.000 22517568.000 22505616.000 22505616.000 22505616.000 22398048.000 22398048.000 22696848.000 22529520.000 22529520.000 22708800.000 22254624.000 28015488.000 28015488.000 28015488.000 22541472.000 32593104.000 32593104.000 32593104.000 34338096.000 31266432.000 31266432.000 31266432.000 31266432.000 999999936.000
26174880.000 25899984.000 25899984.000 25899984.000 25899984.000 25899984.000 22708800.000 22708800.000 22672944.000 22708800.000 22708800.000 22696848.000 22696848.000 22696848.000 22696848.000 22923936.000 22756608.000 22888080.000 22923936.000 22923936.000 22923936.000 32294304.000 23115168.000 22911984.000 23055408.000 23055408.000 22911984.000 23019552.000 29413872.000 29378016.000 29378016.000 23055408.000 34505424.000 34505424.000 34505424.000 33358032.000 21083328.000 21083328.000 21047472.000 21011616.000 999999936.000
29031408.000 29246544.000 24621120.000 24621120.000 24621120.000 24621120.000 22159008.000 25720704.000 22159008.000 22159008.000 22159008.000 22159008.000 22159008.000 22159008.000 22159008.000 25553376.000 22135104.000 22015584.000 21884112.000 21896064.000 21896064.000 28230624.000 27513504.000 27513504.000 27513504.000 27513504.000 27513504.000 27513504.000 29234592.000 22099248.000 22003632.000 21812400.000 35354016.000 35354016.000 35354016.000 21501648.000 22182912.000 22182912.000 22218768.000 22254624.000 999999936.000
22923936.000 22923936.000 21657024.000 21621168.000 21621168.000 21621168.000 24429888.000 28206720.000 24429888.000 24429888.000 24429888.000 24429888.000 24429888.000 24429888.000 24429888.000 23880096.000 24441840.000 24561360.000 30848112.000 30848112.000 27405936.000 24095232.000 21896064.000 21896064.000 21896064.000 21967776.000 21967776.000 21967776.000 29987568.000 22051440.000 22039488.000 22147056.000 37110960.000 37110960.000 37110960.000 24047424.000 23808384.000 23641056.000 23629104.000 23629104.000 999999936.000
21095280.000 21095280.000 28696752.000 21083328.000 21083328.000 26354160.000 23115168.000 22099248.000 23115168.000 23115168.000 23115168.000 23115168.000 23115168.000 22923936.000 22876128.000 20760624.000 22876128.000 22876128.000 23306400.000 23306400.000 21190896.000 26234640.000 20736720.000 20736720.000 20736720.000 30178800.000 30178800.000 29975616.000 25015536.000 22911984.000 20724768.000 20569392.000 42178608.000 42178608.000 42262272.000 25099200.000 24860160.000 25027488.000 25039440.000 25039440.000 999999936.000
20402064.000 20246688.000 24059376.000 23904000.000 23904000.000 20246688.000 23904000.000 23939856.000 23904000.000 23904000.000 23748624.000 23748624.000 23748624.000 23939856.000 23987664.000 20330352.000 23987664.000 23987664.000 23987664.000 23987664.000 23987664.000 24298416.000 20366208.000 20366208.000 21226752.000 23210784.000 23210784.000 22326336.000 23629104.000 23629104.000 20402064.000 20402064.000 43206480.000 43206480.000 43947504.000 26939808.000 27943776.000 27943776.000 27943776.000 27943776.000 999999936.000
19601280.000 19744704.000 25147008.000 20688912.000 20688912.000 25111152.000 20700864.000 20700864.000 20700864.000 20700864.000 20820384.000 20820384.000 20820384.000 20700864.000 20700864.000 24154992.000 20629152.000 20629152.000 20629152.000 20629152.000 20569392.000 20557440.000 20055456.000 20055456.000 24154992.000 24154992.000 24154992.000 22983696.000 22983696.000 22983696.000 22947840.000 22780512.000 36142848.000 35879904.000 48847824.000 30549312.000 38963520.000 38975472.000 38975472.000 38963520.000 999999936.000
28565280.000 28565280.000 18812448.000 18764640.000 18657072.000 18657072.000 18657072.000 18657072.000 18657072.000 18657072.000 18680976.000 18680976.000 18680976.000 23425920.000 23425920.000 24465744.000 18824400.000 18836352.000 18836352.000 18848304.000 18740736.000 18716832.000 18716832.000 18716832.000 18716832.000 22433904.000 22433904.000 20258640.000 20258640.000 20258640.000 20294496.000 20461824.000 39883824.000 40134816.000 53019072.000 42907680.000 43672608.000 43684560.000 43672608.000 43660656.000 999999936.000
18812448.000 18812448.000 18190944.000 18238752.000 18346320.000 18429984.000 18429984.000 18429984.000 21501648.000 21501648.000 26437824.000 18465840.000 18465840.000 22852224.000 22852224.000 22660992.000 18310464.000 18214848.000 18226800.000 18226800.000 23174928.000 18358272.000 18358272.000 18358272.000 18358272.000 19541520.000 19541520.000 22039488.000 22039488.000 18441936.000 18441936.000 18441936.000 39142800.000 39118896.000 52935408.000 43720416.000 48644640.000 48644640.000 48644640.000 48644640.000 999999936.000
19410048.000 19410048.000 18155088.000 18155088.000 18155088.000 18202896.000 18202896.000 18202896.000 19625184.000 19625184.000 24154992.000 18035568.000 18011664.000 18406080.000 18382176.000 18346320.000 17856288.000 22481712.000 22481712.000 22481712.000 22457808.000 17975808.000 17856288.000 17856288.000 17868240.000 18011664.000 18011664.000 26473680.000 19816416.000 17975808.000 17975808.000 17975808.000 32605056.000 32640912.000 55158480.000 51441408.000 52529040.000 52529040.000 52529040.000 52529040.000 999999936.000
26473680.000 26390016.000 18023616.000 18047520.000 18382176.000 17880192.000 17892144.000 17892144.000 17892144.000 17892144.000 18680976.000 18023616.000 18023616.000 17987760.000 18023616.000 18167040.000 18167040.000 18621216.000 18621216.000 18621216.000 18621216.000 22672944.000 18298512.000 18298512.000 18298512.000 18298512.000 18143136.000 19947888.000 26617104.000 18143136.000 18143136.000 18143136.000 31326192.000 31326192.000 56867616.000 53640576.000 53377632.000 53377632.000 53377632.000 53377632.000 999999936.000
17414064.000 17497728.000 21226752.000 21166992.000 21417984.000 21107232.000 20820384.000 20975760.000 21071376.000 21071376.000 23413968.000 17079408.000 17079408.000 17079408.000 17079408.000 20927952.000 20927952.000 20927952.000 20868192.000 20868192.000 20868192.000 17234784.000 20868192.000 20868192.000 20868192.000 20868192.000 17079408.000 21107232.000 17402112.000 17079408.000 17079408.000 17079408.000 33059232.000 33059232.000 34242480.000 54453312.000 54190368.000 54190368.000 54190368.000 54190368.000 999999936.000
17210880.000 17210880.000 21190896.000 17426016.000 17294544.000 17426016.000 17700912.000 21752640.000 18167040.000 18167040.000 20043504.000 21716784.000 21537504.000 21537504.000 21561408.000 21585312.000 21645072.000 21585312.000 21585312.000 21477744.000 21477744.000 17282592.000 21477744.000 17258688.000 17258688.000 17258688.000 17186976.000 17390160.000 21334320.000 17186976.000 17186976.000 17186976.000 34708608.000 34708608.000 28720656.000 56305872.000 57058848.000 57070800.000 57058848.000 57058848.000 999999936.000
18525600.000 18525600.000 19386144.000 18561456.000 18382176.000 18418032.000 18418032.000 22935888.000 18418032.000 18429984.000 18549504.000 22876128.000 23055408.000 22900032.000 18955872.000 22792464.000 18645120.000 22792464.000 22792464.000 18776592.000 18704880.000 23234688.000 18704880.000 23174928.000 18585360.000 18585360.000 21262608.000 21274560.000 18621216.000 21262608.000 21262608.000 21262608.000 36393840.000 36393840.000 30405888.000 60226128.000 47174544.000 47162592.000 47126736.000 47043072.000 999999936.000
24274512.000 24274512.000 24274512.000 24274512.000 19493712.000 19350288.000 19350288.000 19804464.000 21143088.000 19445904.000 19445904.000 19732752.000 19732752.000 19792512.000 24202800.000 19649088.000 24202800.000 19649088.000 19649088.000 24119136.000 19314432.000 19410048.000 19314432.000 19469808.000 19433952.000 19433952.000 21704832.000 21704832.000 19469808.000 21704832.000 21704832.000 21704832.000 37075104.000 37075104.000 32067216.000 57465216.000 41521248.000 41521248.000 41521248.000 41521248.000 999999936.000
21477744.000 21477744.000 21477744.000 21477744.000 23593248.000 23736672.000 21274560.000 21609216.000 26808336.000 21286512.000 19075392.000 26378064.000 26378064.000 19087344.000 19230768.000 19194912.000 19194912.000 19194912.000 19194912.000 19254672.000 19159056.000 19159056.000 19159056.000 19159056.000 19159056.000 19159056.000 19159056.000 19159056.000 19027584.000 19027584.000 19027584.000 19027584.000 35628912.000 35628912.000 33250464.000 63835632.000 42967440.000 42967440.000 42967440.000 42967440.000 999999936.000
24680880.000 24680880.000 24680880.000 24680880.000 18872208.000 18788544.000 25433856.000 28804320.000 19123200.000 25553376.000 21728736.000 24884064.000 24884064.000 23139072.000 23139072.000 18525600.000 18525600.000 18525600.000 18525600.000 18525600.000 18525600.000 18525600.000 18525600.000 18525600.000 18525600.000 18525600.000 18525600.000 18525600.000 18477792.000 18394128.000 18394128.000 18394128.000 25230672.000 25230672.000 37780272.000 68544720.000 43911648.000 43911648.000 43911648.000 43911648.000 999999936.000
24107184.000 24095232.000 24095232.000 24095232.000 18967824.000 19063440.000 19433952.000 21023568.000 19218816.000 19422000.000 20593296.000 33931728.000 19816416.000 19194912.000 19194912.000 19075392.000 19075392.000 19075392.000 18931968.000 18931968.000 19744704.000 19744704.000 19469808.000 19422000.000 19422000.000 19422000.000 19422000.000 18800496.000 18967824.000 18896112.000 18896112.000 18884160.000 27931824.000 27931824.000 37935648.000 71042688.000 45680544.000 45680544.000 45680544.000 45680544.000 999999936.000
16493760.000 16493760.000 16493760.000 16493760.000 19684944.000 19541520.000 16123248.000 19541520.000 16123248.000 16123248.000 19553472.000 25505568.000 20378160.000 20378160.000 20378160.000 20282544.000 20378160.000 20282544.000 20091312.000 20091312.000 26652960.000 23868144.000 24143040.000 20151072.000 20151072.000 20151072.000 20151072.000 20055456.000 20055456.000 20198880.000 20198880.000 20653056.000 29019456.000 29019456.000 38150784.000 71377344.000 48895632.000 48895632.000 48895632.000 48883680.000 999999936.000
18190944.000 18214848.000 18214848.000 18214848.000 22672944.000 19362240.000 18429984.000 19374192.000 18441936.000 18358272.000 19099296.000 23067360.000 18310464.000 18310464.000 18310464.000 18131184.000 18310464.000 18131184.000 18382176.000 18382176.000 20497680.000 18298512.000 18298512.000 17999712.000 17999712.000 17999712.000 17987760.000 22935888.000 22935888.000 22876128.000 22935888.000 21585312.000 30071232.000 30071232.000 28577232.000 72715968.000 54548928.000 54548928.000 54608688.000 54596736.000 999999936.000
22338288.000 22338288.000 17724816.000 17724816.000 18884160.000 17569440.000 17449920.000 17569440.000 19063440.000 22123152.000 17677008.000 21836304.000 19182960.000 20521584.000 20521584.000 20688912.000 20521584.000 20497680.000 17581392.000 17437968.000 17653104.000 22194864.000 22194864.000 17545536.000 17545536.000 17545536.000 17569440.000 17832384.000 17832384.000 17688960.000 17832384.000 18896112.000 24943824.000 24943824.000 31780368.000 78990768.000 56951280.000 56951280.000 56927376.000 56927376.000 999999936.000
17437968.000 17437968.000 17437968.000 17437968.000 17402112.000 17437968.000 17402112.000 17437968.000 24453792.000 21788496.000 17402112.000 24453792.000 24453792.000 18704880.000 21441888.000 21262608.000 21441888.000 27668880.000 17497728.000 18788544.000 17629200.000 17593344.000 17473824.000 17449920.000 17437968.000 17437968.000 17437968.000 17437968.000 17437968.000 17437968.000 17437968.000 17402112.000 23784480.000 23784480.000 33118992.000 57285936.000 63417312.000 63417312.000 63393408.000 63393408.000 999999936.000
17784576.000 17784576.000 17772624.000 17772624.000 17772624.000 17772624.000 17772624.000 17772624.000 18178992.000 17928000.000 17772624.000 18190944.000 18190944.000 22170960.000 19613232.000 24429888.000 19613232.000 23366160.000 18023616.000 23473728.000 17999712.000 17999712.000 18119232.000 18178992.000 18035568.000 18035568.000 18035568.000 18035568.000 18035568.000 18035568.000 18035568.000 18011664.000 25625088.000 25625088.000 34457616.000 54584784.000 65186208.000 65162304.000 65078640.000 64564704.000 999999936.000
17939952.000 17939952.000 17939952.000 17939952.000 17916048.000 19493712.000 19469808.000 19493712.000 17784576.000 17760672.000 17760672.000 17760672.000 17760672.000 17892144.000 17916048.000 18071424.000 17916048.000 22732704.000 17760672.000 24011568.000 17665056.000 17665056.000 17557488.000 17557488.000 17712864.000 17712864.000 17712864.000 17712864.000 17521632.000 17497728.000 17497728.000 21764592.000 26700768.000 26700768.000 37075104.000 56270016.000 65939184.000 65963088.000 65998944.000 66512880.000 999999936.000
19947888.000 19947888.000 16075440.000 15967872.000 15967872.000 18561456.000 18561456.000 18561456.000 21370176.000 21370176.000 21370176.000 21370176.000 21370176.000 16075440.000 21370176.000 16075440.000 21370176.000 16422048.000 21370176.000 16804512.000 16135200.000 16111296.000 15920064.000 15884208.000 15884208.000 15884208.000 15884208.000 15884208.000 16075440.000 16099344.000 16099344.000 16517664.000 27740592.000 27740592.000 48883680.000 57034944.000 66584592.000 66584592.000 66560688.000 66560688.000 999999936.000
20939904.000 20939904.000 17031600.000 17019648.000 17067456.000 17163072.000 17055504.000 17055504.000 19505664.000 19386144.000 19290528.000 19290528.000 19290528.000 16708896.000 19290528.000 16708896.000 19290528.000 16708896.000 19290528.000 16708896.000 16708896.000 16732800.000 17043552.000 16971840.000 16971840.000 16971840.000 16995744.000 16995744.000 16995744.000 17007696.000 17007696.000 17007696.000 32294304.000 32294304.000 46995264.000 60010992.000 64827648.000 64827648.000 64803744.000 64791792.000 999999936.000
25744608.000 25744608.000 18226800.000 18238752.000 18238752.000 18226800.000 18358272.000 18358272.000 18489744.000 18609264.000 18704880.000 18704880.000 18704880.000 18621216.000 18704880.000 18621216.000 18704880.000 18621216.000 18728784.000 18633168.000 18633168.000 18633168.000 18453888.000 18525600.000 18525600.000 18513648.000 18525600.000 18525600.000 18501696.000 18501696.000 18501696.000 18501696.000 27441792.000 27441792.000 42644736.000 64050768.000 51369696.000 51333840.000 64445184.000 63943200.000 999999936.000
20186928.000 24489648.000 17688960.000 17700912.000 17700912.000 17617248.000 17617248.000 17617248.000 17617248.000 17617248.000 17617248.000 17617248.000 17617248.000 17688960.000 17617248.000 17688960.000 17617248.000 17688960.000 21824352.000 17688960.000 17688960.000 17688960.000 22135104.000 22135104.000 22135104.000 22135104.000 22135104.000 22111200.000 22135104.000 17808480.000 17808480.000 17808480.000 28254528.000 28254528.000 44258256.000 76194000.000 38688624.000 38724480.000 63620496.000 71759808.000 999999936.000
20079360.000 25696800.000 20151072.000 20174976.000 20174976.000 20222784.000 20186928.000 20186928.000 20186928.000 20186928.000 20198880.000 20198880.000 24190848.000 20103264.000 20222784.000 20103264.000 20222784.000 20103264.000 23091264.000 20091312.000 20091312.000 20103264.000 22959792.000 20139120.000 20139120.000 20139120.000 20139120.000 20151072.000 20139120.000 20151072.000 20151072.000 20151072.000 30836160.000 30836160.000 47341872.000 41652720.000 42357888.000 42357888.000 28242576.000 76146192.000 999999936.000
19338336.000 19338336.000 19338336.000 24154992.000 24154992.000 19338336.000 19338336.000 19338336.000 19338336.000 19338336.000 19266624.000 22637088.000 23832288.000 19410048.000 19206864.000 24011568.000 19206864.000 24011568.000 21573360.000 24011568.000 24011568.000 24011568.000 21573360.000 23437872.000 19194912.000 19194912.000 19194912.000 19063440.000 19063440.000 19063440.000 19063440.000 19063440.000 31648896.000 31648896.000 47843856.000 39369888.000 42955488.000 42955488.000 21262608.000 76194000.000 999999936.000
21943872.000 21943872.000 21943872.000 23461776.000 18680976.000 18848304.000 18848304.000 18848304.000 18848304.000 18704880.000 18621216.000 25852176.000 25852176.000 18824400.000 24645024.000 18884160.000 24645024.000 19637136.000 19457856.000 19637136.000 19637136.000 18872208.000 22003632.000 19756656.000 18848304.000 18848304.000 18848304.000 22003632.000 21943872.000 21943872.000 21943872.000 21943872.000 33059232.000 33059232.000 43708464.000 40839984.000 43899696.000 43899696.000 20019600.000 76791600.000 999999936.000
19350288.000 19350288.000 19350288.000 18501696.000 18334368.000 17987760.000 21979728.000 21979728.000 21979728.000 21513600.000 18190944.000 22840272.000 22840272.000 18190944.000 22027536.000 18334368.000 22039488.000 22003632.000 22003632.000 22003632.000 22003632.000 18334368.000 19374192.000 18334368.000 18322416.000 18322416.000 18322416.000 19493712.000 19553472.000 19469808.000 19469808.000 19469808.000 38676672.000 38676672.000 41843952.000 42584976.000 47282112.000 47282112.000 22051440.000 80329392.000 999999936.000
22888080.000 18489744.000 18489744.000 18525600.000 18453888.000 18728784.000 28983600.000 29007504.000 28983600.000 20091312.000 18418032.000 18525600.000 18382176.000 18298512.000 22230720.000 18286560.000 23772528.000 23772528.000 23772528.000 23772528.000 23748624.000 18310464.000 18310464.000 18310464.000 18322416.000 18322416.000 18322416.000 18322416.000 18322416.000 18406080.000 18406080.000 18406080.000 40433616.000 40433616.000 31099104.000 43947504.000 53234208.000 46851840.000 23413968.000 63202176.000 999999936.000
18943920.000 18967824.000 18967824.000 18967824.000 23127120.000 18967824.000 19888128.000 19864224.000 19888128.000 19111248.000 27597168.000 19111248.000 19290528.000 24178896.000 20174976.000 19159056.000 28720656.000 23306400.000 23306400.000 23306400.000 23258592.000 23748624.000 19194912.000 19194912.000 19206864.000 19206864.000 19206864.000 19206864.000 19206864.000 19206864.000 19206864.000 19206864.000 45572976.000 45572976.000 33118992.000 47987280.000 54883584.000 52122672.000 24537456.000 32306256.000 999999936.000
18740736.000 18764640.000 18740736.000 18585360.000 19386144.000 18585360.000 18585360.000 18585360.000 18585360.000 18549504.000 19864224.000 18382176.000 18346320.000 18728784.000 18489744.000 18465840.000 22457808.000 18429984.000 18429984.000 18429984.000 18429984.000 18979776.000 18429984.000 22182912.000 18358272.000 22792464.000 26820288.000 26820288.000 26820288.000 22660992.000 22660992.000 22660992.000 47007216.000 47007216.000 34517376.000 46804032.000 61576704.000 56186352.000 28158912.000 33991488.000 999999936.000
17306496.000 17306496.000 17330400.000 21692880.000 21668976.000 21692880.000 21370176.000 21692880.000 21370176.000 18107280.000 21860208.000 21860208.000 21860208.000 18095328.000 21824352.000 21668976.000 21967776.000 21668976.000 21668976.000 21668976.000 21668976.000 17629200.000 17641152.000 18513648.000 17700912.000 17880192.000 18848304.000 23390064.000 23342256.000 17557488.000 17712864.000 17557488.000 47461392.000 47461392.000 35234496.000 52696368.000 62090640.000 56317824.000 29712672.000 25899984.000 999999936.000
18537552.000 18537552.000 18537552.000 18704880.000 18573408.000 18573408.000 22637088.000 18573408.000 22637088.000 22660992.000 22242672.000 20425968.000 20425968.000 25911936.000 18418032.000 18633168.000 26342208.000 18633168.000 18418032.000 18406080.000 18406080.000 18250704.000 18262656.000 22433904.000 22433904.000 22433904.000 22433904.000 18525600.000 18573408.000 22170960.000 18394128.000 22170960.000 49325904.000 49325904.000 37600992.000 56007072.000 64014912.000 36501408.000 33441696.000 23461776.000 999999936.000
19338336.000 19362240.000 19362240.000 19362240.000 19493712.000 19493712.000 25111152.000 19469808.000 25111152.000 20079360.000 25111152.000 22326336.000 22326336.000 25589232.000 20103264.000 23402016.000 23151024.000 23127120.000 19672992.000 19684944.000 19684944.000 19684944.000 23162976.000 20091312.000 20091312.000 20091312.000 20091312.000 19505664.000 19505664.000 20545488.000 23162976.000 20402064.000 37505376.000 37421712.000 36262368.000 58445280.000 66596544.000 26067312.000 35497440.000 25505568.000 999999936.000
18776592.000 23282496.000 23282496.000 23127120.000 23127120.000 23127120.000 23151024.000 23186880.000 18991728.000 22959792.000 23115168.000 22541472.000 22541472.000 18991728.000 27405936.000 26019504.000 27298368.000 19433952.000 18322416.000 18322416.000 18298512.000 18298512.000 23653008.000 18489744.000 18489744.000 18489744.000 18489744.000 18489744.000 18489744.000 18489744.000 23653008.000 18633168.000 35485488.000 35569152.000 41700528.000 59269968.000 58086720.000 27740592.000 36537264.000 26641008.000 999999936.000
19565424.000 19684944.000 19589328.000 24143040.000 24143040.000 24143040.000 19935936.000 24668928.000 24226704.000 19505664.000 24943824.000 20007648.000 20007648.000 24633072.000 19912032.000 23545440.000 25147008.000 19732752.000 19696896.000 19696896.000 19732752.000 19732752.000 25601184.000 19696896.000 19720800.000 19720800.000 19720800.000 19720800.000 19720800.000 19565424.000 20437920.000 19565424.000 37361952.000 37361952.000 45130752.000 55098720.000 47568960.000 30274416.000 38855952.000 28481616.000 999999936.000
23617152.000 22589280.000 19135152.000 28720656.000 28720656.000 28720656.000 19182960.000 29449728.000 19242720.000 19099296.000 19230768.000 19230768.000 19230768.000 22613184.000 19254672.000 24154992.000 19159056.000 19135152.000 19338336.000 19338336.000 19302480.000 19111248.000 19087344.000 19111248.000 19111248.000 19111248.000 19111248.000 19111248.000 19111248.000 23796432.000 23796432.000 23605200.000 38461536.000 38461536.000 46146672.000 51943392.000 46457424.000 31362048.000 35939664.000 28696752.000 999999936.000
19469808.000 21035520.000 19445904.000 20557440.000 20557440.000 20557440.000 19457856.000 24704784.000 19350288.000 24131088.000 19254672.000 19230768.000 19230768.000 25720704.000 19242720.000 19350288.000 19350288.000 28923840.000 19182960.000 19182960.000 19218816.000 19410048.000 29150928.000 19410048.000 24190848.000 24190848.000 22971744.000 22971744.000 22720752.000 22888080.000 22888080.000 19374192.000 39824064.000 39824064.000 47509200.000 46971360.000 31338144.000 32724576.000 41927616.000 32557248.000 999999936.000
19816416.000 20043504.000 19816416.000 19816416.000 19816416.000 19816416.000 19816416.000 25099200.000 19768608.000 20091312.000 21119184.000 21143088.000 21143088.000 20174976.000 19864224.000 20031552.000 19864224.000 25338240.000 20043504.000 20043504.000 20043504.000 20043504.000 25338240.000 20043504.000 23043456.000 23043456.000 21382128.000 21286512.000 21358224.000 21358224.000 21358224.000 19828368.000 46409616.000 46409616.000 45955440.000 51202368.000 27872064.000 30525408.000 44915616.000 35915760.000 999999936.000
17916048.000 22218768.000 17916048.000 17916048.000 17916048.000 17916048.000 17928000.000 20533536.000 22888080.000 20390112.000 21585312.000 21585312.000 25158960.000 22660992.000 22649040.000 24943824.000 22649040.000 18824400.000 24943824.000 24943824.000 18202896.000 18202896.000 23031504.000 18202896.000 19876176.000 19876176.000 29880000.000 29975616.000 18226800.000 22302432.000 18226800.000 18107280.000 45812016.000 45812016.000 34242480.000 51620688.000 29569248.000 33298272.000 45441504.000 36608976.000 999999936.000
19135152.000 25792416.000 19135152.000 19135152.000 19135152.000 19135152.000 19135152.000 26222688.000 19135152.000 26222688.000 19099296.000 19099296.000 25099200.000 19290528.000 19290528.000 21597264.000 19290528.000 18896112.000 21537504.000 21537504.000 18920016.000 18920016.000 19218816.000 18836352.000 19087344.000 18979776.000 21967776.000 21812400.000 18824400.000 19254672.000 18824400.000 23413968.000 49815936.000 49815936.000 36692640.000 53963280.000 31505472.000 36859968.000 47664576.000 38700576.000 999999936.000
18812448.000 22804416.000 18812448.000 18812448.000 20772576.000 20772576.000 20772576.000 21155040.000 20772576.000 21155040.000 20820384.000 20820384.000 21047472.000 18800496.000 18800496.000 18943920.000 18800496.000 19051488.000 19003680.000 19003680.000 18824400.000 23629104.000 23629104.000 22266576.000 28660896.000 19111248.000 24071328.000 22398048.000 19003680.000 18812448.000 18991728.000 21417984.000 43302096.000 43290144.000 37577088.000 54955296.000 32270400.000 37529280.000 49875696.000 40648752.000 999999936.000
21453840.000 21453840.000 21453840.000 21453840.000 19577376.000 19577376.000 19577376.000 19577376.000 19577376.000 19457856.000 19457856.000 19433952.000 19433952.000 20796480.000 20796480.000 20545488.000 20796480.000 21310416.000 20569392.000 20569392.000 20712816.000 21023568.000 19661040.000 20676960.000 20067408.000 19350288.000 17390160.000 20653056.000 21513600.000 21645072.000 21525552.000 19864224.000 45823968.000 45823968.000 38915712.000 46660608.000 29055312.000 38760336.000 61971120.000 42035184.000 999999936.000
23676912.000 23676912.000 23676912.000 23676912.000 18955872.000 18955872.000 18920016.000 18920016.000 18920016.000 19039536.000 19039536.000 19075392.000 19087344.000 19589328.000 19589328.000 24190848.000 19589328.000 19123200.000 24035472.000 24035472.000 24035472.000 23784480.000 21202848.000 21202848.000 21202848.000 21202848.000 18645120.000 21178944.000 24716736.000 24716736.000 24716736.000 18680976.000 48070944.000 48070944.000 41234400.000 41102928.000 18728784.000 28517472.000 58851648.000 34362000.000 999999936.000
18860256.000 18860256.000 18860256.000 18860256.000 18740736.000 18740736.000 18931968.000 18931968.000 18800496.000 18800496.000 18800496.000 22374144.000 22338288.000 23449824.000 23449824.000 23892048.000 23258592.000 18728784.000 21525552.000 21489696.000 21489696.000 21728736.000 23258592.000 23258592.000 23258592.000 23258592.000 23139072.000 23139072.000 23055408.000 23055408.000 23055408.000 25493616.000 48525120.000 48525120.000 44306064.000 43636752.000 20497680.000 25995600.000 47808000.000 35820144.000 999999936.000
17581392.000 17509680.000 17509680.000 17509680.000 17509680.000 17509680.000 24668928.000 24668928.000 17509680.000 17509680.000 17509680.000 18764640.000 18764640.000 21370176.000 21370176.000 23963760.000 21537504.000 17569440.000 29198736.000 29198736.000 19971792.000 19959840.000 22147056.000 22015584.000 22015584.000 22015584.000 22135104.000 17736768.000 23521536.000 24848208.000 23521536.000 25218720.000 51262128.000 51262128.000 45035136.000 44975376.000 21836304.000 23760576.000 50867712.000 37158768.000 999999936.000
18704880.000 18776592.000 18776592.000 18776592.000 18776592.000 18776592.000 24800400.000 24800400.000 18633168.000 18633168.000 18585360.000 18346320.000 18346320.000 19171008.000 19171008.000 21740688.000 19171008.000 18453888.000 23724720.000 23724720.000 18453888.000 18609264.000 18669024.000 18800496.000 18800496.000 18800496.000 18800496.000 18704880.000 25648992.000 25362144.000 26413920.000 29091168.000 50353776.000 50353776.000 52182432.000 47198448.000 23629104.000 27788400.000 53210304.000 39238416.000 999999936.000
18800496.000 18800496.000 18716832.000 18716832.000 18716832.000 18716832.000 18872208.000 18872208.000 26951760.000 26808336.000 26796384.000 18872208.000 18872208.000 18908064.000 18908064.000 18908064.000 18908064.000 18908064.000 24202800.000 24202800.000 18872208.000 18764640.000 18872208.000 18872208.000 18872208.000 18872208.000 18764640.000 18764640.000 19338336.000 18967824.000 18943920.000 25864128.000 51202368.000 51202368.000 52851744.000 48405600.000 27166896.000 28804320.000 53568864.000 41569056.000 999999936.000
24405984.000 24405984.000 19111248.000 19111248.000 19111248.000 19111248.000 19039536.000 19039536.000 20808432.000 20951856.000 20951856.000 19266624.000 20055456.000 20055456.000 20055456.000 20055456.000 20055456.000 19254672.000 19362240.000 19362240.000 19266624.000 19254672.000 19278576.000 19278576.000 19278576.000 19111248.000 19230768.000 19230768.000 19338336.000 19314432.000 19338336.000 22206816.000 39549168.000 39250368.000 54704304.000 46827936.000 41581008.000 30429792.000 56855664.000 53102736.000 999999936.000
21525552.000 21525552.000 20425968.000 16756704.000 16756704.000 16756704.000 20665008.000 20665008.000 20665008.000 20449872.000 20449872.000 16708896.000 24979680.000 24979680.000 24274512.000 20904048.000 20904048.000 16744752.000 16744752.000 16744752.000 16744752.000 16720848.000 16720848.000 16720848.000 16720848.000 20712816.000 20712816.000 21095280.000 16720848.000 21095280.000 16720848.000 16720848.000 38091024.000 38389824.000 55540944.000 51692400.000 66405312.000 31493520.000 50186448.000 51166512.000 999999936.000
18322416.000 18322416.000 18967824.000 18370224.000 18370224.000 18370224.000 18621216.000 18621216.000 18621216.000 18812448.000 18812448.000 18155088.000 22565376.000 22565376.000 18597312.000 28947744.000 28947744.000 18310464.000 18214848.000 18214848.000 18262656.000 18262656.000 18262656.000 18262656.000 18262656.000 22708800.000 18465840.000 18346320.000 22242672.000 18346320.000 22242672.000 22242672.000 39955536.000 39955536.000 60405408.000 39130848.000 52588800.000 35628912.000 38210544.000 59485104.000 999999936.000
17067456.000 17067456.000 17067456.000 17175024.000 17151120.000 17151120.000 17055504.000 17055504.000 17055504.000 17055504.000 17055504.000 25374096.000 21131136.000 20975760.000 25123104.000 24166944.000 24166944.000 17067456.000 19708848.000 19708848.000 22625136.000 22625136.000 22625136.000 22625136.000 22625136.000 17653104.000 17031600.000 19720800.000 22218768.000 19708848.000 22218768.000 17700912.000 40899744.000 40899744.000 74066544.000 34720560.000 52230240.000 35605008.000 35497440.000 51321888.000 999999936.000
16338384.000 16338384.000 16338384.000 20210832.000 20210832.000 20210832.000 24453792.000 20246688.000 24453792.000 20198880.000 20198880.000 17127216.000 16673040.000 16828416.000 17378208.000 17258688.000 17258688.000 16553520.000 22135104.000 22135104.000 19326384.000 19326384.000 19326384.000 19350288.000 19350288.000 18119232.000 16577424.000 26234640.000 16625232.000 26234640.000 16625232.000 18190944.000 42620832.000 42608880.000 68365440.000 36764352.000 53688384.000 41090976.000 37122912.000 59903424.000 999999936.000
17414064.000 17414064.000 17414064.000 21872160.000 21872160.000 21872160.000 17928000.000 17665056.000 17928000.000 17521632.000 17521632.000 17521632.000 17521632.000 17521632.000 17521632.000 17533584.000 17521632.000 17533584.000 17581392.000 17581392.000 17378208.000 17378208.000 17378208.000 17366256.000 17366256.000 24441840.000 17378208.000 22888080.000 17378208.000 22888080.000 17378208.000 24441840.000 40529232.000 40529232.000 80891136.000 38449584.000 55528992.000 42943536.000 38808144.000 64397376.000 999999936.000
20151072.000 20151072.000 20151072.000 17306496.000 17306496.000 17306496.000 20234736.000 20115216.000 20234736.000 17306496.000 17306496.000 17306496.000 17306496.000 17306496.000 17306496.000 17103312.000 17306496.000 17091360.000 17091360.000 17091360.000 21597264.000 21537504.000 21537504.000 21537504.000 21537504.000 17629200.000 20330352.000 17665056.000 20163024.000 17569440.000 20163024.000 17533584.000 43971408.000 43983360.000 64827648.000 39788208.000 56807856.000 44198496.000 40015296.000 65126448.000 999999936.000
21979728.000 21919968.000 21908016.000 16649136.000 16481808.000 16481808.000 21597264.000 21597264.000 21597264.000 16493760.000 16493760.000 18633168.000 18633168.000 18633168.000 16493760.000 16529616.000 16493760.000 16529616.000 16529616.000 16529616.000 16708896.000 16696944.000 16696944.000 16673040.000 16673040.000 16541568.000 20808432.000 22923936.000 21884112.000 23174928.000 21884112.000 23174928.000 36142848.000 36142848.000 69202080.000 40624848.000 59317776.000 44700480.000 44748288.000 67074624.000 999999936.000
17928000.000 18059472.000 18095328.000 22457808.000 18095328.000 18095328.000 18238752.000 18238752.000 18131184.000 21047472.000 21047472.000 23939856.000 23939856.000 23939856.000 21047472.000 18119232.000 21047472.000 18119232.000 18119232.000 18119232.000 18119232.000 18119232.000 18107280.000 20999664.000 18047520.000 18047520.000 24417936.000 25565328.000 18131184.000 20473776.000 18059472.000 20473776.000 32868000.000 32868000.000 72022752.000 42154704.000 40003344.000 32126976.000 45178560.000 68389344.000 999999936.000
17880192.000 26784432.000 19254672.000 18023616.000 19254672.000 19254672.000 17700912.000 17772624.000 17808480.000 23198832.000 23198832.000 18513648.000 18513648.000 18513648.000 23198832.000 20473776.000 22923936.000 20473776.000 20473776.000 20473776.000 20473776.000 17688960.000 17724816.000 18979776.000 21417984.000 21417984.000 22266576.000 17820432.000 17605296.000 17593344.000 22111200.000 17593344.000 24310368.000 24310368.000 73361376.000 47664576.000 43636752.000 32676768.000 51847776.000 65807712.000 999999936.000
18549504.000 19493712.000 21645072.000 18549504.000 21645072.000 21645072.000 18728784.000 18657072.000 18597312.000 19075392.000 19218816.000 18609264.000 18609264.000 18609264.000 19230768.000 20330352.000 19218816.000 20330352.000 20330352.000 22625136.000 22625136.000 18585360.000 18585360.000 18728784.000 23700816.000 23700816.000 21274560.000 27393984.000 18836352.000 18824400.000 18979776.000 18979776.000 22613184.000 22457808.000 74723904.000 49720320.000 44580960.000 34469568.000 55266048.000 52254144.000 999999936.000
18943920.000 23461776.000 18836352.000 18740736.000 18633168.000 18633168.000 18764640.000 18633168.000 18908064.000 18812448.000 18812448.000 18908064.000 18908064.000 18908064.000 18812448.000 18812448.000 18908064.000 18812448.000 18669024.000 21155040.000 21155040.000 23246640.000 23246640.000 21633120.000 22266576.000 22266576.000 21155040.000 28039392.000 18645120.000 23234688.000 23234688.000 23354208.000 24107184.000 24262560.000 80197920.000 52039008.000 46804032.000 36501408.000 48680496.000 32856048.000 999999936.000
19840320.000 21668976.000 16804512.000 20055456.000 18119232.000 18119232.000 20043504.000 20163024.000 20366208.000 16959888.000 21119184.000 20354256.000 20234736.000 20234736.000 20927952.000 20927952.000 16768656.000 20927952.000 19314432.000 19314432.000 20485728.000 20892096.000 20892096.000 18728784.000 18728784.000 18585360.000 20485728.000 22589280.000 16840368.000 23485680.000 23760576.000 21668976.000 24692832.000 24692832.000 90775440.000 51417504.000 46505232.000 36453600.000 52134624.000 33919776.000 999999936.000
17748720.000 20222784.000 20354256.000 22003632.000 19780560.000 19780560.000 17581392.000 17581392.000 17390160.000 16971840.000 16935984.000 17294544.000 21728736.000 21728736.000 17079408.000 16912080.000 16900128.000 16912080.000 20772576.000 20772576.000 22003632.000 22003632.000 22003632.000 16792560.000 16816464.000 16959888.000 19613232.000 21633120.000 16792560.000 18884160.000 18573408.000 25027488.000 27154944.000 27154944.000 109468368.000 50389632.000 42094944.000 36608976.000 57560832.000 36011376.000 999999936.000
17091360.000 17115264.000 22804416.000 17210880.000 17115264.000 17115264.000 17103312.000 17103312.000 16983792.000 16983792.000 16888176.000 16912080.000 17079408.000 17079408.000 16935984.000 17103312.000 16971840.000 17103312.000 23366160.000 23366160.000 21346272.000 21346272.000 21346272.000 17103312.000 17103312.000 17103312.000 23366160.000 21358224.000 17246736.000 20653056.000 17246736.000 17318448.000 37015344.000 36967536.000 104293152.000 47102832.000 48453408.000 38640816.000 58564800.000 36991440.000 999999936.000
16601328.000 16613280.000 16720848.000 17186976.000 17186976.000 17186976.000 16947936.000 17151120.000 16601328.000 16613280.000 16780608.000 16780608.000 16768656.000 16768656.000 16613280.000 20748672.000 16613280.000 20700864.000 21059424.000 16912080.000 16649136.000 16649136.000 16649136.000 18680976.000 18680976.000 18680976.000 16912080.000 16744752.000 18680976.000 22326336.000 18680976.000 16649136.000 42859872.000 43457472.000 117093744.000 43660656.000 46839888.000 42955488.000 59879520.000 38712528.000 999999936.000
15621264.000 15609312.000 15609312.000 18896112.000 18896112.000 18896112.000 18836352.000 18896112.000 15728832.000 15716880.000 15740784.000 15740784.000 18716832.000 18489744.000 19422000.000 15884208.000 19422000.000 15848352.000 15728832.000 19422000.000 19422000.000 19422000.000 19422000.000 19577376.000 19577376.000 19577376.000 22445856.000 22445856.000 19577376.000 15752736.000 17306496.000 19230768.000 34648848.000 48811968.000 94444704.000 45405648.000 44306064.000 44114832.000 60787872.000 46600848.000 999999936.000
16864272.000 16864272.000 16864272.000 16864272.000 16864272.000 16864272.000 17007696.000 16864272.000 16864272.000 16864272.000 16864272.000 16720848.000 17808480.000 17904096.000 16983792.000 20880144.000 16983792.000 20880144.000 17007696.000 16959888.000 16959888.000 16959888.000 16959888.000 18848304.000 18848304.000 18848304.000 18011664.000 18011664.000 18860256.000 16840368.000 16983792.000 16983792.000 27358128.000 53162496.000 100898784.000 47150640.000 50616720.000 45847872.000 68652288.000 45417600.000 999999936.000
16935984.000 16959888.000 16935984.000 16912080.000 16912080.000 16912080.000 16912080.000 16912080.000 16912080.000 16912080.000 16912080.000 17079408.000 17079408.000 17079408.000 17079408.000 21047472.000 16924032.000 21047472.000 21107232.000 16864272.000 16864272.000 16864272.000 16864272.000 21107232.000 21107232.000 20605248.000 16804512.000 16804512.000 16888176.000 16816464.000 16828416.000 16816464.000 27298368.000 54345744.000 104018256.000 48465360.000 52923456.000 47282112.000 46756224.000 53102736.000 999999936.000
23784480.000 16242768.000 16242768.000 16242768.000 16242768.000 16242768.000 16159104.000 16242768.000 16183008.000 16242768.000 16242768.000 19051488.000 19051488.000 16266672.000 16266672.000 16744752.000 16398144.000 16744752.000 16445952.000 16457904.000 16457904.000 16457904.000 16457904.000 16445952.000 16445952.000 24513552.000 16434000.000 16434000.000 19720800.000 16469856.000 19206864.000 24059376.000 29150928.000 55612656.000 105010272.000 42979392.000 53712288.000 52003152.000 47963376.000 54967248.000 999999936.000
21848256.000 16792560.000 16792560.000 16792560.000 16577424.000 16577424.000 16529616.000 16577424.000 16625232.000 16577424.000 16577424.000 17868240.000 17868240.000 16577424.000 16577424.000 16601328.000 16577424.000 16601328.000 16577424.000 16577424.000 16577424.000 16577424.000 16577424.000 16577424.000 16577424.000 17473824.000 16684992.000 16684992.000 21943872.000 16732800.000 21561408.000 17390160.000 30585168.000 58026960.000 108356832.000 47915568.000 56078784.000 47270160.000 42955488.000 57357648.000 999999936.000
22087296.000 17593344.000 17593344.000 17593344.000 17808480.000 17808480.000 17677008.000 17700912.000 21417984.000 17509680.000 17354304.000 17354304.000 17354304.000 17354304.000 17354304.000 17354304.000 17354304.000 17354304.000 17354304.000 17354304.000 17354304.000 17354304.000 17354304.000 17354304.000 17354304.000 17354304.000 17354304.000 17354304.000 17342352.000 17354304.000 22971744.000 17449920.000 32222592.000 38067120.000 110125728.000 52290000.000 49361760.000 43672608.000 43278192.000 58696272.000 999999936.000
17987760.000 17868240.000 17868240.000 17868240.000 17868240.000 17868240.000 18178992.000 17999712.000 18752688.000 18190944.000 21860208.000 21872160.000 21597264.000 21585312.000 21585312.000 18370224.000 18358272.000 18370224.000 18358272.000 18358272.000 18358272.000 18358272.000 18358272.000 18346320.000 18346320.000 18358272.000 18346320.000 18346320.000 18310464.000 18346320.000 18262656.000 18190944.000 33154848.000 38879856.000 109408608.000 53903520.000 30322224.000 41150736.000 31481568.000 61003008.000 999999936.000
18011664.000 22577328.000 18178992.000 18035568.000 17975808.000 17975808.000 17808480.000 17963856.000 17963856.000 17832384.000 22003632.000 22003632.000 23509584.000 23509584.000 23509584.000 17868240.000 17868240.000 17868240.000 17868240.000 17868240.000 17868240.000 17868240.000 17868240.000 17868240.000 17844336.000 20509632.000 20509632.000 20509632.000 20509632.000 20509632.000 17880192.000 22505616.000 28720656.000 40720464.000 102321072.000 55242144.000 25409952.000 31039344.000 33059232.000 63034848.000 999999936.000
17700912.000 22493664.000 22015584.000 17856288.000 17916048.000 17916048.000 17916048.000 22230720.000 17928000.000 26461728.000 19517616.000 19517616.000 18202896.000 18202896.000 18214848.000 18011664.000 18011664.000 18023616.000 18023616.000 17868240.000 17868240.000 17868240.000 17868240.000 17868240.000 17868240.000 19386144.000 19386144.000 19386144.000 19350288.000 19362240.000 17868240.000 17963856.000 21346272.000 42357888.000 116496144.000 56712240.000 23868144.000 33477552.000 34326144.000 65341584.000 999999936.000
20856240.000 16206912.000 20067408.000 20856240.000 20856240.000 20856240.000 19804464.000 20067408.000 19876176.000 21979728.000 16051536.000 18465840.000 18477792.000 18477792.000 19672992.000 19637136.000 19637136.000 16194960.000 16194960.000 20079360.000 19923984.000 19864224.000 19864224.000 19864224.000 19864224.000 16254720.000 16254720.000 20999664.000 20999664.000 16194960.000 16194960.000 16194960.000 14916096.000 42561072.000 119651472.000 51178464.000 24967728.000 34266384.000 34971552.000 70696080.000 999999936.000
19099296.000 22445856.000 16123248.000 19027584.000 19027584.000 19027584.000 20103264.000 16027632.000 16290576.000 16039584.000 23724720.000 17605296.000 17605296.000 21382128.000 16254720.000 16242768.000 16242768.000 16039584.000 15967872.000 15836400.000 24382080.000 15943968.000 15943968.000 15943968.000 15943968.000 15824448.000 15824448.000 23019552.000 18776592.000 22278528.000 15860304.000 22278528.000 16230816.000 48704400.000 123129504.000 56963232.000 26521488.000 35903808.000 37122912.000 73289664.000 999999936.000
16302528.000 24728688.000 16171056.000 16374240.000 16374240.000 16374240.000 16266672.000 16266672.000 16386192.000 16386192.000 17414064.000 24262560.000 16410096.000 23557392.000 16242768.000 16266672.000 16266672.000 16350336.000 16422048.000 16350336.000 16589376.000 16350336.000 16350336.000 16350336.000 16350336.000 16493760.000 16493760.000 16732800.000 16457904.000 18238752.000 16338384.000 22123152.000 17700912.000 58110624.000 124754976.000 61206192.000 27836208.000 37565136.000 42764256.000 74018736.000 999999936.000
20007648.000 21812400.000 19206864.000 20007648.000 16003728.000 16003728.000 16123248.000 16123248.000 16003728.000 16003728.000 15943968.000 16924032.000 15692976.000 21764592.000 15967872.000 19661040.000 19661040.000 15967872.000 15967872.000 19780560.000 18394128.000 16027632.000 16027632.000 16027632.000 16027632.000 16039584.000 16039584.000 16027632.000 18406080.000 15932016.000 15955920.000 20067408.000 19254672.000 59102640.000 124862544.000 61923312.000 30549312.000 30967632.000 41963472.000 75775680.000 999999936.000
16792560.000 16983792.000 21477744.000 16553520.000 16410096.000 16410096.000 16410096.000 16410096.000 16553520.000 16553520.000 16589376.000 16720848.000 16577424.000 20975760.000 16577424.000 16816464.000 16816464.000 16577424.000 16577424.000 16792560.000 18167040.000 16577424.000 16577424.000 16577424.000 16577424.000 16577424.000 16577424.000 16577424.000 18167040.000 16673040.000 16649136.000 16792560.000 23915952.000 67110480.000 130061664.000 63823680.000 27884016.000 29425824.000 33943680.000 79767648.000 999999936.000
16864272.000 16983792.000 17270640.000 17055504.000 17007696.000 17007696.000 16983792.000 16983792.000 16983792.000 16983792.000 16864272.000 16864272.000 17007696.000 21178944.000 16840368.000 16840368.000 16840368.000 16840368.000 16840368.000 16840368.000 16864272.000 16864272.000 16864272.000 16864272.000 16864272.000 16864272.000 16864272.000 16864272.000 16864272.000 20103264.000 16864272.000 16864272.000 27202752.000 70265808.000 115241184.000 65413296.000 25087248.000 31314240.000 23808384.000 92974608.000 999999936.000
18202896.000 21358224.000 18178992.000 18250704.000 21489696.000 21489696.000 18322416.000 18322416.000 18322416.000 18322416.000 18465840.000 18465840.000 18465840.000 18633168.000 18513648.000 18406080.000 18406080.000 20115216.000 20115216.000 18418032.000 18358272.000 18441936.000 18441936.000 18322416.000 18202896.000 18202896.000 18202896.000 18202896.000 18178992.000 19326384.000 18202896.000 18202896.000 20497680.000 72309600.000 82827360.000 73492848.000 26963712.000 33011424.000 25888032.000 64457136.000 999999936.000
20091312.000 18537552.000 17198928.000 17067456.000 18334368.000 21238704.000 16912080.000 16912080.000 16912080.000 16912080.000 16912080.000 19900080.000 19900080.000 19900080.000 19971792.000 17222832.000 17222832.000 19923984.000 19923984.000 17175024.000 17246736.000 21549456.000 25768512.000 19971792.000 20091312.000 20091312.000 20091312.000 20091312.000 20127168.000 20139120.000 20091312.000 20091312.000 21406032.000 73648224.000 69285744.000 68819616.000 28302336.000 34350048.000 27226656.000 63441216.000 999999936.000
23676912.000 16290576.000 16278624.000 19864224.000 16445952.000 17330400.000 16374240.000 16374240.000 16374240.000 16374240.000 16374240.000 17330400.000 17294544.000 17151120.000 21943872.000 16326432.000 16326432.000 16326432.000 16326432.000 16374240.000 17987760.000 20760624.000 18525600.000 17198928.000 17198928.000 17198928.000 23975712.000 23975712.000 23975712.000 23975712.000 23975712.000 23700816.000 22469760.000 70229952.000 73684080.000 73815552.000 29162880.000 38879856.000 28015488.000 64134432.000 999999936.000
22888080.000 18274608.000 18011664.000 18429984.000 18011664.000 17951904.000 17951904.000 17951904.000 17951904.000 17951904.000 17951904.000 20665008.000 17975808.000 18119232.000 18095328.000 18190944.000 18190944.000 18190944.000 18190944.000 18190944.000 20820384.000 18178992.000 20820384.000 18202896.000 18202896.000 18202896.000 20234736.000 20234736.000 20234736.000 20127168.000 20127168.000 23103216.000 24083280.000 42082992.000 78118272.000 56580768.000 37170720.000 55481184.000 31529376.000 67325616.000 999999936.000
19350288.000 16971840.000 17246736.000 17246736.000 17246736.000 21095280.000 20999664.000 20999664.000 20999664.000 20999664.000 20999664.000 19003680.000 20939904.000 20939904.000 16947936.000 20808432.000 20939904.000 20808432.000 24489648.000 24489648.000 16959888.000 16959888.000 16959888.000 16959888.000 16959888.000 16959888.000 16959888.000 16959888.000 16959888.000 20294496.000 20724768.000 19111248.000 21884112.000 38174688.000 78189984.000 37361952.000 36537264.000 69369408.000 34146864.000 68042736.000 999999936.000
18286560.000 18310464.000 18298512.000 18298512.000 18298512.000 18549504.000 18645120.000 18645120.000 18633168.000 18621216.000 18621216.000 18441936.000 18621216.000 18621216.000 18429984.000 18633168.000 18621216.000 18633168.000 20043504.000 20043504.000 18489744.000 18501696.000 18501696.000 18501696.000 18501696.000 18501696.000 18394128.000 18286560.000 18286560.000 19493712.000 22433904.000 18394128.000 25362144.000 40051152.000 79863264.000 41210496.000 32915808.000 73241856.000 38210544.000 69560640.000 999999936.000
17210880.000 24154992.000 17210880.000 17210880.000 17210880.000 23975712.000 23975712.000 23975712.000 21370176.000 21370176.000 17234784.000 17234784.000 17234784.000 17234784.000 17234784.000 21310416.000 17234784.000 21310416.000 19672992.000 17127216.000 17175024.000 17175024.000 17175024.000 17175024.000 18465840.000 18465840.000 17139168.000 17246736.000 17246736.000 17246736.000 20676960.000 17246736.000 26724672.000 41389776.000 84273552.000 42525216.000 36429696.000 78703920.000 40899744.000 46122768.000 999999936.000
17892144.000 19935936.000 17892144.000 17880192.000 17760672.000 19649088.000 19649088.000 19649088.000 17856288.000 17856288.000 17736768.000 17736768.000 17736768.000 17736768.000 17736768.000 17963856.000 17736768.000 17963856.000 23844240.000 17724816.000 17724816.000 17724816.000 17724816.000 17724816.000 20665008.000 20665008.000 17844336.000 17844336.000 17844336.000 17844336.000 23987664.000 17868240.000 28063296.000 42728400.000 99596016.000 44102880.000 38425680.000 59640480.000 42967440.000 49074912.000 999999936.000
19410048.000 19410048.000 19410048.000 19410048.000 19541520.000 19565424.000 19565424.000 19565424.000 19553472.000 24382080.000 19410048.000 19362240.000 19206864.000 19206864.000 19206864.000 19218816.000 19206864.000 19218816.000 20820384.000 20712816.000 20712816.000 22350240.000 19123200.000 19123200.000 19290528.000 19290528.000 19278576.000 19278576.000 19278576.000 19278576.000 19398096.000 19123200.000 30417840.000 41449536.000 81512640.000 38891808.000 39931632.000 40995360.000 44449488.000 51441408.000 999999936.000
21035520.000 21035520.000 21035520.000 21035520.000 17414064.000 21668976.000 21501648.000 21561408.000 21501648.000 17509680.000 21274560.000 21322368.000 21477744.000 21477744.000 21477744.000 21477744.000 21477744.000 21477744.000 20617200.000 20617200.000 20617200.000 23880096.000 17521632.000 20115216.000 20115216.000 20115216.000 17426016.000 17426016.000 17426016.000 17426016.000 17426016.000 20115216.000 18525600.000 33907824.000 72656208.000 43481376.000 41521248.000 44186544.000 46266192.000 51847776.000 999999936.000
23139072.000 23139072.000 23139072.000 23139072.000 23162976.000 18848304.000 19015632.000 18955872.000 19015632.000 19015632.000 23832288.000 23832288.000 23832288.000 19194912.000 19194912.000 19194912.000 19194912.000 19194912.000 18943920.000 18943920.000 18836352.000 23581296.000 18561456.000 23772528.000 23772528.000 23772528.000 18573408.000 18573408.000 18573408.000 18573408.000 18561456.000 24979680.000 17103312.000 21812400.000 62281872.000 46457424.000 41485392.000 45525168.000 45991296.000 53282016.000 999999936.000
28087200.000 28087200.000 28087200.000 28087200.000 19374192.000 19182960.000 19182960.000 19182960.000 19182960.000 19147104.000 19433952.000 19433952.000 19433952.000 19218816.000 19218816.000 19218816.000 19218816.000 19218816.000 19398096.000 19398096.000 24453792.000 19708848.000 28744560.000 20951856.000 20951856.000 20820384.000 23975712.000 23975712.000 23975712.000 19302480.000 23975712.000 24656976.000 18979776.000 23390064.000 44700480.000 39214512.000 31278384.000 48286080.000 36561168.000 61301808.000 999999936.000
25804368.000 25804368.000 25804368.000 25804368.000 24525504.000 24585264.000 24549408.000 24585264.000 24549408.000 24549408.000 19792512.000 19804464.000 19804464.000 19804464.000 21453840.000 21453840.000 21453840.000 21453840.000 21453840.000 21453840.000 21585312.000 24477696.000 21250656.000 19816416.000 19816416.000 24633072.000 20127168.000 20127168.000 20127168.000 24633072.000 20127168.000 24764544.000 20007648.000 24405984.000 37051200.000 32784336.000 24178896.000 49469328.000 32067216.000 60058800.000 999999936.000
