0.000 0.000 0.000 0.000 0.000 0.000 0.000 0.000 0.000 0.000 0.000 0.000 0.000 0.000 0.000 0.000 0.000 0.000 0.000 0.000 0.000 0.000 0.000 0.000 0.000 0.000 0.000 0.000 0.000 0.000 0.000 0.000 0.000 0.000 0.000 0.000 0.000
23342256.000 19254672.000 23593248.000 22828320.000 17545536.000 15179040.000 18238752.000 19577376.000 18370224.000 14055552.000 14055552.000 14055552.000 14055552.000 13290624.000 12143232.000 11438064.000 11354400.000 12143232.000 13649184.000 30477600.000 30477600.000 27417888.000 21298464.000 15788592.000 12119328.000 9322560.000 7123392.000 6382368.000 5617440.000 5617440.000 5617440.000 5617440.000 5617440.000 5617440.000 5617440.000 6071616.000 513971856.000
11952.000 11952.000 11952.000 0.000 0.000 35856.000 573696.000 3262896.000 5378400.000 3860496.000 3860496.000 3860496.000 3860496.000 3095568.000 1948176.000 1231056.000 11952.000 11952.000 11952.000 167387760.000 164077056.000 112289040.000 51656544.000 0.000 11952.000 11952.000 47808.000 47808.000 478080.000 478080.000 478080.000 478080.000 478080.000 478080.000 478080.000 478080.000 530393904.000
6095520.000 6095520.000 6095520.000 6107472.000 26975664.000 12191040.000 9310608.000 27429840.000 47521152.000 3047760.000 3047760.000 2354544.000 1517904.000 26760528.000 16374240.000 16374240.000 12788640.000 15728832.000 37887840.000 121814784.000 83580336.000 141177024.000 144690912.000 3047760.000 6095520.000 6095520.000 25696800.000 17832384.000 9752832.000 9752832.000 9752832.000 9752832.000 9752832.000 9752832.000 9752832.000 12561552.000 914567040.000
10708992.000 1302768.000 7792704.000 3059712.000 20163024.000 597600.000 4446144.000 37648800.000 138846384.000 36800208.000 34768368.000 35461584.000 36298224.000 78680016.000 42166656.000 42154704.000 8366400.000 14378256.000 83293488.000 35856.000 179280.000 32401872.000 57835728.000 1541808.000 14294592.000 12238848.000 35676720.000 10218960.000 16768656.000 16768656.000 16768656.000 8581536.000 4792752.000 4792752.000 4792752.000 5880384.000 880503840.000
478080.000 4565664.000 1135440.000 1135440.000 370512.000 1517904.000 40863888.000 59760.000 131926176.000 58134528.000 53604720.000 52385616.000 52385616.000 90130032.000 71962992.000 71927136.000 370512.000 83664.000 69106464.000 9131328.000 54453312.000 370512.000 99727488.000 5796720.000 6501888.000 2414304.000 26294400.000 179280.000 21991680.000 22386096.000 22386096.000 11222928.000 370512.000 370512.000 370512.000 370512.000 986482224.000
23904.000 191232.000 23904.000 23904.000 5736960.000 63799776.000 60046848.000 35856.000 60775920.000 10350432.000 53891568.000 64672272.000 89341200.000 11952.000 38449584.000 50580864.000 7159248.000 15190992.000 17844336.000 23904.000 97946640.000 5736960.000 83735712.000 131472.000 12836448.000 2701152.000 22529520.000 8282736.000 22780512.000 22625136.000 22649040.000 10159200.000 382464.000 382464.000 382464.000 1147392.000 852583968.000
1744992.000 5832576.000 3322656.000 3334608.000 179280.000 131519808.000 67170240.000 454176.000 179280.000 11007792.000 83664.000 75775680.000 153212688.000 23186880.000 657360.000 179280.000 83664.000 43385760.000 39477456.000 23617152.000 239040.000 179280.000 88576272.000 17449920.000 11151216.000 8414208.000 24429888.000 83664.000 26079264.000 25923888.000 25959744.000 11079504.000 1864512.000 1864512.000 1864512.000 1517904.000 831082320.000
2784816.000 18250704.000 4792752.000 4780800.000 12693024.000 78417072.000 56042928.000 525888.000 9191088.000 38031264.000 12143232.000 53126640.000 118886544.000 83257632.000 10111392.000 16768656.000 6549696.000 40110912.000 66668256.000 18346320.000 74245824.000 26593200.000 58540896.000 21633120.000 24788448.000 18298512.000 19816416.000 7230960.000 22206816.000 21047472.000 21752640.000 8916192.000 4864464.000 4864464.000 4864464.000 8856432.000 999999936.000
1039824.000 16398144.000 4948128.000 5043744.000 24095232.000 103277232.000 31182768.000 143424.000 16756704.000 34875936.000 39764304.000 46397664.000 120105648.000 47867760.000 26605152.000 32617008.000 12023712.000 36644832.000 64552752.000 2402352.000 68759856.000 52851744.000 39047184.000 19971792.000 23796432.000 17724816.000 15382224.000 12406176.000 16876224.000 14139216.000 19852272.000 10230912.000 4625424.000 4625424.000 4625424.000 8342496.000 999999936.000
2509920.000 17318448.000 5438160.000 5497920.000 19135152.000 112838832.000 28577232.000 597600.000 18943920.000 37577088.000 44401680.000 49373712.000 115755120.000 54369648.000 21967776.000 31995504.000 10099440.000 40792176.000 53234208.000 1936224.000 69811632.000 42310080.000 39417696.000 21884112.000 26509536.000 19864224.000 15848352.000 13828464.000 18047520.000 11820528.000 15107328.000 7673184.000 5366448.000 5366448.000 5366448.000 9418176.000 999999936.000
3585600.000 17772624.000 6071616.000 6262848.000 19864224.000 83819376.000 36597024.000 1087632.000 20318400.000 28553328.000 33585120.000 51405552.000 130240944.000 40361904.000 23581296.000 29318256.000 10434096.000 43792128.000 77162112.000 2737008.000 74592432.000 42668640.000 41688576.000 18011664.000 28386000.000 21202848.000 13852368.000 10697040.000 18645120.000 14689008.000 15991776.000 10422144.000 5043744.000 5043744.000 5043744.000 7470000.000 999999936.000
4111488.000 19206864.000 9776736.000 10756800.000 18740736.000 88767504.000 34373952.000 1541808.000 21047472.000 30812256.000 36130896.000 52576848.000 121408416.000 43230384.000 21453840.000 26593200.000 10039680.000 45764208.000 71676144.000 3872448.000 76433040.000 40290192.000 42752304.000 17067456.000 29449728.000 21896064.000 11294640.000 11760768.000 18824400.000 13792608.000 14617296.000 9705024.000 4015872.000 4015872.000 4015872.000 8187120.000 999999936.000
5976000.000 24119136.000 17999712.000 19182960.000 15932016.000 92819232.000 34804224.000 2163312.000 21310416.000 32354064.000 37935648.000 53246160.000 111165552.000 45333936.000 18226800.000 24764544.000 8916192.000 47019168.000 62162352.000 5450112.000 70887312.000 34218576.000 41282208.000 19159056.000 29987568.000 22159008.000 13708944.000 12274704.000 18824400.000 12657168.000 12442032.000 8701056.000 4768848.000 4768848.000 4768848.000 8509824.000 999999936.000
7242912.000 25541424.000 26808336.000 28039392.000 14689008.000 93954672.000 34899840.000 3095568.000 21334320.000 33190704.000 38951568.000 53461296.000 112480272.000 46600848.000 16792560.000 21573360.000 10458000.000 47652624.000 59831712.000 7661232.000 57058848.000 31194720.000 32043312.000 19529568.000 30119040.000 22170960.000 13888224.000 12382272.000 18848304.000 14963904.000 11868336.000 8832528.000 4768848.000 4768848.000 4768848.000 8533728.000 999999936.000
6764832.000 23951808.000 35796240.000 36824112.000 15884208.000 86699808.000 29903904.000 5067648.000 18286560.000 33513408.000 39393792.000 53461296.000 119747088.000 47222352.000 18155088.000 23234688.000 10458000.000 47855808.000 51142608.000 10685088.000 51895584.000 33477552.000 34314192.000 19577376.000 27513504.000 19003680.000 13888224.000 12382272.000 16398144.000 12035664.000 12226896.000 10183104.000 4840560.000 4840560.000 4840560.000 8533728.000 999999936.000
7852464.000 26868096.000 35485488.000 35126928.000 14342400.000 83353248.000 39955536.000 8258832.000 19230768.000 33549264.000 39489408.000 53485200.000 93380976.000 35927712.000 21680928.000 24262560.000 10565568.000 47855808.000 51644592.000 9406224.000 53664480.000 38114928.000 35820144.000 19577376.000 32784336.000 19935936.000 13924080.000 12442032.000 17485776.000 12991824.000 14916096.000 12083472.000 5270832.000 5270832.000 5270832.000 8724960.000 999999936.000
8868384.000 25051392.000 39477456.000 39680640.000 13111344.000 79660080.000 35401824.000 12394224.000 18501696.000 33549264.000 39489408.000 53736192.000 90261504.000 38091024.000 19230768.000 28218672.000 12621312.000 47879712.000 46170576.000 10971936.000 47939472.000 37684656.000 36907776.000 21561408.000 30501504.000 19147104.000 16290576.000 12800592.000 16888176.000 12645216.000 13135248.000 11617344.000 7087536.000 7087536.000 7087536.000 9250848.000 999999936.000
16254720.000 32868000.000 40600944.000 40577040.000 11736864.000 69429168.000 36310176.000 18143136.000 20067408.000 33704640.000 39561120.000 54429408.000 93380976.000 41748336.000 16493760.000 21226752.000 10302624.000 48130704.000 45011232.000 11940048.000 50246208.000 30883968.000 36656784.000 18334368.000 31314240.000 20796480.000 12860352.000 13601376.000 18310464.000 13732848.000 11258784.000 9609408.000 6705072.000 6705072.000 6705072.000 10362384.000 999999936.000
18334368.000 32987520.000 46959408.000 33967584.000 15860304.000 71150256.000 27525456.000 19242720.000 15872256.000 39190608.000 35043264.000 43230384.000 84536496.000 37624896.000 22003632.000 28302336.000 15740784.000 42871824.000 38808144.000 9848448.000 36656784.000 41210496.000 42262272.000 24394032.000 24848208.000 16410096.000 18812448.000 17461872.000 14497776.000 10888272.000 15095376.000 12812544.000 11748816.000 11748816.000 11748816.000 10302624.000 999999936.000
23413968.000 42035184.000 42704496.000 40003344.000 13888224.000 62987040.000 30943728.000 18692928.000 18704880.000 35389872.000 32844096.000 50700384.000 72620352.000 33788304.000 19445904.000 24848208.000 16290576.000 40170672.000 37995408.000 11103408.000 43851888.000 36059184.000 36979488.000 23139072.000 30680784.000 19386144.000 18728784.000 17641152.000 17139168.000 11641248.000 13601376.000 11414160.000 13673088.000 13685040.000 13685040.000 10123344.000 999999936.000
18059472.000 32330160.000 49887648.000 36023328.000 13912128.000 63716112.000 33405840.000 20533536.000 14724864.000 37254384.000 35772336.000 41784192.000 80281584.000 35449632.000 19995696.000 25254576.000 19696896.000 37122912.000 39847968.000 8784720.000 36668736.000 36226512.000 37134864.000 25828272.000 25051392.000 15238800.000 21716784.000 20880144.000 13481856.000 11390256.000 14449968.000 11963952.000 18274608.000 18418032.000 18429984.000 11007792.000 999999936.000
21621168.000 34959600.000 59018976.000 45453456.000 16206912.000 52672464.000 28708704.000 21645072.000 14868288.000 39979440.000 37708560.000 42644736.000 64265904.000 36465552.000 17856288.000 22230720.000 18728784.000 38545200.000 33728544.000 11856384.000 35031312.000 31433760.000 28374048.000 29461680.000 24979680.000 15202944.000 20174976.000 25541424.000 13457952.000 13673088.000 13254768.000 10995840.000 18011664.000 25170912.000 24668928.000 11402208.000 999999936.000
20760624.000 33477552.000 69859440.000 44831952.000 14928048.000 49995216.000 27142992.000 22182912.000 13971888.000 43505280.000 38891808.000 39047184.000 55361664.000 36883872.000 17975808.000 18931968.000 18226800.000 34648848.000 31828176.000 10374336.000 33011424.000 31134960.000 31660848.000 34290288.000 23688864.000 14497776.000 17258688.000 31338144.000 12872304.000 11963952.000 13434048.000 11187072.000 15513696.000 31660848.000 32198688.000 11461968.000 999999936.000
21226752.000 41808096.000 67803696.000 49278096.000 12860352.000 53210304.000 22278528.000 25529472.000 14557536.000 42620832.000 35640864.000 40971456.000 52564896.000 38365920.000 15310512.000 21262608.000 15872256.000 36369936.000 26270496.000 10422144.000 28123056.000 24740640.000 28625040.000 34744464.000 24800400.000 15119280.000 19350288.000 33130944.000 13422096.000 11999808.000 11497824.000 9585504.000 17390160.000 35114976.000 35031312.000 13099392.000 999999936.000
25362144.000 58923360.000 54333792.000 49242240.000 13446000.000 57393504.000 21752640.000 22338288.000 16828416.000 38258352.000 30453696.000 48142656.000 47401632.000 40875840.000 14963904.000 18418032.000 15704928.000 42680592.000 25314336.000 12310560.000 29162880.000 25374096.000 26808336.000 31338144.000 28923840.000 17497728.000 16816464.000 30178800.000 15489792.000 12812544.000 11342448.000 9477936.000 15155136.000 31995504.000 31911840.000 11569536.000 999999936.000
26808336.000 61349616.000 55027008.000 48429504.000 14784624.000 54716256.000 23031504.000 22374144.000 12967920.000 41712480.000 32043312.000 42680592.000 49278096.000 37051200.000 15800544.000 19362240.000 16565472.000 37828080.000 26772480.000 11641248.000 24884064.000 26796384.000 27298368.000 34397856.000 25433856.000 15310512.000 17724816.000 32975568.000 12764736.000 12501792.000 11963952.000 9967968.000 15979824.000 34935696.000 34852032.000 11987856.000 999999936.000
32545296.000 56676384.000 48345840.000 43158672.000 15549552.000 53724240.000 23736672.000 22708800.000 14402160.000 44246304.000 33035328.000 37278288.000 50222304.000 37493424.000 16171056.000 19804464.000 16935984.000 33812208.000 27644976.000 11163168.000 28445760.000 27656928.000 28099152.000 36608976.000 21800448.000 13135248.000 18167040.000 34947648.000 12430080.000 14402160.000 12202992.000 10123344.000 16350336.000 37039248.000 36943632.000 12991824.000 999999936.000
38246400.000 54584784.000 51859728.000 40493376.000 13446000.000 52110720.000 23999616.000 16744752.000 12633264.000 45895680.000 32473584.000 42274224.000 52349760.000 32868000.000 16230816.000 19912032.000 16983792.000 36573120.000 27991584.000 12358368.000 24334272.000 27991584.000 21131136.000 37959552.000 25469712.000 15585408.000 18238752.000 36142848.000 11701008.000 13601376.000 12214944.000 10123344.000 16398144.000 38330064.000 38246400.000 12501792.000 999999936.000
40875840.000 50760144.000 40792176.000 40995360.000 13350384.000 62305776.000 24011568.000 18943920.000 12609360.000 40051152.000 29760480.000 42859872.000 52003152.000 39836016.000 16230816.000 19912032.000 16983792.000 37971504.000 28027440.000 12501792.000 22314384.000 28027440.000 22804416.000 35306208.000 25804368.000 16278624.000 18238752.000 31409856.000 11701008.000 13708944.000 12226896.000 10171152.000 16398144.000 38951568.000 38867904.000 17007696.000 999999936.000
42967440.000 49863744.000 48847824.000 43553088.000 14091408.000 52206336.000 22983696.000 20210832.000 13983840.000 47114784.000 33549264.000 43182576.000 49051008.000 40409712.000 13852368.000 17127216.000 14665104.000 38401776.000 28027440.000 13840416.000 23700816.000 24023520.000 23892048.000 36704592.000 26629056.000 17688960.000 14904144.000 36812160.000 13003776.000 14509728.000 11151216.000 8521776.000 14163120.000 33561216.000 33489504.000 19314432.000 999999936.000
43481376.000 52576848.000 47174544.000 42417648.000 11270736.000 42704496.000 18537552.000 16206912.000 14689008.000 47186496.000 33620976.000 43959456.000 39393792.000 32724576.000 14473872.000 23306400.000 20151072.000 39286224.000 28194768.000 14605344.000 24429888.000 32210640.000 19326384.000 38903760.000 28135008.000 19900080.000 15453936.000 36812160.000 13661136.000 11605392.000 10780704.000 9752832.000 18167040.000 39154752.000 39071088.000 16673040.000 999999936.000
42130800.000 57357648.000 54190368.000 46576944.000 10458000.000 43110864.000 17939952.000 17521632.000 13601376.000 47186496.000 34063200.000 45405648.000 39417696.000 36668736.000 12525696.000 18238752.000 15967872.000 40911696.000 24609168.000 14868288.000 21489696.000 24609168.000 20581344.000 38915712.000 30513456.000 22971744.000 15179040.000 36836064.000 13039632.000 10780704.000 9788688.000 8414208.000 16876224.000 39166704.000 39083040.000 19003680.000 999999936.000
41330016.000 52947360.000 58493088.000 39202560.000 11736864.000 40887792.000 20127168.000 18214848.000 16326432.000 51620688.000 34971552.000 37792224.000 40242384.000 31146912.000 14115312.000 20497680.000 18178992.000 34278336.000 27011520.000 14892192.000 27860112.000 27047376.000 17318448.000 44760240.000 24848208.000 19445904.000 15752736.000 38521296.000 14724864.000 14975856.000 11019744.000 9418176.000 17724816.000 36047232.000 35963568.000 20557440.000 999999936.000
46564992.000 49206384.000 56329776.000 45393696.000 10051632.000 40983408.000 17461872.000 21107232.000 14975856.000 50258160.000 41796144.000 43433568.000 36369936.000 34230528.000 12370320.000 18824400.000 16780608.000 39537216.000 24513552.000 17031600.000 24680880.000 24585264.000 19051488.000 39788208.000 27322272.000 21071376.000 13720896.000 41939568.000 13900176.000 13218912.000 9681120.000 8282736.000 16386192.000 32401872.000 32330160.000 24417936.000 999999936.000
44867808.000 53544960.000 55564848.000 45214416.000 10553616.000 39596976.000 18370224.000 18489744.000 15143184.000 48811968.000 39178656.000 40338000.000 37099008.000 31768416.000 12979872.000 20581344.000 18334368.000 37971504.000 26712720.000 12920112.000 24884064.000 26796384.000 17784576.000 40971456.000 28397952.000 23103216.000 14414112.000 39345984.000 14103360.000 13218912.000 10159200.000 8701056.000 17916048.000 35270352.000 35174736.000 21716784.000 999999936.000
42214464.000 51656544.000 43875792.000 57058848.000 10708992.000 37146816.000 18812448.000 15848352.000 15728832.000 45214416.000 40529232.000 39083040.000 38581056.000 28099152.000 13206960.000 21680928.000 19290528.000 34409808.000 28206720.000 15645168.000 25481664.000 28206720.000 15752736.000 43075008.000 30848112.000 24417936.000 14700960.000 41664672.000 14724864.000 13266720.000 10290672.000 8784720.000 18824400.000 37206576.000 37110960.000 18645120.000 999999936.000
46445472.000 47341872.000 51776064.000 53963280.000 10708992.000 34027344.000 20653056.000 16577424.000 14736816.000 46995264.000 49720320.000 39094992.000 30190752.000 29306304.000 13218912.000 16888176.000 15382224.000 35605008.000 23091264.000 14689008.000 22660992.000 21991680.000 20665008.000 46003248.000 27429840.000 22493664.000 14724864.000 44843904.000 13804560.000 14880240.000 10290672.000 8784720.000 19266624.000 38485440.000 38401776.000 24860160.000 999999936.000
44210448.000 46564992.000 45321984.000 61194240.000 12286656.000 31864032.000 19864224.000 15848352.000 14330448.000 42298128.000 53568864.000 35067168.000 32664816.000 25935840.000 15131232.000 19876176.000 17724816.000 31983552.000 24633072.000 14246784.000 23127120.000 25792416.000 18418032.000 49768128.000 24764544.000 19649088.000 14916096.000 48955392.000 13446000.000 15238800.000 11820528.000 10147248.000 19326384.000 39094992.000 39011328.000 21908016.000 999999936.000
42644736.000 54118656.000 51967296.000 54417456.000 9501840.000 32138928.000 16278624.000 17330400.000 14115312.000 46146672.000 61528896.000 36788256.000 29294352.000 27202752.000 11545632.000 15669072.000 13983840.000 33585120.000 20330352.000 15465888.000 21441888.000 20366208.000 18155088.000 55170432.000 25971696.000 20629152.000 14700960.000 54764064.000 13732848.000 13637232.000 9155232.000 7948080.000 19326384.000 39310128.000 39226464.000 22410000.000 999999936.000
43063056.000 59939280.000 51584832.000 47891664.000 10768752.000 28768464.000 17772624.000 14438016.000 13768704.000 37290240.000 62568720.000 28505520.000 28708704.000 22135104.000 12872304.000 21346272.000 18991728.000 28445760.000 21884112.000 12238848.000 21919968.000 22135104.000 15477840.000 69967008.000 20163024.000 16290576.000 17724816.000 54560880.000 12477888.000 16003728.000 10350432.000 9143280.000 22206816.000 44939520.000 44843904.000 18812448.000 999999936.000
41832000.000 61552800.000 60524928.000 48047040.000 11629296.000 29043360.000 18764640.000 16206912.000 14593392.000 41102928.000 61062768.000 33178752.000 27059328.000 24656976.000 13792608.000 21178944.000 19027584.000 27585216.000 21609216.000 14497776.000 22469760.000 21728736.000 18190944.000 50509152.000 23569344.000 18836352.000 16613280.000 48800016.000 13732848.000 17067456.000 11175120.000 9908208.000 19828368.000 39334032.000 39250368.000 22039488.000 999999936.000
46074960.000 61636464.000 57309840.000 50007168.000 11127312.000 28720656.000 17975808.000 15035616.000 13422096.000 38820096.000 60740064.000 30609072.000 27214704.000 22768560.000 13171104.000 18979776.000 16649136.000 27895968.000 19959840.000 13326480.000 20724768.000 20055456.000 17461872.000 59843664.000 21764592.000 17402112.000 21226752.000 52983216.000 12609360.000 16326432.000 10708992.000 9513792.000 23772528.000 43349904.000 39477456.000 21334320.000 999999936.000
55206288.000 60453216.000 57477168.000 47819952.000 11557584.000 28063296.000 18824400.000 15346368.000 13625280.000 39991392.000 69632352.000 31457664.000 26557344.000 23342256.000 13732848.000 16159104.000 14402160.000 28744560.000 20402064.000 13541616.000 21226752.000 17545536.000 17820432.000 53736192.000 22290480.000 17760672.000 18394128.000 56293920.000 12800592.000 17139168.000 11139264.000 9203040.000 19254672.000 36429696.000 40134816.000 22493664.000 999999936.000
58457232.000 59114592.000 56258064.000 49959360.000 9967968.000 28218672.000 16445952.000 15394176.000 11689056.000 40588992.000 64648368.000 27274464.000 25457760.000 20437920.000 11904192.000 19266624.000 17318448.000 27824256.000 17569440.000 11617344.000 18286560.000 20581344.000 18609264.000 62126496.000 19218816.000 15274656.000 25027488.000 55959264.000 10971936.000 14963904.000 9609408.000 9083520.000 24896016.000 41473440.000 41425632.000 23079312.000 999999936.000
65843568.000 57178368.000 51178464.000 43887744.000 13290624.000 22147056.000 21991680.000 15394176.000 15609312.000 40744368.000 49529088.000 36429696.000 22923936.000 26581248.000 14163120.000 20258640.000 18429984.000 30370032.000 23425920.000 15513696.000 24382080.000 20581344.000 18657072.000 49541040.000 25625088.000 20366208.000 21155040.000 43039152.000 14653152.000 19983744.000 12537648.000 9872352.000 28362096.000 31541328.000 31553280.000 23258592.000 999999936.000
65305728.000 59879520.000 56963232.000 49481280.000 10135296.000 24692832.000 19242720.000 15549552.000 13912128.000 40744368.000 51931440.000 31875984.000 23569344.000 23545440.000 13637232.000 21884112.000 20186928.000 29115072.000 20186928.000 13828464.000 21394080.000 20629152.000 18657072.000 45286128.000 22469760.000 17939952.000 23569344.000 45955440.000 13099392.000 17485776.000 10697040.000 9979920.000 33023376.000 35497440.000 35389872.000 23258592.000 999999936.000
69393312.000 61289856.000 53497152.000 48501216.000 11952000.000 17270640.000 16589376.000 14963904.000 11916144.000 38867904.000 54297936.000 27740592.000 23868144.000 23856192.000 14175072.000 24477696.000 22959792.000 26318304.000 18346320.000 9800640.000 19099296.000 20999664.000 13254768.000 51238224.000 22840272.000 18453888.000 25696800.000 48070944.000 13852368.000 16457904.000 10912176.000 10469952.000 39477456.000 38342016.000 38294208.000 22457808.000 999999936.000
60859584.000 55409472.000 42525216.000 46744272.000 14844384.000 12573504.000 22625136.000 12418128.000 12155184.000 27059328.000 44294112.000 24919920.000 21011616.000 24382080.000 17055504.000 32150880.000 30680784.000 16242768.000 24907968.000 11605392.000 25302384.000 25015536.000 11796624.000 44855856.000 23605200.000 19422000.000 30883968.000 37911744.000 15131232.000 19398096.000 14378256.000 13147200.000 54776016.000 46218384.000 46134720.000 17557488.000 999999936.000
49947408.000 64481040.000 37481472.000 51166512.000 13864320.000 10266768.000 29844144.000 20641104.000 3729024.000 27322272.000 41915664.000 7314624.000 21346272.000 2031840.000 6776784.000 42812064.000 41581008.000 21692880.000 27107136.000 1792800.000 25876080.000 9800640.000 3932208.000 35318160.000 4709088.000 30310272.000 30071232.000 49780080.000 18131184.000 18800496.000 15119280.000 7661232.000 41604912.000 53616672.000 53449344.000 28911888.000 950207904.000
45226368.000 52600752.000 32198688.000 54321840.000 13649184.000 5605488.000 29091168.000 20091312.000 1517904.000 32844096.000 41067072.000 2342592.000 19696896.000 61469136.000 83664.000 53568864.000 52517088.000 19876176.000 24214752.000 4529808.000 20987712.000 83664.000 14330448.000 21525552.000 8784720.000 27621072.000 29557296.000 50987232.000 12011760.000 18549504.000 15238800.000 11605392.000 60692256.000 54285984.000 56210256.000 28123056.000 997107552.000
12131280.000 41067072.000 37517328.000 62030880.000 35856.000 15967872.000 21836304.000 23139072.000 27298368.000 3764880.000 30501504.000 48178512.000 17175024.000 82719792.000 83664.000 44580960.000 45656640.000 20163024.000 16147152.000 39812112.000 22003632.000 83664.000 4709088.000 12059568.000 31075200.000 5091552.000 24274512.000 43302096.000 83664.000 13792608.000 18884160.000 35856.000 46612800.000 60596640.000 47903616.000 32605056.000 952921008.000
11438064.000 42967440.000 36776304.000 33095088.000 12370320.000 22804416.000 25744608.000 21083328.000 32115024.000 1517904.000 36907776.000 71807616.000 17545536.000 9131328.000 24979680.000 48023136.000 41999328.000 19374192.000 14689008.000 67660272.000 21334320.000 14557536.000 1517904.000 15716880.000 30059280.000 1517904.000 24358176.000 40433616.000 12704976.000 12334464.000 17868240.000 17378208.000 51871680.000 58815792.000 48692448.000 29880000.000 991071792.000
27585216.000 50401584.000 41903712.000 1756944.000 43206480.000 0.000 3035808.000 16983792.000 0.000 35856.000 19792512.000 61696224.000 3119472.000 3047760.000 69321600.000 55624608.000 38724480.000 12286656.000 17163072.000 110233296.000 2438208.000 24692832.000 20939904.000 0.000 3561696.000 22876128.000 26079264.000 0.000 35856.000 8258832.000 20282544.000 49505184.000 55062864.000 45596880.000 40529232.000 0.000 895778496.000
32593104.000 44820000.000 44509248.000 6466032.000 61696224.000 5330592.000 1517904.000 18477792.000 5784768.000 5617440.000 2677248.000 72381312.000 2605536.000 64337616.000 103635792.000 46505232.000 33166800.000 14796576.000 13959936.000 93679776.000 1517904.000 25780464.000 30142944.000 4219056.000 2187216.000 33118992.000 21429936.000 6107472.000 8222976.000 9023760.000 16254720.000 42764256.000 45142704.000 40875840.000 32545296.000 6107472.000 999999936.000
23724720.000 35891856.000 42130800.000 17079408.000 81907056.000 7541712.000 22732704.000 20127168.000 12418128.000 1517904.000 1565712.000 30142944.000 1147392.000 67457088.000 108034128.000 28648944.000 27979632.000 12143232.000 15704928.000 13553568.000 19661040.000 28326240.000 40839984.000 6262848.000 22601232.000 51357744.000 5234976.000 15131232.000 5736960.000 10744848.000 18286560.000 52839792.000 11043648.000 5246928.000 1159344.000 23354208.000 889276608.000
43397712.000 49433472.000 39907728.000 31995504.000 81393120.000 752976.000 41198544.000 20820384.000 370512.000 3848544.000 4613472.000 752976.000 3286800.000 58182336.000 131400288.000 44306064.000 32999472.000 13936032.000 17473824.000 1517904.000 35222544.000 29999520.000 38832048.000 370512.000 25589232.000 79695936.000 1517904.000 370512.000 1517904.000 12071520.000 20581344.000 62198208.000 1517904.000 5282784.000 3011904.000 370512.000 939737952.000
35891856.000 40624848.000 37003392.000 30393936.000 63297792.000 11485872.000 38091024.000 18728784.000 13362336.000 10218960.000 11187072.000 18190944.000 7768800.000 43218432.000 91193760.000 30119040.000 22302432.000 10541664.000 11402208.000 52947360.000 32581152.000 23581296.000 33513408.000 8007840.000 20139120.000 97050240.000 26437824.000 15525648.000 19445904.000 8450064.000 13625280.000 41079024.000 30262464.000 21143088.000 6776784.000 4410288.000 999999936.000
34290288.000 41007312.000 40529232.000 31481568.000 43134768.000 12191040.000 34792272.000 16398144.000 24537456.000 14390208.000 9956016.000 26533440.000 9597456.000 44903664.000 63895392.000 24860160.000 18489744.000 10912176.000 10171152.000 72787680.000 29891952.000 15525648.000 32915808.000 11294640.000 21597264.000 119938320.000 28768464.000 25111152.000 20748672.000 8521776.000 12119328.000 33501456.000 24286464.000 22481712.000 8438112.000 0.000 999999936.000
33250464.000 44509248.000 41640768.000 33871968.000 37110960.000 13876272.000 38784240.000 16422048.000 34517376.000 20234736.000 8665200.000 24561360.000 9143280.000 45907632.000 54680400.000 26652960.000 19852272.000 10959984.000 11569536.000 57740112.000 33453648.000 13661136.000 27107136.000 10673136.000 22445856.000 123703200.000 27393984.000 24131088.000 19935936.000 8904240.000 13708944.000 35772336.000 21549456.000 25469712.000 8139312.000 0.000 999999936.000
35772336.000 45178560.000 51465312.000 34421760.000 39656736.000 14868288.000 41688576.000 16684992.000 48572928.000 28481616.000 9382320.000 27585216.000 10493856.000 46349856.000 58098672.000 27740592.000 20629152.000 12346416.000 12286656.000 68951088.000 35963568.000 14760720.000 33369984.000 12191040.000 26055360.000 24143040.000 30549312.000 27298368.000 22517568.000 9788688.000 14641200.000 37230480.000 23007600.000 28433808.000 9310608.000 83664.000 999999936.000
36334080.000 45680544.000 45991296.000 34995456.000 41234400.000 15310512.000 43553088.000 17366256.000 70277760.000 40063104.000 9609408.000 29605104.000 11187072.000 46433520.000 60393456.000 28242576.000 20892096.000 9681120.000 12609360.000 53676432.000 37517328.000 15262704.000 28625040.000 13051584.000 19577376.000 454176.000 32640912.000 29425824.000 23915952.000 11342448.000 15059520.000 38055168.000 23832288.000 27836208.000 9872352.000 394416.000 999999936.000
36895824.000 47975328.000 39824064.000 38533248.000 42202512.000 15394176.000 44688528.000 18167040.000 66990960.000 56365632.000 9621360.000 30860064.000 11450016.000 46433520.000 38449584.000 28362096.000 20916000.000 11569536.000 12633264.000 51070896.000 38461536.000 15394176.000 28230624.000 13422096.000 22840272.000 454176.000 29043360.000 30800304.000 21226752.000 13852368.000 15143184.000 38377872.000 24143040.000 29401920.000 10039680.000 764928.000 999999936.000
33740496.000 50305968.000 48991248.000 38927664.000 33943680.000 15394176.000 35628912.000 21465792.000 59258016.000 55971216.000 9633312.000 31505472.000 11461968.000 46517184.000 43457472.000 28362096.000 20916000.000 12609360.000 12633264.000 47736288.000 38855952.000 15394176.000 31039344.000 13469904.000 22983696.000 764928.000 39585024.000 25027488.000 28720656.000 13159152.000 15143184.000 38401776.000 24178896.000 24405984.000 10039680.000 370512.000 999999936.000
36549216.000 51166512.000 59640480.000 42489360.000 32557248.000 15465888.000 34194672.000 24011568.000 51919488.000 55696320.000 9848448.000 31708656.000 11473920.000 46923552.000 35485488.000 28409904.000 21107232.000 14306544.000 12800592.000 49266144.000 38903760.000 15441984.000 31039344.000 13469904.000 23473728.000 1470096.000 34875936.000 24214752.000 25182864.000 13840416.000 15214896.000 38401776.000 24178896.000 23509584.000 10063584.000 1697184.000 999999936.000
37875888.000 51644592.000 52803936.000 44150688.000 34409808.000 15896160.000 36238464.000 28206720.000 57082752.000 44389728.000 10481904.000 31708656.000 11677104.000 47808000.000 32258448.000 28780416.000 21680928.000 16995744.000 13350384.000 40433616.000 38903760.000 15788592.000 31063248.000 13601376.000 24525504.000 2856528.000 34672752.000 25601184.000 21585312.000 15214896.000 15657120.000 38557152.000 24334272.000 26139024.000 10386288.000 3238992.000 999999936.000
36250416.000 52911504.000 55756080.000 44640720.000 33166800.000 16840368.000 37541232.000 28660896.000 51596784.000 41832000.000 10637280.000 31732560.000 11222928.000 45130752.000 32449680.000 29652912.000 20485728.000 20760624.000 14509728.000 44186544.000 39011328.000 15167088.000 28708704.000 12884256.000 26390016.000 4482000.000 30119040.000 25039440.000 23162976.000 16051536.000 16613280.000 39130848.000 20545488.000 27967680.000 10147248.000 4613472.000 999999936.000
35413776.000 50521104.000 56126592.000 52110720.000 26437824.000 21178944.000 43660656.000 28135008.000 44831952.000 34541280.000 9657216.000 31971600.000 10087488.000 38270304.000 11282688.000 31111056.000 18310464.000 29605104.000 16326432.000 41138784.000 45190512.000 13386240.000 28182816.000 11366352.000 33358032.000 4673232.000 40122864.000 19744704.000 22935888.000 16505712.000 18178992.000 46051056.000 21931920.000 33202656.000 9203040.000 5246928.000 999999936.000
39979440.000 44784144.000 54584784.000 51501168.000 27405936.000 21107232.000 38401776.000 24752592.000 39513312.000 37350000.000 10936080.000 34756416.000 11414160.000 46553040.000 5904288.000 38318112.000 23617152.000 32605056.000 21979728.000 38449584.000 40541184.000 15107328.000 27644976.000 12884256.000 32963616.000 6191136.000 28326240.000 21692880.000 22529520.000 18597312.000 23724720.000 42238368.000 18429984.000 29521440.000 10410192.000 5282784.000 999999936.000
27417888.000 24907968.000 42644736.000 60859584.000 2390400.000 27047376.000 46839888.000 9657216.000 22278528.000 13983840.000 2820672.000 41557104.000 15716880.000 54046944.000 28708704.000 42322032.000 25338240.000 33740496.000 26760528.000 32222592.000 54536976.000 4290768.000 20939904.000 17796528.000 26485632.000 6489936.000 15214896.000 27931824.000 26031456.000 19362240.000 28194768.000 46361808.000 6107472.000 38079072.000 4876416.000 3932208.000 927893520.000
46158624.000 370512.000 752976.000 73038672.000 4063680.000 25577280.000 38186640.000 1183248.000 23820336.000 39704544.000 3047760.000 51525072.000 17892144.000 68102496.000 55875600.000 59425344.000 32808240.000 42728400.000 40577040.000 2007936.000 64469088.000 5282784.000 179280.000 20354256.000 179280.000 8127360.000 370512.000 32091120.000 26485632.000 23031504.000 41796144.000 47270160.000 752976.000 42310080.000 3669264.000 179280.000 943395264.000
40804128.000 25768512.000 30644928.000 77233824.000 11151216.000 24465744.000 35055216.000 13290624.000 20342304.000 32557248.000 14569488.000 39704544.000 12549600.000 48943440.000 64935216.000 44963424.000 24441840.000 35748432.000 38102976.000 22959792.000 46290096.000 21704832.000 11677104.000 14306544.000 14282640.000 5689152.000 31278384.000 22505616.000 19649088.000 18764640.000 38342016.000 36549216.000 20461824.000 25374096.000 10183104.000 4709088.000 999999936.000
57775968.000 33537312.000 33346080.000 66584592.000 18406080.000 17055504.000 24692832.000 28075248.000 14258736.000 22421952.000 20497680.000 30178800.000 12549600.000 38903760.000 50413536.000 37397808.000 25517520.000 38664720.000 28374048.000 42800112.000 36931680.000 30561264.000 18728784.000 14306544.000 36597024.000 6728976.000 39106944.000 23736672.000 20270592.000 13553568.000 28350144.000 28899936.000 18776592.000 21465792.000 14318496.000 6215040.000 999999936.000
50126688.000 36226512.000 36202608.000 69859440.000 16493760.000 18501696.000 26593200.000 25111152.000 15406128.000 24214752.000 24991632.000 28565280.000 11701008.000 30943728.000 43445520.000 35210592.000 23342256.000 35796240.000 24704784.000 48764160.000 35485488.000 34720560.000 18979776.000 16469856.000 41485392.000 5175216.000 33214608.000 20294496.000 18884160.000 15501744.000 31995504.000 31111056.000 21394080.000 27621072.000 16206912.000 5258880.000 999999936.000
54285984.000 36812160.000 42082992.000 70170192.000 17306496.000 22087296.000 31720608.000 26019504.000 16720848.000 25852176.000 22314384.000 25613136.000 10936080.000 29019456.000 43541136.000 30728592.000 23461776.000 31421808.000 23999616.000 44114832.000 31875984.000 31828176.000 16099344.000 14844384.000 37804176.000 5617440.000 32700672.000 18800496.000 17234784.000 17521632.000 34469568.000 37134864.000 26425872.000 29234592.000 15155136.000 5043744.000 999999936.000
56975184.000 37361952.000 32043312.000 72178128.000 19135152.000 16828416.000 24298416.000 28625040.000 15358320.000 25158960.000 24656976.000 26999568.000 11999808.000 30680784.000 41808096.000 32485536.000 23963760.000 32234544.000 25409952.000 48274128.000 31995504.000 34804224.000 17043552.000 15836400.000 41258304.000 6179184.000 34553232.000 20700864.000 18943920.000 16374240.000 36166752.000 28493568.000 20676960.000 28445760.000 16792560.000 5258880.000 999999936.000
49039056.000 40469472.000 40278240.000 47616768.000 20270592.000 19661040.000 28529424.000 30405888.000 16075440.000 25935840.000 26174880.000 25206768.000 10697040.000 31684752.000 45166608.000 33573168.000 25015536.000 29234592.000 26222688.000 52409520.000 29760480.000 31529376.000 17497728.000 16959888.000 40553136.000 6358464.000 35736480.000 21860208.000 17079408.000 17473824.000 37194624.000 33525360.000 24573312.000 25756560.000 15202944.000 5270832.000 999999936.000
42824016.000 45202464.000 48680496.000 46553040.000 18190944.000 19661040.000 28529424.000 27907920.000 16171056.000 25935840.000 20796480.000 28087200.000 12633264.000 28517472.000 43314048.000 29557296.000 22242672.000 34039296.000 23103216.000 53066880.000 34206624.000 34696656.000 15059520.000 15836400.000 38055168.000 5450112.000 36274320.000 19206864.000 20390112.000 17485776.000 37660752.000 33549264.000 24680880.000 29760480.000 18143136.000 4529808.000 999999936.000
42895728.000 45059040.000 59532912.000 47066976.000 15872256.000 19828368.000 28553328.000 23784480.000 16290576.000 25983648.000 20234736.000 28111104.000 12633264.000 32210640.000 33979536.000 34134912.000 20653056.000 34134912.000 21071376.000 55050912.000 34302240.000 28386000.000 17569440.000 16135200.000 33680736.000 6382368.000 36393840.000 22589280.000 20497680.000 17509680.000 37732464.000 33549264.000 24680880.000 29784384.000 18238752.000 5485968.000 999999936.000
41891760.000 42071040.000 66405312.000 49039056.000 14509728.000 20378160.000 28876032.000 21657024.000 17175024.000 23318352.000 21716784.000 28111104.000 12669120.000 31230576.000 32294304.000 33740496.000 22469760.000 34134912.000 20055456.000 53019072.000 34302240.000 30393936.000 17641152.000 18178992.000 35999424.000 6645312.000 31194720.000 22589280.000 20497680.000 17772624.000 37350000.000 33764400.000 24752592.000 29796336.000 18238752.000 6119424.000 999999936.000
48668544.000 57082752.000 69572592.000 46541088.000 17485776.000 17904096.000 24752592.000 26186832.000 15406128.000 25864128.000 19888128.000 23832288.000 12991824.000 32282352.000 35700624.000 34194672.000 25409952.000 28780416.000 26091216.000 57548880.000 28899936.000 26246592.000 18083376.000 16924032.000 32652864.000 7386336.000 37899792.000 19493712.000 20569392.000 15477840.000 32162832.000 28792368.000 21143088.000 25230672.000 15441984.000 7410240.000 999999936.000
49935456.000 50461344.000 69584544.000 43959456.000 20174976.000 17545536.000 23892048.000 30417840.000 15513696.000 22123152.000 19696896.000 22983696.000 13756752.000 37385856.000 28768464.000 38294208.000 30214656.000 27525456.000 28660896.000 56748096.000 27633024.000 24023520.000 21740688.000 14856336.000 28182816.000 10051632.000 40565088.000 20545488.000 20927952.000 15214896.000 30322224.000 27597168.000 20497680.000 24238656.000 15095376.000 10864368.000 999999936.000
49541040.000 52290000.000 73182096.000 46648656.000 17653104.000 19445904.000 26413920.000 26688816.000 16434000.000 24370128.000 15752736.000 25290432.000 15119280.000 30023424.000 30501504.000 32198688.000 24585264.000 30310272.000 26449776.000 54046944.000 30417840.000 25529472.000 17677008.000 15908112.000 30023424.000 9394272.000 37612944.000 17270640.000 21776544.000 16900128.000 33310224.000 30429792.000 22684896.000 26808336.000 16768656.000 10541664.000 999999936.000
51525072.000 59891472.000 61194240.000 50449392.000 17688960.000 17163072.000 23162976.000 26688816.000 15262704.000 21489696.000 21680928.000 23162976.000 17449920.000 32521392.000 26222688.000 38736432.000 29222640.000 26641008.000 26521488.000 48190464.000 26712720.000 22027536.000 22314384.000 16445952.000 31182768.000 16302528.000 39166704.000 20330352.000 19338336.000 14892192.000 29282400.000 26748576.000 20043504.000 23641056.000 17760672.000 18943920.000 999999936.000
53544960.000 69058656.000 63919296.000 52899552.000 18011664.000 15860304.000 21274560.000 26796384.000 13792608.000 19732752.000 19159056.000 21776544.000 23880096.000 27943776.000 23963760.000 42369840.000 26939808.000 24394032.000 26521488.000 46242288.000 24453792.000 20198880.000 18788544.000 18931968.000 36274320.000 18573408.000 41365872.000 16553520.000 18884160.000 13852368.000 26784432.000 24465744.000 18465840.000 21764592.000 20210832.000 22350240.000 999999936.000
56532960.000 63608544.000 65281824.000 52361712.000 18776592.000 16864272.000 22649040.000 27238608.000 14700960.000 21023568.000 16422048.000 20425968.000 21692880.000 28338192.000 25493616.000 38282256.000 27023472.000 25935840.000 26617104.000 43983360.000 26007552.000 21489696.000 17784576.000 14198976.000 27322272.000 21609216.000 44545104.000 15047568.000 20951856.000 14700960.000 28445760.000 26031456.000 19625184.000 23079312.000 16326432.000 29581200.000 999999936.000
58050864.000 51728256.000 64325664.000 49385664.000 20210832.000 13242816.000 19230768.000 28218672.000 15334416.000 17414064.000 21931920.000 18513648.000 24573312.000 25935840.000 20688912.000 36680688.000 20414016.000 23067360.000 27035424.000 42561072.000 23198832.000 19959840.000 25254576.000 18991728.000 36429696.000 34780320.000 49110768.000 20676960.000 18991728.000 11509776.000 22230720.000 23987664.000 16087392.000 20629152.000 20939904.000 38676672.000 999999936.000
59999040.000 53963280.000 65867472.000 46290096.000 22350240.000 13613328.000 19517616.000 29832192.000 15143184.000 16924032.000 19505664.000 17605296.000 23641056.000 25182864.000 20449872.000 37039248.000 23186880.000 20927952.000 27943776.000 38903760.000 21035520.000 17258688.000 22828320.000 16995744.000 31923792.000 40828032.000 55732176.000 18238752.000 17246736.000 11963952.000 22708800.000 21023568.000 18107280.000 18704880.000 18394128.000 49122720.000 999999936.000
56963232.000 57536928.000 56736144.000 49421520.000 22923936.000 14629248.000 17294544.000 32437728.000 15955920.000 16266672.000 17844336.000 15561504.000 23413968.000 24131088.000 19696896.000 36632880.000 22911984.000 19565424.000 26903952.000 35724528.000 19242720.000 15824448.000 23079312.000 16266672.000 29545344.000 52254144.000 60118560.000 18238752.000 15955920.000 13744800.000 21800448.000 19242720.000 15382224.000 17832384.000 16493760.000 62425296.000 999999936.000
59915376.000 64469088.000 64469088.000 52242192.000 23186880.000 11103408.000 14629248.000 41102928.000 16386192.000 14545584.000 16194960.000 15131232.000 19230768.000 20079360.000 18740736.000 31111056.000 21812400.000 16684992.000 26832240.000 32748480.000 16780608.000 13864320.000 23091264.000 14330448.000 25218720.000 73074528.000 55062864.000 18274608.000 13768704.000 13457952.000 20653056.000 16768656.000 12800592.000 14892192.000 15238800.000 72106416.000 999999936.000
60524928.000 62030880.000 67887360.000 54011088.000 22911984.000 11880288.000 15657120.000 41031216.000 15752736.000 14533632.000 18226800.000 15095376.000 20736720.000 21908016.000 17665056.000 32306256.000 20521584.000 17868240.000 26234640.000 33095088.000 17939952.000 14844384.000 23091264.000 16171056.000 28146960.000 65795760.000 53939376.000 18585360.000 14760720.000 12800592.000 19433952.000 17951904.000 13696992.000 15943968.000 17043552.000 59975136.000 999999936.000
57034944.000 62975088.000 69524784.000 53879616.000 24573312.000 12250800.000 16183008.000 40326048.000 16159104.000 15035616.000 19601280.000 15621264.000 21692880.000 21680928.000 18274608.000 32784336.000 18465840.000 18525600.000 28099152.000 31290336.000 18609264.000 15370272.000 23306400.000 17366256.000 30274416.000 52325856.000 57405456.000 19338336.000 15286608.000 12824496.000 20139120.000 18609264.000 14151168.000 16493760.000 18178992.000 56341728.000 999999936.000
61612560.000 56030976.000 69716016.000 53186400.000 21872160.000 10541664.000 13983840.000 54656496.000 16959888.000 12979872.000 20306448.000 14497776.000 22111200.000 22266576.000 15848352.000 34111008.000 21310416.000 18740736.000 25039440.000 34063200.000 18214848.000 15477840.000 23927904.000 17963856.000 31529376.000 66680208.000 53019072.000 20784528.000 15394176.000 11234880.000 17485776.000 16625232.000 12191040.000 16649136.000 18752688.000 44234352.000 999999936.000
63441216.000 59927328.000 59413392.000 50867712.000 21752640.000 14055552.000 18645120.000 46206432.000 16075440.000 17306496.000 20569392.000 16959888.000 22170960.000 22888080.000 21131136.000 25398000.000 21836304.000 18740736.000 24728688.000 35162784.000 19433952.000 15477840.000 25135056.000 18155088.000 32222592.000 56903472.000 49481280.000 23091264.000 15394176.000 12143232.000 23330304.000 21023568.000 16254720.000 16649136.000 18908064.000 39118896.000 999999936.000
76361328.000 61361568.000 60309792.000 53939376.000 20473776.000 12430080.000 16362288.000 46493280.000 16756704.000 15202944.000 20581344.000 15788592.000 22170960.000 22589280.000 18513648.000 27214704.000 21585312.000 18764640.000 23390064.000 34720560.000 18848304.000 15537600.000 27059328.000 18155088.000 32449680.000 53401536.000 47616768.000 26198784.000 15453936.000 11892240.000 20425968.000 18848304.000 14306544.000 16696944.000 18908064.000 39190608.000 999999936.000
70815600.000 56114640.000 67791744.000 51979248.000 18310464.000 12944016.000 16732800.000 51537024.000 18274608.000 15597360.000 20581344.000 16159104.000 22278528.000 22445856.000 18776592.000 28230624.000 21489696.000 19015632.000 21477744.000 34302240.000 19111248.000 15908112.000 29951712.000 18178992.000 32461632.000 47855808.000 44102880.000 30513456.000 15824448.000 12896208.000 20641104.000 19099296.000 14748768.000 17031600.000 18931968.000 37887840.000 999999936.000
65712096.000 59580720.000 75632256.000 51130656.000 22696848.000 14043600.000 17581392.000 45417600.000 19135152.000 16541568.000 17461872.000 14270688.000 19099296.000 19959840.000 19553472.000 24573312.000 22720752.000 16493760.000 28015488.000 29844144.000 16589376.000 14019696.000 27537408.000 15525648.000 32473584.000 65747952.000 45788112.000 29246544.000 13936032.000 13374288.000 21322368.000 19828368.000 15740784.000 14916096.000 16183008.000 38306160.000 999999936.000
59102640.000 54895536.000 69214032.000 56975184.000 24023520.000 15740784.000 19003680.000 47270160.000 20414016.000 17999712.000 19553472.000 14115312.000 18549504.000 21406032.000 20808432.000 25135056.000 26378064.000 16147152.000 25099200.000 31063248.000 16230816.000 13840416.000 30644928.000 16577424.000 34636896.000 58516992.000 41772240.000 32605056.000 13744800.000 13469904.000 22493664.000 21047472.000 17270640.000 14689008.000 15812496.000 33752448.000 999999936.000
61242048.000 58110624.000 74879280.000 51417504.000 21836304.000 18334368.000 21250656.000 43983360.000 19493712.000 20234736.000 16230816.000 15609312.000 20557440.000 18788544.000 22911984.000 20581344.000 25445808.000 17904096.000 25099200.000 29999520.000 17987760.000 15382224.000 25386048.000 15465888.000 31338144.000 58911408.000 40780224.000 27011520.000 15298560.000 13469904.000 24465744.000 23115168.000 19720800.000 16302528.000 17557488.000 33895872.000 999999936.000
