0.000 0.000 0.000 0.000 0.000 0.000 0.000 0.000 0.000 0.000 0.000 0.000 0.000 0.000 0.000 0.000 0.000 0.000
6808320.000 6808320.000 6808320.000 6808320.000 6808320.000 7672320.000 5425920.000 3997440.000 3847680.000 3847680.000 3847680.000 3847680.000 3847680.000 3847680.000 3490560.000 3467520.000 4181760.000 85363200.000
7073280.000 6888960.000 6888960.000 6888960.000 6888960.000 12533760.000 5391360.000 4262400.000 4008960.000 4008960.000 4008960.000 4008960.000 4008960.000 4008960.000 4135680.000 4158720.000 7223040.000 96387840.000
7165440.000 7234560.000 7084800.000 7015680.000 6624000.000 10886400.000 5472000.000 4550400.000 4320000.000 4320000.000 4320000.000 4320000.000 4320000.000 4320000.000 4412160.000 4412160.000 5598720.000 96376320.000
6174720.000 6289920.000 6439680.000 6508800.000 6900480.000 10886400.000 5817600.000 4861440.000 4504320.000 4504320.000 4504320.000 4504320.000 4504320.000 4504320.000 4354560.000 4354560.000 6773760.000 96387840.000
6151680.000 6151680.000 6151680.000 6151680.000 6151680.000 9031680.000 5506560.000 5057280.000 5103360.000 5103360.000 5103360.000 4907520.000 4861440.000 4642560.000 4769280.000 4769280.000 6773760.000 96387840.000
6336000.000 6336000.000 6336000.000 6336000.000 6336000.000 8467200.000 5760000.000 5241600.000 4907520.000 4665600.000 4665600.000 4861440.000 4907520.000 5126400.000 5126400.000 5126400.000 5852160.000 96387840.000
5736960.000 5736960.000 5736960.000 5736960.000 5736960.000 7614720.000 5287680.000 4976640.000 5391360.000 5379840.000 5379840.000 5379840.000 5379840.000 5379840.000 5253120.000 5230080.000 7050240.000 96387840.000
6151680.000 6151680.000 6151680.000 6151680.000 6151680.000 7395840.000 5840640.000 5506560.000 5172480.000 5034240.000 4999680.000 4999680.000 4999680.000 4999680.000 5068800.000 5091840.000 6508800.000 96376320.000
5644800.000 5644800.000 5644800.000 5644800.000 5644800.000 5852160.000 5034240.000 4861440.000 4872960.000 5425920.000 5460480.000 5460480.000 5460480.000 5541120.000 5460480.000 5391360.000 6140160.000 93185280.000
6024960.000 5840640.000 5794560.000 5794560.000 5794560.000 6958080.000 5748480.000 5598720.000 5621760.000 5483520.000 5483520.000 5483520.000 5483520.000 5080320.000 5160960.000 5230080.000 9008640.000 99590400.000
5518080.000 5702400.000 5748480.000 5748480.000 5748480.000 6336000.000 5598720.000 5495040.000 5448960.000 5448960.000 5448960.000 5448960.000 5448960.000 5552640.000 5472000.000 5425920.000 6796800.000 96387840.000
5806080.000 5806080.000 5806080.000 5806080.000 5806080.000 6405120.000 5736960.000 5587200.000 5552640.000 5448960.000 5414400.000 5356800.000 5356800.000 5218560.000 5253120.000 5299200.000 6727680.000 96387840.000
5391360.000 5391360.000 5391360.000 5391360.000 5391360.000 5748480.000 5322240.000 5241600.000 5368320.000 5472000.000 5506560.000 5564160.000 5564160.000 5472000.000 5483520.000 5333760.000 9342720.000 96376320.000
5518080.000 5448960.000 5448960.000 5448960.000 5448960.000 5702400.000 5356800.000 5333760.000 5276160.000 5276160.000 5276160.000 5276160.000 5276160.000 5460480.000 5587200.000 5736960.000 9515520.000 96387840.000
5541120.000 5610240.000 5610240.000 5610240.000 5610240.000 5713920.000 5437440.000 5230080.000 5207040.000 5207040.000 5207040.000 5207040.000 5207040.000 5379840.000 5230080.000 5172480.000 10206720.000 96387840.000
5460480.000 5460480.000 5460480.000 5460480.000 5460480.000 5713920.000 5460480.000 5460480.000 5460480.000 5391360.000 5114880.000 5091840.000 4942080.000 5011200.000 5137920.000 5195520.000 11105280.000 96387840.000
5564160.000 5414400.000 5184000.000 5184000.000 5184000.000 5287680.000 5103360.000 5080320.000 4584960.000 4654080.000 4930560.000 4953600.000 5103360.000 5114880.000 5506560.000 5506560.000 9181440.000 91537920.000
5633280.000 5690880.000 5794560.000 5713920.000 5575680.000 5587200.000 5310720.000 5333760.000 5621760.000 5621760.000 5621760.000 5621760.000 5621760.000 5598720.000 5437440.000 5437440.000 12003840.000 101226240.000
5483520.000 5345280.000 5448960.000 5299200.000 5368320.000 5483520.000 5448960.000 5448960.000 5448960.000 5448960.000 5448960.000 5448960.000 5448960.000 5448960.000 5448960.000 5448960.000 9469440.000 96387840.000
5276160.000 5506560.000 5529600.000 5760000.000 5829120.000 5598720.000 5391360.000 5391360.000 5541120.000 5437440.000 5414400.000 5356800.000 5356800.000 5368320.000 5379840.000 5379840.000 8870400.000 96387840.000
5091840.000 5091840.000 5091840.000 5091840.000 5091840.000 5241600.000 5241600.000 5241600.000 5379840.000 5483520.000 5506560.000 5564160.000 5564160.000 5564160.000 5333760.000 5276160.000 11531520.000 96387840.000
5794560.000 5794560.000 5587200.000 5495040.000 5218560.000 5322240.000 5310720.000 5333760.000 5276160.000 5276160.000 5276160.000 5276160.000 5276160.000 5264640.000 5483520.000 5541120.000 9861120.000 96387840.000
5022720.000 4746240.000 4953600.000 5045760.000 5322240.000 5448960.000 5448960.000 5448960.000 5460480.000 5460480.000 5460480.000 5460480.000 5460480.000 5472000.000 5483520.000 5483520.000 11197440.000 96376320.000
5414400.000 5598720.000 5506560.000 5356800.000 5184000.000 5184000.000 5184000.000 5184000.000 5184000.000 5184000.000 5184000.000 5184000.000 5184000.000 5184000.000 5184000.000 5184000.000 12303360.000 96387840.000
4976640.000 5068800.000 5160960.000 5310720.000 5483520.000 5587200.000 5552640.000 5506560.000 5552640.000 4988160.000 4988160.000 4988160.000 4988160.000 4999680.000 5011200.000 4942080.000 10817280.000 93922560.000
5230080.000 5230080.000 5230080.000 5230080.000 5230080.000 5460480.000 5264640.000 5276160.000 5241600.000 5483520.000 5483520.000 5310720.000 5195520.000 5057280.000 5045760.000 5114880.000 14768640.000 98853120.000
5322240.000 5322240.000 5322240.000 5322240.000 5322240.000 5322240.000 5276160.000 5149440.000 4849920.000 4884480.000 4884480.000 5057280.000 5172480.000 5310720.000 5299200.000 5299200.000 13271040.000 96387840.000
4930560.000 4896000.000 4838400.000 4642560.000 4642560.000 5990400.000 4919040.000 5045760.000 5379840.000 5333760.000 5333760.000 5333760.000 5333760.000 5333760.000 4999680.000 4999680.000 14423040.000 96376320.000
4803840.000 4838400.000 4896000.000 5091840.000 5091840.000 8732160.000 4838400.000 4631040.000 4631040.000 4631040.000 4631040.000 4631040.000 4631040.000 4631040.000 4769280.000 4769280.000 16139520.000 96387840.000
5045760.000 4631040.000 4631040.000 4631040.000 4631040.000 8363520.000 4896000.000 5114880.000 5057280.000 5126400.000 5126400.000 5126400.000 5126400.000 5126400.000 5137920.000 5137920.000 13478400.000 96387840.000
4608000.000 5022720.000 4723200.000 4723200.000 4723200.000 7246080.000 4711680.000 4700160.000 4769280.000 4999680.000 4999680.000 4999680.000 4999680.000 4999680.000 4803840.000 4746240.000 16611840.000 96387840.000
4815360.000 4815360.000 4930560.000 4930560.000 4930560.000 6727680.000 4930560.000 4942080.000 4896000.000 4884480.000 4884480.000 4884480.000 4884480.000 4884480.000 4976640.000 5034240.000 16035840.000 96387840.000
5460480.000 5460480.000 5333760.000 5276160.000 5264640.000 6808320.000 5034240.000 5022720.000 5068800.000 5068800.000 5068800.000 5068800.000 5068800.000 4757760.000 4665600.000 4665600.000 13282560.000 96376320.000
4792320.000 4792320.000 4803840.000 4861440.000 4872960.000 6232320.000 5103360.000 5114880.000 5080320.000 5080320.000 5080320.000 5080320.000 5080320.000 4907520.000 5172480.000 4792320.000 15540480.000 96387840.000
4919040.000 4919040.000 5011200.000 5011200.000 5011200.000 5817600.000 5011200.000 5011200.000 5011200.000 4999680.000 4999680.000 4999680.000 4999680.000 5322240.000 5137920.000 5460480.000 14745600.000 96387840.000
4861440.000 4861440.000 5091840.000 5091840.000 5091840.000 5725440.000 5091840.000 5091840.000 4838400.000 4849920.000 4849920.000 4849920.000 4849920.000 4711680.000 4942080.000 4619520.000 16968960.000 96387840.000
5045760.000 5045760.000 5045760.000 5045760.000 5045760.000 5598720.000 5045760.000 5045760.000 5068800.000 4953600.000 4803840.000 4734720.000 4573440.000 4688640.000 4688640.000 4792320.000 17164800.000 96387840.000
4907520.000 4907520.000 4838400.000 4838400.000 4838400.000 5195520.000 4838400.000 4861440.000 4872960.000 4976640.000 5126400.000 5195520.000 5218560.000 5391360.000 5022720.000 5437440.000 14860800.000 95328000.000
4999680.000 4999680.000 5068800.000 5068800.000 5068800.000 5080320.000 4723200.000 4642560.000 4861440.000 4861440.000 4861440.000 4861440.000 4723200.000 4757760.000 4815360.000 4700160.000 19342080.000 97436160.000
4734720.000 4665600.000 4665600.000 4665600.000 4665600.000 5230080.000 5011200.000 5068800.000 5068800.000 5068800.000 5068800.000 5068800.000 5149440.000 5137920.000 5195520.000 5195520.000 16727040.000 96387840.000
4953600.000 5022720.000 5022720.000 5022720.000 5022720.000 5299200.000 5022720.000 5011200.000 5057280.000 5068800.000 5068800.000 4757760.000 6094080.000 6036480.000 4227840.000 5863680.000 13835520.000 96387840.000
4469760.000 4181760.000 4181760.000 4181760.000 4181760.000 4308480.000 4181760.000 4181760.000 4181760.000 4181760.000 4181760.000 4181760.000 8225280.000 8282880.000 4631040.000 8501760.000 16151040.000 96387840.000
4389120.000 4677120.000 4677120.000 4677120.000 4677120.000 4792320.000 4677120.000 4677120.000 4688640.000 4688640.000 4688640.000 4642560.000 7430400.000 7430400.000 4469760.000 7718400.000 13374720.000 96376320.000
4596480.000 4596480.000 4596480.000 4596480.000 4596480.000 4608000.000 4596480.000 4596480.000 4596480.000 4596480.000 4596480.000 4619520.000 7015680.000 6923520.000 4746240.000 6658560.000 15851520.000 96387840.000
5137920.000 5137920.000 5137920.000 5137920.000 5137920.000 4757760.000 4792320.000 4619520.000 4596480.000 4584960.000 4584960.000 4665600.000 6336000.000 6416640.000 4734720.000 6773760.000 13835520.000 96387840.000
4642560.000 4642560.000 4642560.000 4642560.000 4642560.000 4999680.000 4988160.000 5149440.000 5184000.000 5195520.000 5195520.000 5091840.000 6312960.000 6094080.000 4665600.000 6013440.000 14284800.000 96387840.000
4746240.000 4746240.000 4746240.000 4746240.000 4746240.000 4769280.000 4746240.000 4746240.000 4723200.000 4711680.000 4711680.000 4769280.000 5921280.000 6140160.000 5172480.000 6024960.000 16220160.000 96387840.000
5126400.000 5126400.000 5126400.000 5126400.000 5126400.000 5172480.000 5126400.000 5126400.000 5126400.000 5126400.000 5126400.000 5184000.000 5978880.000 5610240.000 5149440.000 5598720.000 12418560.000 96376320.000
4884480.000 4884480.000 4884480.000 4884480.000 4884480.000 4849920.000 4884480.000 4884480.000 4907520.000 4677120.000 4608000.000 4469760.000 5218560.000 5598720.000 4734720.000 5863680.000 17268480.000 96387840.000
4942080.000 4942080.000 4942080.000 4942080.000 4942080.000 4942080.000 4942080.000 4942080.000 4942080.000 5184000.000 5253120.000 5126400.000 5448960.000 5322240.000 4838400.000 5322240.000 15413760.000 96387840.000
5310720.000 5276160.000 4930560.000 4688640.000 4688640.000 4988160.000 4688640.000 4688640.000 4688640.000 4688640.000 4688640.000 5160960.000 5495040.000 5621760.000 5414400.000 5633280.000 15736320.000 96387840.000
4838400.000 4872960.000 4999680.000 5241600.000 5241600.000 4896000.000 5137920.000 5057280.000 4792320.000 4792320.000 4792320.000 4792320.000 5091840.000 5091840.000 4792320.000 5091840.000 16865280.000 96387840.000
5011200.000 5011200.000 5057280.000 5057280.000 5057280.000 5356800.000 5160960.000 5241600.000 5207040.000 5011200.000 4953600.000 4907520.000 5207040.000 5195520.000 4965120.000 5184000.000 14791680.000 96376320.000
5149440.000 5126400.000 4965120.000 4896000.000 4665600.000 4677120.000 4665600.000 4665600.000 4930560.000 5137920.000 5195520.000 5230080.000 5425920.000 5425920.000 4930560.000 5137920.000 16162560.000 96387840.000
4780800.000 4803840.000 4884480.000 4953600.000 5184000.000 5184000.000 5184000.000 5184000.000 5184000.000 5184000.000 5184000.000 5184000.000 5322240.000 5322240.000 5287680.000 5287680.000 14273280.000 96387840.000
5172480.000 5172480.000 5575680.000 5575680.000 5575680.000 5045760.000 5472000.000 5414400.000 4930560.000 4930560.000 4930560.000 4423680.000 4999680.000 5022720.000 4654080.000 4896000.000 12660480.000 94452480.000
4124160.000 4124160.000 7349760.000 7349760.000 7349760.000 4204800.000 7453440.000 7511040.000 4308480.000 4308480.000 4308480.000 4573440.000 4239360.000 4135680.000 4135680.000 4147200.000 14699520.000 98323200.000
4112640.000 4112640.000 7741440.000 7395840.000 7050240.000 4032000.000 7050240.000 7050240.000 4020480.000 4020480.000 4020480.000 3790080.000 3859200.000 3962880.000 4101120.000 4469760.000 13363200.000 94152960.000
4204800.000 4204800.000 6497280.000 6842880.000 7188480.000 4366080.000 7188480.000 7188480.000 4354560.000 4055040.000 4043520.000 4124160.000 4285440.000 4285440.000 4227840.000 4078080.000 17475840.000 98611200.000
4688640.000 4688640.000 6462720.000 6462720.000 6013440.000 4204800.000 5898240.000 5898240.000 4239360.000 4538880.000 4550400.000 4677120.000 4688640.000 4688640.000 4688640.000 4688640.000 15310080.000 96387840.000
4492800.000 4492800.000 5736960.000 5736960.000 6186240.000 4896000.000 6301440.000 6301440.000 4884480.000 4884480.000 4654080.000 4654080.000 4746240.000 4746240.000 4769280.000 4492800.000 14411520.000 96387840.000
4884480.000 4872960.000 5921280.000 5840640.000 5460480.000 4492800.000 5460480.000 5460480.000 4492800.000 4492800.000 4723200.000 4654080.000 4792320.000 4792320.000 4792320.000 4861440.000 16392960.000 96387840.000
4654080.000 4469760.000 5356800.000 5437440.000 5817600.000 4930560.000 5817600.000 5817600.000 4942080.000 4942080.000 4942080.000 5011200.000 5011200.000 5011200.000 4988160.000 5011200.000 14227200.000 96387840.000
4527360.000 4723200.000 5564160.000 5564160.000 5564160.000 4665600.000 5564160.000 5564160.000 4665600.000 4665600.000 4665600.000 4872960.000 4504320.000 4366080.000 4308480.000 4504320.000 18086400.000 96376320.000
4815360.000 4815360.000 5264640.000 5264640.000 5264640.000 4815360.000 5264640.000 5264640.000 4815360.000 4815360.000 4815360.000 4815360.000 4965120.000 4803840.000 5045760.000 4688640.000 16853760.000 96387840.000
4907520.000 4907520.000 5402880.000 5402880.000 5402880.000 5552640.000 5402880.000 5402880.000 5218560.000 4896000.000 4654080.000 4780800.000 4538880.000 4838400.000 4688640.000 5068800.000 15321600.000 96387840.000
4642560.000 4642560.000 4930560.000 4815360.000 4815360.000 8087040.000 4492800.000 4492800.000 4216320.000 4216320.000 4458240.000 4320000.000 4573440.000 4573440.000 4550400.000 4538880.000 20021760.000 96387840.000
4815360.000 4815360.000 5011200.000 5011200.000 5011200.000 8098560.000 4896000.000 4896000.000 4665600.000 4780800.000 4780800.000 4757760.000 4780800.000 4780800.000 4780800.000 4780800.000 15724800.000 96387840.000
4135680.000 3882240.000 4089600.000 4204800.000 4204800.000 10920960.000 4642560.000 4642560.000 4458240.000 7142400.000 7142400.000 4354560.000 4573440.000 4435200.000 4596480.000 4262400.000 14688000.000 96376320.000
4435200.000 4527360.000 4619520.000 4550400.000 4492800.000 10598400.000 4147200.000 4147200.000 4020480.000 7200000.000 7200000.000 4089600.000 4089600.000 4227840.000 4078080.000 4412160.000 15552000.000 96387840.000
4296960.000 4181760.000 4273920.000 4343040.000 4400640.000 9653760.000 4515840.000 4435200.000 4389120.000 7349760.000 7349760.000 4296960.000 4308480.000 4308480.000 4331520.000 4343040.000 15609600.000 96387840.000
4492800.000 4608000.000 4631040.000 4631040.000 4631040.000 8962560.000 4861440.000 4942080.000 4711680.000 6382080.000 6336000.000 4492800.000 4492800.000 4492800.000 4492800.000 4481280.000 14745600.000 96387840.000
4988160.000 5011200.000 5034240.000 4965120.000 4872960.000 7361280.000 4515840.000 4515840.000 4631040.000 6416640.000 6462720.000 4919040.000 4907520.000 4907520.000 4896000.000 4896000.000 13086720.000 96387840.000
3974400.000 4135680.000 4147200.000 4193280.000 4204800.000 6808320.000 4296960.000 4296960.000 4354560.000 9204480.000 9204480.000 4296960.000 4296960.000 4296960.000 4308480.000 4320000.000 16035840.000 96376320.000
4320000.000 4320000.000 4320000.000 4343040.000 4423680.000 6382080.000 4688640.000 4688640.000 4688640.000 9884160.000 9538560.000 4608000.000 4204800.000 4204800.000 4204800.000 4204800.000 13363200.000 96387840.000
4343040.000 4193280.000 4435200.000 4435200.000 4435200.000 5472000.000 4435200.000 4435200.000 4193280.000 7994880.000 8340480.000 4573440.000 4976640.000 4677120.000 4677120.000 4677120.000 16093440.000 96387840.000
4792320.000 4919040.000 4861440.000 4734720.000 4492800.000 5460480.000 4492800.000 4492800.000 4492800.000 7349760.000 7349760.000 4469760.000 4446720.000 4492800.000 4492800.000 4492800.000 16554240.000 96387840.000
4481280.000 4527360.000 4550400.000 4677120.000 4919040.000 5771520.000 4919040.000 4919040.000 4930560.000 7315200.000 7315200.000 4896000.000 4896000.000 4976640.000 4965120.000 4896000.000 13432320.000 96387840.000
5045760.000 5045760.000 5045760.000 5045760.000 4838400.000 5402880.000 4803840.000 4792320.000 4446720.000 6209280.000 6209280.000 4492800.000 4504320.000 4377600.000 4400640.000 4469760.000 17245440.000 96376320.000
4942080.000 4942080.000 4942080.000 4942080.000 4988160.000 5091840.000 4803840.000 4792320.000 4861440.000 6209280.000 6209280.000 4826880.000 4815360.000 4919040.000 4919040.000 4907520.000 15275520.000 96387840.000
4942080.000 5840640.000 4377600.000 4377600.000 4561920.000 5402880.000 4780800.000 4803840.000 5068800.000 6024960.000 6024960.000 5114880.000 5137920.000 5011200.000 5011200.000 5022720.000 14883840.000 96387840.000
4527360.000 8835840.000 4884480.000 4884480.000 4907520.000 5114880.000 4907520.000 4907520.000 4907520.000 5690880.000 5690880.000 4792320.000 4584960.000 4642560.000 4492800.000 4492800.000 14123520.000 96387840.000
4999680.000 8236800.000 5011200.000 5011200.000 5011200.000 5241600.000 5011200.000 5011200.000 5011200.000 5644800.000 5333760.000 4942080.000 4700160.000 4757760.000 4907520.000 4896000.000 12660480.000 96387840.000
4884480.000 7937280.000 5114880.000 5114880.000 4861440.000 5045760.000 4861440.000 4861440.000 4861440.000 5034240.000 5184000.000 4838400.000 5045760.000 4999680.000 4999680.000 5011200.000 13720320.000 96376320.000
5276160.000 6762240.000 4815360.000 4815360.000 4826880.000 4942080.000 4826880.000 4826880.000 4826880.000 5368320.000 5529600.000 4976640.000 5184000.000 5241600.000 5241600.000 5230080.000 13697280.000 96387840.000
4780800.000 6647040.000 5241600.000 5241600.000 5483520.000 5333760.000 5483520.000 5483520.000 5483520.000 5218560.000 5218560.000 4919040.000 4366080.000 4826880.000 4746240.000 4838400.000 11243520.000 94556160.000
4953600.000 5944320.000 4872960.000 4723200.000 4573440.000 4642560.000 4573440.000 4573440.000 4573440.000 5448960.000 5448960.000 5137920.000 5483520.000 4919040.000 5287680.000 4919040.000 18144000.000 98219520.000
4896000.000 5806080.000 4976640.000 5126400.000 5322240.000 5437440.000 5322240.000 5322240.000 5322240.000 5483520.000 5483520.000 5160960.000 4988160.000 5068800.000 4780800.000 4872960.000 13017600.000 96387840.000
6647040.000 5679360.000 4965120.000 4965120.000 4942080.000 4769280.000 4942080.000 4942080.000 4942080.000 4642560.000 4608000.000 6140160.000 4907520.000 4803840.000 5149440.000 5011200.000 14319360.000 96376320.000
8524800.000 4734720.000 4308480.000 4308480.000 4308480.000 4435200.000 4308480.000 4308480.000 4308480.000 4723200.000 4757760.000 8640000.000 4677120.000 4769280.000 4654080.000 4769280.000 15851520.000 96387840.000
6992640.000 5333760.000 4550400.000 4550400.000 5057280.000 4907520.000 5057280.000 5057280.000 5057280.000 4654080.000 4654080.000 7557120.000 4377600.000 4181760.000 4423680.000 4181760.000 11082240.000 91676160.000
7338240.000 4492800.000 4746240.000 4746240.000 4216320.000 4343040.000 4216320.000 4216320.000 4216320.000 4896000.000 4896000.000 13466880.000 4896000.000 4849920.000 4861440.000 4665600.000 16035840.000 101099520.000
6255360.000 4769280.000 4550400.000 4550400.000 4550400.000 4631040.000 4550400.000 4550400.000 4550400.000 4550400.000 4550400.000 10990080.000 4550400.000 4815360.000 4561920.000 4999680.000 14411520.000 96387840.000
5863680.000 4677120.000 4458240.000 4458240.000 4700160.000 4561920.000 4700160.000 4700160.000 4700160.000 4642560.000 4642560.000 9596160.000 4688640.000 4596480.000 4412160.000 4285440.000 16692480.000 96376320.000
5840640.000 4907520.000 4792320.000 4792320.000 4769280.000 4896000.000 4769280.000 4769280.000 4769280.000 4815360.000 4815360.000 8375040.000 4527360.000 4458240.000 4423680.000 4435200.000 16231680.000 96387840.000
5713920.000 5160960.000 5103360.000 4907520.000 4631040.000 4665600.000 4631040.000 4631040.000 4631040.000 4665600.000 4665600.000 7833600.000 4907520.000 4792320.000 4803840.000 4677120.000 14515200.000 94936320.000
5299200.000 4803840.000 4642560.000 4838400.000 4896000.000 5045760.000 4861440.000 4780800.000 4550400.000 4677120.000 4677120.000 7084800.000 4700160.000 4619520.000 4642560.000 4849920.000 18869760.000 97839360.000
5575680.000 4942080.000 4965120.000 4619520.000 4550400.000 4584960.000 4584960.000 4665600.000 4896000.000 4942080.000 4942080.000 6716160.000 4942080.000 5068800.000 5068800.000 5068800.000 16254720.000 96387840.000
