0.000 0.000 0.000 0.000 0.000 0.000 0.000 0.000 0.000 0.000 0.000 0.000 0.000 0.000 0.000 0.000 0.000 0.000 0.000 0.000 0.000 0.000 0.000 0.000 0.000 0.000 0.000 0.000 0.000 0.000 0.000 0.000 0.000 0.000 0.000 0.000 0.000
22828320.000 22828320.000 22828320.000 22828320.000 22828320.000 22828320.000 21645072.000 19003680.000 15943968.000 15179040.000 15179040.000 15179040.000 15179040.000 15179040.000 15179040.000 15179040.000 14031648.000 12585456.000 11354400.000 11354400.000 11354400.000 11354400.000 11354400.000 11354400.000 11354400.000 11354400.000 11354400.000 11354400.000 11354400.000 11354400.000 11354400.000 11354400.000 11354400.000 11354400.000 11354400.000 11354400.000 530812224.000
37433664.000 37457568.000 37457568.000 37481472.000 33656832.000 33656832.000 34840080.000 37457568.000 40505328.000 40935600.000 39118896.000 39118896.000 39118896.000 39166704.000 40110912.000 36130896.000 38246400.000 34553232.000 16947936.000 18035568.000 18035568.000 18035568.000 18035568.000 18035568.000 18035568.000 18035568.000 18035568.000 18035568.000 18035568.000 18035568.000 18035568.000 18035568.000 18035568.000 18035568.000 18035568.000 18035568.000 999999936.000
49373712.000 49373712.000 49373712.000 49373712.000 39537216.000 39549168.000 39561120.000 29186784.000 27298368.000 27238608.000 27071280.000 27071280.000 27071280.000 27071280.000 27274464.000 501984.000 34302240.000 40947552.000 24190848.000 24405984.000 24405984.000 24405984.000 24405984.000 23162976.000 21764592.000 20186928.000 20186928.000 20186928.000 20186928.000 20186928.000 20186928.000 20186928.000 20186928.000 20186928.000 20198880.000 20198880.000 999999936.000
52660512.000 52660512.000 52660512.000 52660512.000 40027248.000 40027248.000 40027248.000 28087200.000 27860112.000 27860112.000 27764496.000 27764496.000 27764496.000 27764496.000 27525456.000 10362384.000 34684704.000 41198544.000 20688912.000 19947888.000 19111248.000 17617248.000 17748720.000 18991728.000 19828368.000 20605248.000 20533536.000 20605248.000 20605248.000 20605248.000 20605248.000 20605248.000 20665008.000 20665008.000 20605248.000 20605248.000 999999936.000
53843760.000 53855712.000 53855712.000 53867664.000 37577088.000 37577088.000 37577088.000 26593200.000 26366112.000 26378064.000 26282448.000 26282448.000 26282448.000 26282448.000 26079264.000 12920112.000 32676768.000 38796192.000 19696896.000 20055456.000 21609216.000 22613184.000 23055408.000 23043456.000 22959792.000 22888080.000 22541472.000 21178944.000 19995696.000 19589328.000 19589328.000 19589328.000 19661040.000 19661040.000 19589328.000 19589328.000 999999936.000
58122576.000 58122576.000 58122576.000 58122576.000 39776256.000 39788208.000 39788208.000 28182816.000 27967680.000 27967680.000 27884016.000 27884016.000 27884016.000 27884016.000 27668880.000 11892240.000 32186736.000 37732464.000 17378208.000 17533584.000 17545536.000 17485776.000 17533584.000 17545536.000 17485776.000 17426016.000 17641152.000 19218816.000 20402064.000 20808432.000 20808432.000 20808432.000 20892096.000 20892096.000 20808432.000 20808432.000 999999936.000
59210208.000 59210208.000 58875552.000 52086816.000 34589088.000 34302240.000 34302240.000 24262560.000 24083280.000 24107184.000 23999616.000 23999616.000 23999616.000 23999616.000 23820336.000 15095376.000 32282352.000 38700576.000 21585312.000 21740688.000 21740688.000 21668976.000 21740688.000 21740688.000 21668976.000 21597264.000 21525552.000 21549456.000 21549456.000 21549456.000 21549456.000 21549456.000 21609216.000 21609216.000 21549456.000 21549456.000 999999936.000
49612752.000 49612752.000 49947408.000 56736144.000 41700528.000 41987376.000 41987376.000 29629008.000 29413872.000 29413872.000 29270448.000 29270448.000 29270448.000 29270448.000 29055312.000 15549552.000 36489456.000 43326000.000 21919968.000 22063392.000 20533536.000 18872208.000 18382176.000 18382176.000 18322416.000 18262656.000 18202896.000 18155088.000 18155088.000 18155088.000 18155088.000 18155088.000 18214848.000 18214848.000 18155088.000 18155088.000 999999936.000
59855616.000 59855616.000 59855616.000 53186400.000 35664768.000 35330112.000 35330112.000 24800400.000 24621120.000 24621120.000 24501600.000 24501600.000 24501600.000 24501600.000 24322320.000 13027680.000 30632976.000 36441648.000 18286560.000 18406080.000 19935936.000 21465792.000 22087296.000 22087296.000 22015584.000 21943872.000 21872160.000 21800448.000 21800448.000 21800448.000 21800448.000 21800448.000 21872160.000 21872160.000 21800448.000 21800448.000 999999936.000
50700384.000 50700384.000 50700384.000 57393504.000 42118848.000 42453504.000 42453504.000 29760480.000 29545344.000 29545344.000 29401920.000 29401920.000 29401920.000 29401920.000 29186784.000 13027680.000 36788256.000 43816032.000 21262608.000 20115216.000 19182960.000 18346320.000 18406080.000 18406080.000 18346320.000 18286560.000 18226800.000 18167040.000 18167040.000 18167040.000 18167040.000 18167040.000 18226800.000 18226800.000 18167040.000 18167040.000 999999936.000
59281920.000 55313856.000 54142560.000 53927424.000 35377920.000 35377920.000 35377920.000 24824304.000 24645024.000 24645024.000 24525504.000 24525504.000 24525504.000 24525504.000 24346224.000 15681024.000 30656880.000 36513360.000 19075392.000 20509632.000 21441888.000 22147056.000 22218768.000 22218768.000 22147056.000 22075344.000 22003632.000 21967776.000 21979728.000 21979728.000 21979728.000 21979728.000 22051440.000 22051440.000 21979728.000 21979728.000 999999936.000
65520864.000 69500880.000 70672176.000 67158288.000 38748384.000 35784288.000 35425728.000 25039440.000 24860160.000 24860160.000 24752592.000 24752592.000 24752592.000 24752592.000 24573312.000 13350384.000 30764448.000 36561168.000 18740736.000 18896112.000 18896112.000 18836352.000 18896112.000 18896112.000 18836352.000 18776592.000 18716832.000 18728784.000 18728784.000 18728784.000 18728784.000 18728784.000 18788544.000 18788544.000 18728784.000 18728784.000 999999936.000
64062720.000 64062720.000 64062720.000 64624464.000 35772336.000 35772336.000 35712576.000 25541424.000 25362144.000 25374096.000 25254576.000 25254576.000 25254576.000 25254576.000 25075296.000 13959936.000 31146912.000 36824112.000 19469808.000 19613232.000 19613232.000 19553472.000 19625184.000 19625184.000 19565424.000 19517616.000 19457856.000 19529568.000 19493712.000 19481760.000 19481760.000 19481760.000 19541520.000 19565424.000 19505664.000 19505664.000 999999936.000
65903328.000 65855520.000 65855520.000 68963040.000 35712576.000 38676672.000 39106944.000 28374048.000 28206720.000 28218672.000 28123056.000 25529472.000 24513552.000 24071328.000 23880096.000 13708944.000 29342160.000 34529328.000 18836352.000 18967824.000 18991728.000 18920016.000 18991728.000 18991728.000 18920016.000 18920016.000 18848304.000 17700912.000 17641152.000 17951904.000 17951904.000 17951904.000 17951904.000 17963856.000 17963856.000 17963856.000 999999936.000
71962992.000 71962992.000 71962992.000 62114544.000 30095136.000 29533392.000 29545344.000 21633120.000 21549456.000 21525552.000 21441888.000 24035472.000 25051392.000 25493616.000 25350192.000 14904144.000 30979584.000 36274320.000 20163024.000 20246688.000 20246688.000 20174976.000 20234736.000 20234736.000 20198880.000 20163024.000 20103264.000 20151072.000 20067408.000 20342304.000 20378160.000 20366208.000 20378160.000 20366208.000 20378160.000 20390112.000 999999936.000
64170288.000 64170288.000 64170288.000 74018736.000 37648800.000 38318112.000 38330064.000 28182816.000 28003536.000 28003536.000 27907920.000 27907920.000 26055360.000 23939856.000 23760576.000 13493808.000 27955728.000 32676768.000 18310464.000 18453888.000 18453888.000 18394128.000 18453888.000 18453888.000 18394128.000 18382176.000 18322416.000 18370224.000 18322416.000 18406080.000 18406080.000 18406080.000 18453888.000 18453888.000 18429984.000 18418032.000 999999936.000
65508912.000 65508912.000 65508912.000 65508912.000 33871968.000 33871968.000 33883920.000 24872112.000 24716736.000 24728688.000 24621120.000 24621120.000 26485632.000 28601136.000 28433808.000 14151168.000 30609072.000 35521344.000 19314432.000 19481760.000 19481760.000 19422000.000 19493712.000 19493712.000 19433952.000 19374192.000 19314432.000 19386144.000 19314432.000 19338336.000 19338336.000 19338336.000 19386144.000 19386144.000 19338336.000 19338336.000 999999936.000
63214128.000 63214128.000 63214128.000 63214128.000 32844096.000 32844096.000 32856048.000 24047424.000 23904000.000 23892048.000 23808384.000 23808384.000 23808384.000 23808384.000 23629104.000 16517664.000 33919776.000 39967488.000 23091264.000 23915952.000 23808384.000 22565376.000 20712816.000 20055456.000 20019600.000 19971792.000 19912032.000 19338336.000 18692928.000 18609264.000 19171008.000 19816416.000 19672992.000 19577376.000 19386144.000 19171008.000 999999936.000
75823488.000 75823488.000 73648224.000 65186208.000 31732560.000 30848112.000 30836160.000 22684896.000 22553424.000 22541472.000 22433904.000 22433904.000 22421952.000 22421952.000 22230720.000 13469904.000 27190800.000 31768416.000 17724816.000 17892144.000 17892144.000 19039536.000 21286512.000 20688912.000 21824352.000 20736720.000 20521584.000 20832336.000 20748672.000 20653056.000 20665008.000 20665008.000 20736720.000 20736720.000 20653056.000 20653056.000 999999936.000
65485008.000 65485008.000 67660272.000 76122288.000 37708560.000 37720512.000 34075152.000 24549408.000 24154992.000 24154992.000 24023520.000 24023520.000 24023520.000 24035472.000 23868144.000 15226848.000 29091168.000 33919776.000 19063440.000 19230768.000 19230768.000 19159056.000 19242720.000 19242720.000 19159056.000 19087344.000 19051488.000 19230768.000 19171008.000 19087344.000 19087344.000 19087344.000 19171008.000 19171008.000 19099296.000 19099296.000 999999936.000
71472960.000 71472960.000 61540848.000 59090688.000 29880000.000 29712672.000 33358032.000 25254576.000 25290432.000 25278480.000 25147008.000 25147008.000 25147008.000 25147008.000 24991632.000 16469856.000 30441744.000 35485488.000 19923984.000 20127168.000 20127168.000 20055456.000 20115216.000 20115216.000 20055456.000 19983744.000 19923984.000 20019600.000 19947888.000 19876176.000 19876176.000 19876176.000 19947888.000 19947888.000 19876176.000 19876176.000 999999936.000
64743984.000 64743984.000 74676096.000 77126256.000 34326144.000 35401824.000 35413776.000 26103168.000 25911936.000 25911936.000 25768512.000 25768512.000 25768512.000 25768512.000 25625088.000 17210880.000 31254480.000 36453600.000 20354256.000 20569392.000 20569392.000 20497680.000 19290528.000 17414064.000 17294544.000 17007696.000 16947936.000 16983792.000 16924032.000 16864272.000 16864272.000 16864272.000 16924032.000 16924032.000 16864272.000 16864272.000 999999936.000
83914992.000 83914992.000 75070512.000 69453072.000 31027392.000 29868048.000 29868048.000 21919968.000 21752640.000 21752640.000 21633120.000 21633120.000 21633120.000 21633120.000 21513600.000 14557536.000 26330256.000 30752496.000 17031600.000 17210880.000 17210880.000 17151120.000 18489744.000 20366208.000 20354256.000 20509632.000 20437920.000 20437920.000 20366208.000 20294496.000 20294496.000 20294496.000 20366208.000 20366208.000 20294496.000 20294496.000 999999936.000
75118320.000 75118320.000 83962800.000 89580240.000 34756416.000 35927712.000 35927712.000 26318304.000 26103168.000 26103168.000 24513552.000 22123152.000 22720752.000 21633120.000 21513600.000 14581440.000 26354160.000 30836160.000 17031600.000 17210880.000 17210880.000 17151120.000 17210880.000 17210880.000 17151120.000 17091360.000 17031600.000 17031600.000 16971840.000 16912080.000 16912080.000 16912080.000 16971840.000 16971840.000 16912080.000 16912080.000 999999936.000
79839360.000 79839360.000 79839360.000 79839360.000 29939760.000 29939760.000 29939760.000 21943872.000 21764592.000 21764592.000 23091264.000 25481664.000 24884064.000 25971696.000 25828272.000 17497728.000 31624992.000 37003392.000 20497680.000 19601280.000 17724816.000 17378208.000 17234784.000 17234784.000 17175024.000 17115264.000 17067456.000 17079408.000 17019648.000 16959888.000 16959888.000 16959888.000 17019648.000 17019648.000 16959888.000 16959888.000 999999936.000
84560400.000 84560400.000 84560400.000 84560400.000 29987568.000 29987568.000 29987568.000 22111200.000 21931920.000 21931920.000 21824352.000 21824352.000 21824352.000 21824352.000 21692880.000 14712912.000 26437824.000 30883968.000 17378208.000 18645120.000 20521584.000 20736720.000 21011616.000 18501696.000 17832384.000 17354304.000 17294544.000 17366256.000 17306496.000 17246736.000 17246736.000 17246736.000 17306496.000 17306496.000 17246736.000 17246736.000 999999936.000
87010560.000 87010560.000 87010560.000 87010560.000 28409904.000 28409904.000 28409904.000 21178944.000 21011616.000 21011616.000 20904048.000 20904048.000 20904048.000 20904048.000 20784528.000 14163120.000 25135056.000 29234592.000 16888176.000 17007696.000 17007696.000 16947936.000 17007696.000 18358272.000 18967824.000 19350288.000 19326384.000 19445904.000 19374192.000 19326384.000 19326384.000 19326384.000 19374192.000 19374192.000 17282592.000 16900128.000 999999936.000
104412672.000 104412672.000 104412672.000 104412672.000 27860112.000 27812304.000 27752544.000 20904048.000 20736720.000 20736720.000 20653056.000 20653056.000 20653056.000 20665008.000 20509632.000 14318496.000 24633072.000 28505520.000 16888176.000 16995744.000 15453936.000 14449968.000 13971888.000 13852368.000 14151168.000 14151168.000 14151168.000 14210928.000 14151168.000 14151168.000 14151168.000 14151168.000 14151168.000 14151168.000 16194960.000 16577424.000 999999936.000
104412672.000 91731600.000 87010560.000 87010560.000 25744608.000 25756560.000 25780464.000 19565424.000 19457856.000 19457856.000 19350288.000 19350288.000 19350288.000 19338336.000 19254672.000 13505760.000 23019552.000 26461728.000 15920064.000 15979824.000 17509680.000 18394128.000 19015632.000 18848304.000 19087344.000 19051488.000 19063440.000 19135152.000 19063440.000 19039536.000 19039536.000 19039536.000 19087344.000 19087344.000 19039536.000 19039536.000 999999936.000
87010560.000 99691632.000 102416688.000 87010560.000 28362096.000 27597168.000 27573264.000 20939904.000 20784528.000 20784528.000 20712816.000 20724768.000 20724768.000 20712816.000 20581344.000 14449968.000 24585264.000 28338192.000 17019648.000 17103312.000 17103312.000 17043552.000 17103312.000 16971840.000 17055504.000 17043552.000 17031600.000 17127216.000 17067456.000 17043552.000 17043552.000 17043552.000 17055504.000 17055504.000 17043552.000 17043552.000 999999936.000
87010560.000 87010560.000 87512544.000 87010560.000 29079216.000 28959696.000 28959696.000 21943872.000 21776544.000 21776544.000 21716784.000 21716784.000 21716784.000 21716784.000 21549456.000 15023664.000 25792416.000 29784384.000 17796528.000 17892144.000 17880192.000 17832384.000 17892144.000 17736768.000 17748720.000 17724816.000 17724816.000 17808480.000 17748720.000 17724816.000 17724816.000 17724816.000 17760672.000 17772624.000 17724816.000 17724816.000 999999936.000
87010560.000 87010560.000 88504560.000 104412672.000 31445712.000 32270400.000 32210640.000 24633072.000 20676960.000 20772576.000 20533536.000 20402064.000 19601280.000 19601280.000 19445904.000 13493808.000 23294448.000 26903952.000 16720848.000 16434000.000 17163072.000 16338384.000 16111296.000 16589376.000 15955920.000 18059472.000 18059472.000 16015680.000 15955920.000 18059472.000 18059472.000 18059472.000 15955920.000 18119232.000 18059472.000 18059472.000 999999936.000
104412672.000 93536352.000 87010560.000 87010560.000 22206816.000 22182912.000 22170960.000 16959888.000 18740736.000 18991728.000 20007648.000 20031552.000 20031552.000 20031552.000 19900080.000 14617296.000 23772528.000 27346176.000 16434000.000 16505712.000 16517664.000 16505712.000 16517664.000 16362288.000 17067456.000 21728736.000 21728736.000 17115264.000 17043552.000 21728736.000 21728736.000 21728736.000 17067456.000 21800448.000 21728736.000 21728736.000 999999936.000
87010560.000 97886880.000 104412672.000 104412672.000 28493568.000 28493568.000 28433808.000 21573360.000 21394080.000 21585312.000 21513600.000 21513600.000 20019600.000 19075392.000 17916048.000 13649184.000 21166992.000 24334272.000 14677056.000 14736816.000 14724864.000 14736816.000 14736816.000 14617296.000 15979824.000 18107280.000 18107280.000 16027632.000 15979824.000 18107280.000 18107280.000 18107280.000 15979824.000 18167040.000 18107280.000 18107280.000 999999936.000
87010560.000 87010560.000 87010560.000 87010560.000 24752592.000 24752592.000 24704784.000 18752688.000 18573408.000 18669024.000 18609264.000 18609264.000 20103264.000 21047472.000 21955824.000 17521632.000 26449776.000 30381984.000 18298512.000 18370224.000 18370224.000 18370224.000 18370224.000 18226800.000 20569392.000 21812400.000 21812400.000 20641104.000 20569392.000 21047472.000 19900080.000 19123200.000 17067456.000 18214848.000 18155088.000 18155088.000 999999936.000
104412672.000 98723520.000 87010560.000 87010560.000 25278480.000 25278480.000 25206768.000 19099296.000 18920016.000 18955872.000 18896112.000 18896112.000 18896112.000 18896112.000 18776592.000 15119280.000 22469760.000 25876080.000 15465888.000 15525648.000 15525648.000 15525648.000 15525648.000 15406128.000 17832384.000 18501696.000 18501696.000 17892144.000 17832384.000 19266624.000 20414016.000 21190896.000 21334320.000 22218768.000 22159008.000 22159008.000 999999936.000
87010560.000 92699712.000 104412672.000 102548160.000 26676864.000 26784432.000 25433856.000 19182960.000 19003680.000 19003680.000 18943920.000 18943920.000 18943920.000 18943920.000 18824400.000 15286608.000 22589280.000 26043408.000 15477840.000 15537600.000 15537600.000 15537600.000 15537600.000 15418080.000 18119232.000 19135152.000 19135152.000 18178992.000 18119232.000 19135152.000 19135152.000 19135152.000 18119232.000 19194912.000 19135152.000 19135152.000 999999936.000
87010560.000 87010560.000 87010560.000 88875072.000 29437776.000 29330208.000 30549312.000 23019552.000 22804416.000 22804416.000 22732704.000 19756656.000 20234736.000 18943920.000 18824400.000 15298560.000 22589280.000 26055360.000 15477840.000 15537600.000 15537600.000 15537600.000 15537600.000 15418080.000 18167040.000 20234736.000 20234736.000 18226800.000 18167040.000 20234736.000 20234736.000 20234736.000 18167040.000 20270592.000 20246688.000 20246688.000 999999936.000
87010560.000 87010560.000 87010560.000 87010560.000 25517520.000 25517520.000 25457760.000 19230768.000 19051488.000 19087344.000 19027584.000 22003632.000 21525552.000 22816368.000 22672944.000 15298560.000 24322320.000 28923840.000 15609312.000 15669072.000 15669072.000 15669072.000 15669072.000 15549552.000 18167040.000 21836304.000 21860208.000 18226800.000 18167040.000 21884112.000 21884112.000 21884112.000 18167040.000 21848256.000 21872160.000 21872160.000 999999936.000
87010560.000 87010560.000 87010560.000 87010560.000 25648992.000 25648992.000 25589232.000 19493712.000 19314432.000 19410048.000 19350288.000 19350288.000 19350288.000 18370224.000 19230768.000 15430032.000 21071376.000 23318352.000 15967872.000 16027632.000 16027632.000 16027632.000 16003728.000 15884208.000 18226800.000 24011568.000 24023520.000 18286560.000 18226800.000 24071328.000 24071328.000 24071328.000 18226800.000 24059376.000 24083280.000 24083280.000 999999936.000
104412672.000 104412672.000 104412672.000 91635984.000 19457856.000 19481760.000 18979776.000 14569488.000 14473872.000 14521680.000 14521680.000 14533632.000 14533632.000 15513696.000 14402160.000 14868288.000 21585312.000 24692832.000 15418080.000 15489792.000 15477840.000 15489792.000 14378256.000 14593392.000 22266576.000 22326336.000 22421952.000 22338288.000 22266576.000 22410000.000 22421952.000 22433904.000 22266576.000 22027536.000 22481712.000 22481712.000 999999936.000
87010560.000 87010560.000 87010560.000 99787248.000 25398000.000 25374096.000 25840224.000 20019600.000 19876176.000 19971792.000 19947888.000 19947888.000 19959840.000 19959840.000 19816416.000 16206912.000 23270544.000 26437824.000 16804512.000 16888176.000 14951952.000 14677056.000 13792608.000 13947984.000 19206864.000 21107232.000 21178944.000 19278576.000 19218816.000 21178944.000 21190896.000 21190896.000 19218816.000 20832336.000 21238704.000 21250656.000 999999936.000
87010560.000 87010560.000 87010560.000 87010560.000 23413968.000 23413968.000 23390064.000 18131184.000 18011664.000 18119232.000 18071424.000 18059472.000 18047520.000 18059472.000 17963856.000 14700960.000 21095280.000 23904000.000 15250752.000 15298560.000 17246736.000 17509680.000 18083376.000 18095328.000 24573312.000 27585216.000 24119136.000 21477744.000 20330352.000 22959792.000 22959792.000 22959792.000 20330352.000 22708800.000 23043456.000 23043456.000 999999936.000
88325280.000 87010560.000 87010560.000 87010560.000 23091264.000 23091264.000 23031504.000 17832384.000 17712864.000 17820432.000 17772624.000 17760672.000 17784576.000 17772624.000 17653104.000 14390208.000 20724768.000 23581296.000 14951952.000 14999760.000 14999760.000 14999760.000 14856336.000 13852368.000 19326384.000 21334320.000 24991632.000 22517568.000 23533488.000 26103168.000 26091216.000 26150976.000 23581296.000 25935840.000 26198784.000 26198784.000 999999936.000
103097952.000 104412672.000 104412672.000 104412672.000 21919968.000 21919968.000 21884112.000 17007696.000 16876224.000 16924032.000 16947936.000 16947936.000 16947936.000 16947936.000 16864272.000 13828464.000 19696896.000 22433904.000 14342400.000 14366304.000 14366304.000 14378256.000 14198976.000 14139216.000 20437920.000 21764592.000 21919968.000 20808432.000 20736720.000 21836304.000 21836304.000 19792512.000 17282592.000 17999712.000 18155088.000 18155088.000 999999936.000
104412672.000 104412672.000 104412672.000 104412672.000 23641056.000 23641056.000 23605200.000 18382176.000 18238752.000 18322416.000 17414064.000 15812496.000 16015680.000 15190992.000 15131232.000 12418128.000 17641152.000 20055456.000 12884256.000 12896208.000 12896208.000 12896208.000 12764736.000 12704976.000 19171008.000 19386144.000 19517616.000 19386144.000 19338336.000 19445904.000 19445904.000 21645072.000 22792464.000 23031504.000 23318352.000 23318352.000 999999936.000
87010560.000 87010560.000 87010560.000 87010560.000 20557440.000 20557440.000 20509632.000 15979824.000 15860304.000 15920064.000 16816464.000 18418032.000 18214848.000 19039536.000 18967824.000 15513696.000 22087296.000 25158960.000 16123248.000 16183008.000 16183008.000 16183008.000 15991776.000 15920064.000 24884064.000 24214752.000 24358176.000 25015536.000 24943824.000 24286464.000 24286464.000 24358176.000 24955776.000 24143040.000 24298416.000 22027536.000 999999936.000
104412672.000 104412672.000 104412672.000 103599936.000 21262608.000 21358224.000 20939904.000 16266672.000 16147152.000 16206912.000 16206912.000 16206912.000 16206912.000 16206912.000 16147152.000 13135248.000 18836352.000 21453840.000 13661136.000 13720896.000 13720896.000 13720896.000 13553568.000 13493808.000 21776544.000 20581344.000 20712816.000 21752640.000 21704832.000 20653056.000 20653056.000 20712816.000 21692880.000 20533536.000 20832336.000 23103216.000 999999936.000
87010560.000 87010560.000 87010560.000 87823296.000 25111152.000 25015536.000 25302384.000 19577376.000 19433952.000 19505664.000 19505664.000 19505664.000 19505664.000 19505664.000 19433952.000 15776640.000 22732704.000 25947792.000 16422048.000 16493760.000 16493760.000 16493760.000 16278624.000 14940000.000 24083280.000 22111200.000 20796480.000 22230720.000 22170960.000 20736720.000 20736720.000 20796480.000 22170960.000 20617200.000 20856240.000 20856240.000 999999936.000
104412672.000 87644016.000 87010560.000 87010560.000 21155040.000 21155040.000 21095280.000 16314480.000 16194960.000 16254720.000 16254720.000 16254720.000 16254720.000 16254720.000 16194960.000 13147200.000 18943920.000 21633120.000 13685040.000 13744800.000 13744800.000 13744800.000 13565520.000 14772672.000 25206768.000 23378112.000 24955776.000 26880048.000 26808336.000 24884064.000 24884064.000 24955776.000 26808336.000 24740640.000 25027488.000 25027488.000 999999936.000
87010560.000 103779216.000 104412672.000 104412672.000 25409952.000 25409952.000 25338240.000 17007696.000 16947936.000 16302528.000 16302528.000 16302528.000 16302528.000 16302528.000 16242768.000 13278672.000 18967824.000 21645072.000 13816512.000 13852368.000 13852368.000 13864320.000 13696992.000 13637232.000 22529520.000 20700864.000 20820384.000 22410000.000 22350240.000 20760624.000 20760624.000 20820384.000 22350240.000 20641104.000 20880144.000 20880144.000 999999936.000
87010560.000 87010560.000 87010560.000 87010560.000 21394080.000 21394080.000 21334320.000 19374192.000 19171008.000 19947888.000 19947888.000 19947888.000 19947888.000 19947888.000 19876176.000 16481808.000 23067360.000 26186832.000 17079408.000 17103312.000 17103312.000 17115264.000 16935984.000 16577424.000 24680880.000 23127120.000 21035520.000 22421952.000 22362192.000 20975760.000 20975760.000 21035520.000 22362192.000 20856240.000 21095280.000 21095280.000 999999936.000
87010560.000 87010560.000 87010560.000 87010560.000 21872160.000 21872160.000 21824352.000 17402112.000 17282592.000 17342352.000 17342352.000 17342352.000 17342352.000 17342352.000 17282592.000 14617296.000 19816416.000 22314384.000 15071472.000 15095376.000 15095376.000 15095376.000 14975856.000 15202944.000 25051392.000 23569344.000 25935840.000 27119088.000 27047376.000 25864128.000 25864128.000 25935840.000 27035424.000 22194864.000 23222736.000 21585312.000 999999936.000
87010560.000 87010560.000 87010560.000 87010560.000 22780512.000 22780512.000 22732704.000 18549504.000 18429984.000 18489744.000 18489744.000 18501696.000 18501696.000 18501696.000 18441936.000 16027632.000 20832336.000 23222736.000 16398144.000 16410096.000 16410096.000 16410096.000 16290576.000 16218864.000 23115168.000 22589280.000 22732704.000 23103216.000 23043456.000 22672944.000 22672944.000 22744656.000 23055408.000 24764544.000 22744656.000 24298416.000 999999936.000
104412672.000 104412672.000 104412672.000 104412672.000 21776544.000 21979728.000 22027536.000 18190944.000 18107280.000 18167040.000 18167040.000 18143136.000 18131184.000 18131184.000 18143136.000 15943968.000 20270592.000 22469760.000 16159104.000 16230816.000 14163120.000 13768704.000 13386240.000 13159152.000 18394128.000 18274608.000 18382176.000 18453888.000 18394128.000 18334368.000 18334368.000 18382176.000 18394128.000 19577376.000 21202848.000 19708848.000 999999936.000
104412672.000 104412672.000 91970640.000 87010560.000 19493712.000 19374192.000 19374192.000 16159104.000 16099344.000 16111296.000 16111296.000 16111296.000 16123248.000 16123248.000 16099344.000 14306544.000 17892144.000 19756656.000 14461920.000 14521680.000 16649136.000 17043552.000 17079408.000 16661088.000 23198832.000 22888080.000 23043456.000 23246640.000 23174928.000 22971744.000 22971744.000 23031504.000 23186880.000 22888080.000 23091264.000 22947840.000 999999936.000
87010560.000 87010560.000 99452592.000 104412672.000 25123104.000 25481664.000 24931872.000 17999712.000 17963856.000 17617248.000 17617248.000 17617248.000 17617248.000 17617248.000 17593344.000 15633216.000 19517616.000 21525552.000 15836400.000 15896160.000 15932016.000 15896160.000 15752736.000 15489792.000 21119184.000 21047472.000 21166992.000 21178944.000 21119184.000 21107232.000 21107232.000 21166992.000 21131136.000 21047472.000 21226752.000 21035520.000 999999936.000
87010560.000 87010560.000 87010560.000 87010560.000 22469760.000 22553424.000 23103216.000 22206816.000 19194912.000 20521584.000 18657072.000 18657072.000 18657072.000 18657072.000 18597312.000 16493760.000 20676960.000 22780512.000 16744752.000 16804512.000 16828416.000 16816464.000 16661088.000 16469856.000 22362192.000 22302432.000 22421952.000 22421952.000 22362192.000 22362192.000 22362192.000 22421952.000 22362192.000 22278528.000 22469760.000 22278528.000 999999936.000
87010560.000 87010560.000 87010560.000 87010560.000 20366208.000 20402064.000 20402064.000 17007696.000 19780560.000 20079360.000 21824352.000 21489696.000 21657024.000 21609216.000 20760624.000 20414016.000 23091264.000 25505568.000 18657072.000 19732752.000 18776592.000 18382176.000 16768656.000 16063488.000 21692880.000 21633120.000 21740688.000 21740688.000 20282544.000 20234736.000 20294496.000 20354256.000 20294496.000 20246688.000 20425968.000 20246688.000 999999936.000
104412672.000 104412672.000 104412672.000 104412672.000 20808432.000 20892096.000 20892096.000 17414064.000 17378208.000 17402112.000 17378208.000 17378208.000 17378208.000 17378208.000 17378208.000 17151120.000 16410096.000 17605296.000 12920112.000 12955968.000 13003776.000 13242816.000 14557536.000 15047568.000 20593296.000 20533536.000 20605248.000 20605248.000 20521584.000 20449872.000 20724768.000 20796480.000 20724768.000 20665008.000 20892096.000 20665008.000 999999936.000
104412672.000 104412672.000 94396896.000 87010560.000 19075392.000 18597312.000 18597312.000 15573456.000 15453936.000 15501744.000 15513696.000 15501744.000 15501744.000 15501744.000 15453936.000 20581344.000 20019600.000 22625136.000 16625232.000 16673040.000 16744752.000 16684992.000 16469856.000 16398144.000 22206816.000 22123152.000 22230720.000 22218768.000 22135104.000 22063392.000 22266576.000 22338288.000 22278528.000 22194864.000 22410000.000 22206816.000 999999936.000
87010560.000 87010560.000 97026336.000 104412672.000 22577328.000 23174928.000 23186880.000 19422000.000 19290528.000 19350288.000 19350288.000 19350288.000 19350288.000 19350288.000 19290528.000 20605248.000 21465792.000 23653008.000 17378208.000 17426016.000 17497728.000 17426016.000 17246736.000 15430032.000 19768608.000 20318400.000 19326384.000 19326384.000 19218816.000 19171008.000 19254672.000 19314432.000 19254672.000 19194912.000 19374192.000 19194912.000 999999936.000
104412672.000 104412672.000 87022512.000 87010560.000 19935936.000 19696896.000 19696896.000 16469856.000 16350336.000 16410096.000 16410096.000 16398144.000 16410096.000 16410096.000 16350336.000 17390160.000 18226800.000 20115216.000 14689008.000 14748768.000 14808528.000 14748768.000 14569488.000 16254720.000 23127120.000 22445856.000 23676912.000 23676912.000 23533488.000 23461776.000 23509584.000 23581296.000 23509584.000 23437872.000 23653008.000 23437872.000 999999936.000
87010560.000 87010560.000 104400720.000 104412672.000 23366160.000 23736672.000 23736672.000 19792512.000 19649088.000 19720800.000 19720800.000 19720800.000 19720800.000 19720800.000 19649088.000 17844336.000 21943872.000 22947840.000 15513696.000 15107328.000 14820480.000 14760720.000 14581440.000 14521680.000 19780560.000 19720800.000 19840320.000 19840320.000 19720800.000 19661040.000 19661040.000 19720800.000 19661040.000 19601280.000 19780560.000 19601280.000 999999936.000
97420752.000 87010560.000 87010560.000 87010560.000 19720800.000 19780560.000 19780560.000 16493760.000 16374240.000 16434000.000 16434000.000 16434000.000 16434000.000 16434000.000 16374240.000 22553424.000 18286560.000 21489696.000 16828416.000 17366256.000 17784576.000 17712864.000 17497728.000 17426016.000 23736672.000 23664960.000 23808384.000 23808384.000 23664960.000 23593248.000 23593248.000 23664960.000 23593248.000 23521536.000 23736672.000 23521536.000 999999936.000
94002480.000 104412672.000 104412672.000 104412672.000 23712768.000 23784480.000 23784480.000 19218816.000 17270640.000 17665056.000 16517664.000 16517664.000 16517664.000 16517664.000 16457904.000 20318400.000 18334368.000 20222784.000 14832432.000 14880240.000 14940000.000 14880240.000 14712912.000 14653152.000 19804464.000 19744704.000 19864224.000 19864224.000 19744704.000 19684944.000 19708848.000 19768608.000 19708848.000 19649088.000 19828368.000 19649088.000 999999936.000
87010560.000 87010560.000 87010560.000 87010560.000 20043504.000 20103264.000 20103264.000 17653104.000 19374192.000 19075392.000 20222784.000 20222784.000 20222784.000 20222784.000 20186928.000 26963712.000 22338288.000 24573312.000 18298512.000 18322416.000 18394128.000 18322416.000 18155088.000 18083376.000 24083280.000 24011568.000 22732704.000 20402064.000 19971792.000 19912032.000 19983744.000 20043504.000 19983744.000 19923984.000 20103264.000 19923984.000 999999936.000
87823296.000 87010560.000 87010560.000 87010560.000 20629152.000 20688912.000 20688912.000 17653104.000 17581392.000 17593344.000 17593344.000 17593344.000 17593344.000 17593344.000 17581392.000 25613136.000 19266624.000 21071376.000 16075440.000 16111296.000 16171056.000 16111296.000 15967872.000 15908112.000 20700864.000 20641104.000 22159008.000 24477696.000 24680880.000 24609168.000 24776496.000 24860160.000 24788448.000 24716736.000 24931872.000 24716736.000 999999936.000
87082272.000 87010560.000 87010560.000 87010560.000 21657024.000 21728736.000 21728736.000 18848304.000 18776592.000 18788544.000 18788544.000 18788544.000 18752688.000 18716832.000 18716832.000 29389968.000 20294496.000 22027536.000 17354304.000 17354304.000 17414064.000 17354304.000 17234784.000 17175024.000 21680928.000 21621168.000 21728736.000 21728736.000 21633120.000 21597264.000 21824352.000 21884112.000 21824352.000 21764592.000 21943872.000 21764592.000 999999936.000
103528224.000 104412672.000 104412672.000 104412672.000 20868192.000 20987712.000 21131136.000 18513648.000 18334368.000 18370224.000 18477792.000 18489744.000 17222832.000 17449920.000 17414064.000 27836208.000 18812448.000 20318400.000 16159104.000 15752736.000 16302528.000 16159104.000 16003728.000 16039584.000 19983744.000 19900080.000 20019600.000 19672992.000 17175024.000 16673040.000 16493760.000 16565472.000 16493760.000 16434000.000 16673040.000 16517664.000 1000011888.000
104412672.000 104412672.000 104412672.000 91444752.000 18704880.000 18776592.000 18657072.000 16457904.000 16302528.000 16362288.000 16434000.000 16434000.000 16374240.000 16434000.000 16434000.000 26150976.000 17677008.000 19039536.000 15322464.000 14975856.000 15418080.000 15334416.000 15202944.000 15190992.000 18764640.000 18704880.000 18788544.000 19123200.000 21501648.000 21955824.000 22445856.000 22517568.000 22445856.000 22374144.000 22601232.000 22410000.000 999999936.000
87010560.000 87010560.000 87010560.000 99978480.000 24143040.000 24334272.000 24597216.000 21692880.000 21549456.000 20665008.000 17963856.000 17963856.000 17904096.000 17820432.000 17820432.000 28242576.000 19159056.000 20629152.000 16637184.000 16374240.000 16708896.000 16649136.000 16517664.000 16481808.000 20354256.000 20294496.000 20354256.000 20366208.000 20294496.000 20282544.000 20521584.000 20569392.000 20521584.000 20461824.000 20641104.000 20473776.000 999999936.000
87010560.000 87010560.000 87010560.000 87010560.000 21561408.000 21680928.000 21752640.000 19171008.000 19051488.000 19696896.000 19015632.000 19015632.000 18955872.000 18740736.000 18752688.000 29784384.000 20198880.000 21716784.000 17497728.000 17306496.000 17593344.000 17485776.000 17378208.000 17318448.000 21453840.000 21394080.000 21453840.000 21453840.000 21406032.000 21358224.000 21609216.000 21668976.000 21609216.000 21561408.000 21740688.000 21573360.000 999999936.000
91253520.000 87010560.000 87010560.000 87010560.000 18202896.000 18334368.000 18370224.000 16159104.000 16027632.000 16469856.000 20043504.000 20043504.000 19971792.000 19840320.000 20174976.000 31445712.000 22457808.000 22852224.000 19422000.000 18274608.000 18489744.000 18167040.000 18226800.000 17724816.000 21358224.000 21286512.000 21370176.000 21358224.000 21262608.000 21286512.000 21513600.000 21597264.000 21513600.000 21429936.000 21597264.000 21441888.000 999999936.000
100169712.000 104412672.000 104412672.000 104412672.000 20115216.000 20270592.000 20270592.000 17892144.000 17748720.000 17820432.000 17904096.000 17904096.000 17820432.000 17617248.000 17617248.000 27931824.000 18931968.000 20342304.000 16398144.000 16326432.000 16493760.000 16625232.000 16278624.000 16410096.000 20306448.000 20234736.000 20294496.000 20222784.000 17497728.000 17581392.000 16947936.000 17007696.000 16959888.000 16900128.000 17019648.000 16900128.000 999999936.000
104412672.000 104412672.000 104412672.000 104412672.000 21489696.000 21621168.000 21621168.000 18155088.000 16063488.000 16051536.000 15884208.000 15884208.000 15824448.000 15597360.000 15597360.000 24645024.000 16756704.000 18023616.000 14521680.000 14473872.000 14605344.000 14641200.000 14426064.000 14461920.000 17892144.000 17844336.000 17904096.000 17975808.000 20569392.000 20473776.000 21561408.000 21633120.000 21561408.000 21477744.000 21621168.000 21489696.000 999999936.000
87010560.000 87010560.000 87010560.000 87010560.000 18537552.000 18657072.000 18657072.000 17449920.000 19278576.000 19410048.000 19720800.000 19720800.000 19649088.000 19386144.000 19386144.000 30621024.000 20808432.000 22398048.000 18059472.000 17987760.000 18131184.000 18119232.000 17916048.000 17904096.000 22147056.000 22075344.000 22147056.000 22147056.000 22075344.000 22075344.000 22350240.000 22421952.000 22350240.000 22278528.000 19266624.000 18824400.000 999999936.000
104412672.000 104412672.000 104412672.000 104412672.000 22541472.000 22433904.000 19254672.000 16983792.000 16541568.000 16601328.000 16661088.000 16661088.000 16601328.000 16362288.000 16362288.000 26019504.000 17605296.000 18955872.000 15226848.000 15167088.000 15286608.000 15238800.000 15107328.000 15059520.000 18680976.000 18621216.000 18680976.000 18680976.000 18621216.000 18621216.000 18860256.000 18920016.000 18860256.000 18800496.000 22075344.000 22254624.000 999999936.000
87010560.000 87010560.000 87010560.000 87010560.000 18824400.000 19194912.000 22374144.000 19684944.000 19864224.000 19935936.000 20007648.000 20007648.000 19935936.000 19649088.000 19649088.000 31397904.000 21155040.000 22804416.000 18286560.000 18214848.000 18358272.000 18286560.000 18143136.000 18071424.000 22445856.000 22374144.000 22445856.000 22445856.000 22374144.000 22063392.000 19242720.000 19242720.000 18884160.000 18824400.000 18943920.000 18824400.000 999999936.000
104412672.000 104412672.000 104412672.000 95245488.000 19111248.000 19254672.000 18943920.000 16673040.000 16553520.000 16613280.000 16673040.000 16673040.000 16613280.000 16374240.000 16374240.000 26174880.000 17629200.000 19003680.000 15238800.000 15179040.000 15310512.000 15250752.000 15131232.000 15071472.000 18704880.000 18645120.000 18704880.000 18704880.000 18645120.000 18955872.000 22302432.000 22433904.000 22660992.000 22589280.000 22732704.000 22589280.000 999999936.000
87010560.000 87010560.000 87010560.000 96177744.000 22398048.000 22517568.000 22828320.000 20163024.000 20019600.000 20091312.000 20163024.000 20163024.000 20091312.000 19840320.000 19840320.000 31433760.000 21286512.000 22900032.000 18489744.000 18418032.000 18561456.000 18549504.000 18358272.000 18334368.000 19469808.000 19864224.000 18812448.000 18812448.000 18752688.000 18752688.000 18979776.000 19039536.000 18979776.000 18920016.000 19039536.000 18920016.000 999999936.000
104412672.000 91779408.000 87010560.000 87010560.000 19242720.000 19362240.000 19362240.000 17222832.000 17103312.000 17163072.000 17222832.000 17222832.000 17163072.000 16947936.000 16947936.000 26378064.000 18119232.000 19433952.000 15884208.000 15824448.000 15943968.000 15979824.000 15776640.000 15800544.000 22386096.000 21860208.000 23043456.000 23043456.000 22971744.000 22971744.000 23234688.000 23306400.000 23234688.000 23162976.000 23306400.000 23162976.000 999999936.000
87010560.000 99643824.000 104412672.000 97803216.000 20461824.000 20641104.000 20031552.000 17987760.000 17868240.000 17928000.000 17987760.000 17987760.000 17939952.000 17724816.000 17724816.000 26844192.000 18836352.000 20103264.000 16708896.000 16649136.000 16768656.000 16912080.000 16589376.000 16732800.000 19995696.000 19935936.000 19995696.000 19995696.000 19935936.000 19935936.000 20151072.000 20210832.000 20151072.000 20091312.000 20210832.000 20091312.000 999999936.000
87010560.000 87010560.000 87010560.000 88827264.000 21238704.000 21394080.000 21178944.000 19266624.000 19147104.000 19218816.000 19278576.000 19278576.000 19218816.000 19039536.000 19039536.000 27692784.000 20091312.000 21250656.000 18047520.000 17975808.000 18071424.000 18310464.000 17916048.000 18131184.000 21214800.000 21155040.000 21238704.000 21238704.000 21178944.000 21178944.000 21358224.000 21417984.000 21358224.000 21298464.000 21417984.000 21298464.000 999999936.000
104412672.000 104412672.000 87763536.000 91803312.000 19768608.000 19720800.000 20688912.000 18752688.000 18429984.000 18764640.000 18967824.000 18967824.000 18776592.000 18680976.000 18669024.000 25374096.000 19589328.000 20724768.000 16457904.000 16314480.000 16876224.000 16995744.000 16661088.000 16768656.000 19541520.000 19529568.000 19541520.000 19577376.000 19505664.000 19505664.000 19720800.000 19732752.000 19720800.000 19732752.000 19804464.000 19744704.000 999999936.000
87010560.000 87010560.000 103659696.000 104412672.000 21692880.000 22051440.000 22135104.000 20246688.000 19804464.000 20258640.000 20414016.000 20402064.000 20270592.000 20186928.000 20127168.000 23593248.000 21071376.000 22206816.000 18967824.000 18525600.000 15967872.000 16135200.000 15788592.000 15932016.000 18429984.000 18429984.000 18477792.000 18477792.000 18418032.000 18418032.000 18561456.000 18633168.000 18561456.000 18549504.000 18621216.000 18549504.000 999999936.000
87010560.000 87010560.000 87010560.000 87010560.000 19995696.000 20151072.000 20222784.000 18537552.000 18238752.000 18537552.000 18657072.000 18657072.000 18537552.000 18441936.000 18382176.000 30728592.000 19230768.000 20294496.000 17366256.000 17473824.000 20916000.000 21131136.000 20688912.000 20880144.000 24131088.000 24131088.000 24047424.000 21238704.000 20390112.000 19995696.000 20151072.000 20210832.000 20151072.000 20115216.000 20210832.000 20115216.000 999999936.000
87010560.000 87010560.000 87010560.000 87010560.000 21059424.000 21226752.000 21286512.000 19529568.000 19302480.000 19529568.000 19649088.000 19649088.000 19517616.000 19433952.000 19386144.000 27023472.000 20270592.000 21358224.000 18262656.000 18095328.000 18382176.000 18561456.000 18167040.000 18346320.000 21214800.000 21214800.000 21274560.000 20641104.000 21107232.000 21059424.000 21226752.000 21274560.000 21238704.000 21178944.000 21298464.000 21190896.000 999999936.000
104412672.000 104412672.000 104412672.000 93608064.000 17904096.000 18334368.000 18011664.000 16445952.000 16374240.000 16445952.000 16529616.000 16541568.000 16445952.000 16398144.000 16374240.000 22780512.000 17091360.000 18083376.000 15848352.000 15298560.000 16517664.000 16589376.000 15896160.000 15979824.000 17844336.000 17832384.000 18059472.000 21549456.000 21740688.000 22182912.000 22338288.000 22421952.000 22338288.000 22338288.000 22410000.000 22206816.000 999999936.000
104412672.000 102273264.000 87010560.000 97815168.000 19242720.000 19445904.000 19888128.000 18202896.000 18155088.000 18202896.000 18298512.000 18286560.000 18202896.000 18143136.000 18143136.000 25135056.000 18896112.000 19971792.000 17103312.000 16947936.000 17103312.000 17258688.000 16924032.000 17103312.000 19720800.000 19720800.000 19804464.000 19828368.000 19768608.000 19768608.000 19888128.000 19959840.000 19888128.000 19888128.000 19959840.000 19637136.000 999999936.000
87010560.000 89149968.000 104412672.000 104412672.000 20832336.000 21155040.000 21226752.000 19433952.000 19386144.000 19433952.000 19553472.000 19565424.000 19445904.000 19374192.000 19374192.000 26760528.000 20198880.000 21322368.000 18250704.000 18119232.000 18262656.000 18429984.000 18071424.000 18262656.000 21095280.000 20999664.000 17784576.000 17856288.000 17509680.000 17509680.000 17641152.000 17688960.000 17641152.000 17641152.000 17700912.000 17485776.000 999999936.000
104412672.000 104412672.000 104412672.000 89365104.000 18334368.000 18800496.000 18298512.000 16756704.000 16696944.000 16756704.000 16852320.000 16852320.000 16756704.000 16696944.000 16696944.000 23055408.000 17378208.000 18382176.000 15716880.000 15597360.000 15716880.000 15896160.000 15537600.000 15716880.000 18190944.000 18286560.000 21645072.000 21573360.000 21788496.000 21788496.000 21931920.000 22003632.000 21931920.000 21931920.000 22003632.000 21824352.000 999999936.000
87010560.000 87010560.000 87010560.000 102058128.000 21645072.000 21621168.000 22254624.000 20342304.000 20270592.000 20342304.000 20485728.000 20485728.000 20342304.000 20270592.000 20270592.000 28146960.000 21131136.000 22326336.000 19063440.000 18920016.000 19063440.000 19278576.000 18848304.000 19063440.000 18920016.000 18680976.000 18477792.000 18477792.000 18418032.000 18418032.000 18537552.000 18597312.000 18537552.000 18537552.000 18597312.000 18537552.000 999999936.000
104412672.000 104412672.000 91169856.000 87010560.000 18680976.000 18525600.000 18585360.000 16971840.000 16912080.000 16971840.000 17091360.000 17091360.000 16971840.000 16912080.000 16912080.000 23545440.000 17629200.000 18645120.000 15896160.000 15776640.000 15896160.000 16075440.000 15716880.000 15896160.000 21657024.000 21896064.000 22230720.000 22230720.000 22159008.000 22159008.000 22302432.000 22374144.000 22302432.000 22302432.000 22374144.000 22302432.000 999999936.000
87010560.000 87010560.000 100253376.000 104412672.000 21680928.000 22230720.000 22302432.000 20366208.000 20306448.000 20366208.000 20509632.000 20509632.000 20378160.000 20306448.000 20306448.000 24752592.000 21155040.000 22374144.000 19087344.000 18549504.000 15896160.000 16075440.000 15716880.000 15896160.000 18465840.000 18465840.000 18525600.000 18525600.000 18465840.000 18465840.000 18585360.000 18645120.000 18585360.000 18585360.000 18645120.000 18585360.000 999999936.000
104412672.000 87428880.000 87010560.000 87010560.000 18429984.000 18633168.000 18692928.000 17115264.000 17055504.000 17115264.000 17222832.000 17222832.000 17115264.000 17055504.000 17055504.000 27095184.000 17760672.000 18752688.000 16075440.000 16350336.000 19266624.000 19481760.000 19051488.000 19266624.000 22266576.000 22266576.000 22338288.000 22338288.000 22266576.000 22266576.000 22410000.000 22481712.000 22410000.000 22410000.000 22481712.000 22386096.000 999999936.000
87010560.000 103994352.000 104412672.000 104412672.000 22553424.000 22828320.000 22900032.000 20653056.000 17975808.000 18023616.000 17593344.000 17593344.000 17497728.000 17461872.000 17461872.000 23808384.000 18119232.000 19087344.000 16493760.000 16374240.000 16493760.000 16649136.000 16326432.000 16493760.000 18908064.000 18908064.000 18967824.000 18967824.000 18908064.000 18908064.000 19027584.000 19087344.000 19027584.000 19027584.000 19087344.000 18955872.000 999999936.000
87010560.000 87010560.000 87010560.000 87010560.000 19553472.000 19816416.000 19876176.000 18860256.000 21417984.000 21489696.000 22111200.000 22111200.000 22015584.000 21943872.000 21943872.000 27585216.000 22732704.000 23844240.000 20880144.000 20700864.000 17282592.000 17426016.000 17127216.000 17282592.000 19589328.000 19589328.000 19649088.000 19649088.000 19601280.000 19601280.000 19708848.000 19780560.000 19720800.000 19720800.000 19780560.000 19565424.000 999999936.000
